MonthId,Year,Month,WaterYear,WaterMonth,WaterDay,WaterWeek,CC_Factor,SampleCC_Factor,SampleFlowUnadjusted,SampleFlow,Impact_2070,Flow,EWRChannelA,EWRChannelC,EWRChannelD,EWRChannelE,EWRChannelFG,EWRTotal,EWRProportion,FlowCanal,FlowSpill,SpillChannelA,SpillChannelC,SpillChannelD,SpillChannelE,SpillChannelFG,FlowChannelA,FlowChannelC,FlowChannelD,FlowChannelE,FlowChannelFG,FlowLeftChannel,Turbines,FlowTurbine1,FlowTurbine2,FlowTurbine3,FlowTurbine4,LevelTailwater,LevelHeadpond,HeadlossLeftChannel,HeadlossCanal,LevelForebay,HeadlossTurbine1,HeadlossTurbine2,HeadlossTurbine3,HeadlossTurbine4,HeadTurbine1,HeadTurbine2,HeadTurbine3,HeadTurbine4,EffTurbine1,EffTurbine2,EffTurbine3,EffTurbine4,LoadFactorTurbine1,LoadFactorTurbine2,LoadFactorTurbine3,LoadFactorTurbine4,EffGen1,EffGen2,EffGen3,EffGen4,PowerTurbine1,PowerTurbine2,PowerTurbine3,PowerTurbine4,Power,PerfMwPerCumec,Power_max,Power_min,Turbines_max,Turbines_min,Energy,Days,CapFactor
2017.1,2017.0,10.0,2017.0,1.0,16.0,2.7419354838709675,0.3375000000000002,0.0,339.147621809189,339.147621809189,-0.16000000000000006,320.8336502314928,41.74193548387097,6.354838709677419,5.032258064516129,2.6774193548387095,56.774193548387096,112.58064516129032,0.35091392313372444,208.25300507020242,0.0,0.0,0.0,0.0,0.0,0.0,41.74193548387097,6.354838709677419,5.032258064516129,2.6774193548387095,56.774193548387096,261.38203732826696,1.0,208.25300507020242,,,,964.9609093061391,990.0,0.12876156221233956,0.01185636658759909,989.8593820712003,0.3080459356173547,,,,24.59042682944361,,,,0.9370967741935485,,,,0.8330120202808096,,,,0.9745161290322579,,,,45.893191981040516,,,,45.893191981040516,0.14303551861484187,50.80133105474869,41.111261111610155,1,1,34144.53483389414,31,0.2549621776724473
2017.11,2017.0,11.0,2017.0,2.0,46.5,7.066666666666666,0.3375000000000002,0.0,441.6110130636025,441.6110130636025,-0.2000000000000001,411.80226968180943,42.0,7.0,6.0,3.0,56.0,114.0,0.28132417505399354,297.80226968180943,0.0,0.0,0.0,0.0,0.0,0.0,42.0,7.0,6.0,3.0,56.0,352.80226968180943,1.6,198.44575774201584,165.59418656632258,,,965.3220008484092,990.0,0.15912252498657878,0.029560453936361874,989.811317021077,0.2925730494842943,0.19766630105635852,,,24.196743123183772,24.13430536941587,,,0.9306666666666669,0.9227777777777777,,,0.7937830309680635,0.6623767462652902,,,0.9739999999999998,0.9700000000000001,,,42.85736617859585,35.08034622782132,,,63.90557391528864,0.15452445397469733,87.07715340676884,51.559684150999225,2,1,46012.01321900784,30,0.3550309661960481
2017.12,2017.0,12.0,2017.0,3.0,77.0,11.419354838709678,0.3375000000000002,0.0,709.6044851996053,709.6044851996053,-0.16999999999999996,668.890927861278,44.0,8.0,6.0,4.0,64.0,126.0,0.19128923378473053,542.8909278612778,0.0,0.0,0.0,0.0,0.0,0.0,44.0,8.0,6.0,4.0,64.0,600.8909278612778,2.4516129032258065,224.352653795223,224.352653795223,208.55387345684207,,966.4437723007625,990.0,0.2657324546652938,0.08926880304462428,989.6449987422898,0.35935816577456015,0.35935816577456015,0.3086384714579191,,22.84186827575278,22.84186827575278,22.45602850044333,,0.9374193548387095,0.9374193548387095,0.9328571428571426,,0.8974106151808918,0.8974106151808918,0.8342154938273684,,0.9761290322580644,0.9761290322580644,0.972857142857143,,46.056873658684864,46.056873658684864,41.69194993335742,,110.94236986791822,0.16572335352633585,134.71995714525372,87.10481707075256,3,2,82541.12318173116,31,0.6163464992662124
2018.01,2018.0,1.0,2017.0,4.0,108.0,15.870967741935484,0.3499999999999998,0.0,1379.7009392431014,1379.7009392431014,-0.17999999999999997,1292.7797800707863,49.0,8.0,7.0,5.0,81.0,150.0,0.13115817027119123,912.2804253873559,230.49935468343017,18.88767414426293,3.667608318332759,6.097138998423854,7.6833118227810075,194.16362139962965,67.88767414426292,11.66760831833276,13.097138998423855,12.683311822781006,275.1636213996297,1004.9328468483754,3.6129032258064515,251.0519267554556,251.0519267554556,251.0519267554556,259.6244209868769,968.777672109104,990.0,0.6273329718278579,0.3114391518491302,989.061227876323,0.4498199597922664,0.4498199597922664,0.4498199597922664,0.48036405200353716,19.833735807426493,19.833735807426493,19.833735807426493,18.58838652819466,0.9350511493179324,0.9350511493179324,0.9350511493179324,0.9319255594134689,1.004207707021823,1.004207707021823,1.004207707021823,1.0384976839475075,0.9796774193548391,0.9796774193548391,0.9796774193548391,0.9794736842105265,44.400158575894565,44.400158575894565,44.400158575894565,42.923499955955805,159.5084273135921,0.13599939117757887,188.48013520799583,131.1411946348797,4,3,118674.26992131252,31,0.8861579295199561
2018.02,2018.0,2.0,2017.0,5.0,137.5,20.071428571428573,0.3499999999999998,0.0,2261.3899190335737,2261.3899190335737,-0.16000000000000006,2134.7520835676933,53.285714285714285,9.428571428571429,9.142857142857142,7.142857142857143,108.0,187.0,0.0875854923077736,1100.0,847.7520835676942,46.714285714285715,8.571428571428571,15.857142857142858,32.03409211875937,744.5751343060773,100.0,18.0,25.0,39.17694926161651,852.5751343060774,1243.0,4.0,275.0,275.0,275.0,275.0,971.5042407329723,990.0,0.9219672131147545,0.4800000000000003,988.5980327868855,0.5349347800000003,0.5349347800000003,0.5349347800000003,0.5349347800000003,16.558857273912896,16.558857273912896,16.558857273912896,16.558857273912896,0.9242721637401684,0.9242721637401684,0.9242721637401684,0.9242721637401684,1.1000000000000005,1.1000000000000005,1.1000000000000005,1.1000000000000005,0.9800000000000003,0.9800000000000003,0.9800000000000003,0.9800000000000003,40.463109752656706,40.463109752656706,40.463109752656706,40.463109752656706,161.85243901062682,0.07583817547467202,163.71793825586485,159.7918321785761,4,4,108764.83901514125,28,0.8991802167257047
2018.03,2018.0,3.0,2017.0,6.0,167.0,24.258064516129032,0.3499999999999998,0.0,2568.3451729394874,2568.3451729394874,-0.4100000000000001,2199.787640622671,59.0,11.0,12.0,13.0,144.0,239.0,0.10939510617510763,1100.0,860.787640622671,41.0,7.0,13.0,46.821085054789634,752.9665555678816,100.0,18.0,25.0,59.821085054789634,896.9665555678816,1243.0,4.0,275.0,275.0,275.0,275.0,971.6678191236822,990.0,0.9219672131147545,0.4800000000000003,988.5980327868855,0.5349347800000003,0.5349347800000003,0.5349347800000003,0.5349347800000003,16.395278883202973,16.395278883202973,16.395278883202973,16.395278883202973,0.9227750215483093,0.9227750215483093,0.9227750215483093,0.9227750215483093,1.1000000000000005,1.1000000000000005,1.1000000000000005,1.1000000000000005,0.9800000000000003,0.9800000000000003,0.9800000000000003,0.9800000000000003,40.00282287176188,40.00282287176188,40.00282287176188,40.00282287176188,160.01129148704752,0.07344347985050997,168.6188314936285,151.42932976539103,4,4,119048.40086636333,31,0.888951619372486
2018.04,2018.0,4.0,2017.0,7.0,197.5,28.666666666666668,0.3499999999999998,0.0,2949.089770700326,2949.089770700326,-0.2899999999999999,2649.7571589742433,70.0,14.0,18.0,25.0,168.0,295.0,0.11145465944919551,1100.0,1254.7571589742438,30.0,3.9999999999999987,7.0,55.0,1158.7571589742438,100.0,18.0,25.0,80.0,1326.7571589742438,1243.0,4.0,275.0,275.0,275.0,275.0,972.8107043641278,990.0,0.9219672131147545,0.4800000000000003,988.5980327868855,0.5349347800000003,0.5349347800000003,0.5349347800000003,0.5349347800000003,15.252393642757363,15.252393642757363,15.252393642757363,15.252393642757363,0.9127412942661345,0.9127412942661345,0.9127412942661345,0.9127412942661345,1.1000000000000005,1.1000000000000005,1.1000000000000005,1.1000000000000005,0.9800000000000003,0.9800000000000003,0.9800000000000003,0.9800000000000003,36.80677405315753,36.80677405315753,36.80677405315753,36.80677405315753,147.22709621263013,0.0556546177824109,153.00221218936534,144.33885396632385,4,4,106003.50927309369,30,0.8179283122923896
2018.05,2018.0,5.0,2017.0,8.0,228.0,33.0,0.3499999999999998,0.0,2305.9666548928913,2305.9666548928913,-0.24000000000000016,2112.265455881888,58.54838709677419,13.35483870967742,14.419354838709678,19.129032258064516,186.51612903225808,291.96774193548384,0.1406395958689685,1100.0,720.2977139464042,41.45161290322581,4.645161290322581,10.580645161290322,45.667883729563584,617.9524108620021,100.0,18.0,25.0,64.79691598762811,804.46853989426,1243.0,4.0,275.0,275.0,275.0,275.0,971.425916082383,990.0,0.9219672131147545,0.4800000000000003,988.5980327868855,0.5349347800000003,0.5349347800000003,0.5349347800000003,0.5349347800000003,16.63718192450194,16.63718192450194,16.63718192450194,16.63718192450194,0.9242769936510914,0.9242769936510914,0.9242769936510914,0.9242769936510914,1.1000000000000005,1.1000000000000005,1.1000000000000005,1.1000000000000005,0.9800000000000003,0.9800000000000003,0.9800000000000003,0.9800000000000003,40.66061090537,40.66061090537,40.66061090537,40.66061090537,162.64244362148,0.07815995405942841,174.81203634256306,152.15446203234382,4,4,121005.97805438108,31,0.9035691312304441
2018.06,2018.0,6.0,2017.0,9.0,258.5,37.333333333333336,0.3499999999999998,0.0,1309.949241387995,1309.949241387995,-0.24000000000000016,1199.9135051114033,62.0,12.0,14.0,16.0,153.0,257.0,0.22434452238865507,890.4753776874043,52.438127423999006,9.113179829495213,1.5242330601386398,2.4208308242651246,3.2646305011049974,36.11525320899503,71.11317982949522,13.52423306013864,16.420830824265124,19.264630501104996,189.11525320899503,991.5336214013033,3.6,245.46319924785297,245.46319924785297,245.46319924785297,256.8096332397425,968.5357701100774,990.0,0.6089960970856624,0.297239488624685,989.0937644142898,0.43201465605325706,0.43201465605325706,0.43201465605325706,0.4707307155327003,20.1259796481591,20.1259796481591,20.1259796481591,19.19696914022721,0.9354686081288991,0.9354686081288991,0.9354686081288991,0.9346699024370536,0.981852796991412,0.981852796991412,0.981852796991412,1.0272385329589702,0.9780000000000001,0.9780000000000001,0.9780000000000001,0.9788888888888891,44.05356384533743,44.05356384533743,44.05356384533743,44.060489543223895,158.59698526194663,0.13409890866518515,187.72789115376156,110.42900611456213,4,3,114189.82938860159,30,0.8810943625663703
2018.07,2018.0,7.0,2017.0,10.0,289.0,41.74193548387097,0.3499999999999998,0.0,663.0734681563766,663.0734681563766,-0.16999999999999996,623.6205968010722,58.0,11.0,11.0,11.0,136.0,227.0,0.37179502327981057,396.62059680107217,0.0,0.0,0.0,0.0,0.0,0.0,58.0,11.0,11.0,11.0,136.0,476.62059680107217,2.096774193548387,189.14464627728313,189.14464627728313,189.4234772138941,,966.2445388053455,990.0,0.2073628633677168,0.051180502176088764,989.7414566344562,0.26300818957682637,0.26300818957682637,0.25409552785353917,,23.233909639533906,23.233909639533906,22.365246643960734,,0.9280645161290326,0.9280645161290326,0.93,,0.7565785851091328,0.7565785851091328,0.7576939088555766,,0.9722580645161287,0.9722580645161287,0.9700000000000001,,38.83447247732346,38.83447247732346,37.48982062385054,,81.29699211179374,0.12903230884680922,114.50273797417091,57.81014191522379,3,2,60484.96213117454,31,0.4516499561766319
2018.08,2018.0,8.0,2017.0,11.0,320.0,46.12903225806452,0.3499999999999998,0.0,470.2912690172751,470.2912690172751,-0.16999999999999996,442.30893851074745,56.70967741935484,9.67741935483871,9.35483870967742,6.67741935483871,113.7741935483871,196.19354838709677,0.4470655024242634,246.11539012365049,0.0,0.0,0.0,0.0,0.0,0.0,56.70967741935484,9.67741935483871,9.35483870967742,6.67741935483871,113.7741935483871,321.8573256075216,1.2903225806451613,202.46137815260823,150.3638190113678,,,965.4480073747965,990.0,0.14884560629032081,0.01929127782336003,989.8318631158862,0.30024027978021034,0.16037310456783047,,,24.083615461309538,24.012127134721904,,,0.9322580645161292,0.9166666666666666,,,0.8098455126104326,0.601455276045471,,,0.9745161290322578,0.9699999999999999,,,43.57332419141297,31.494498021916304,,,52.716888133259644,0.11854955238564442,67.27660935822651,41.17970564189789,2,1,39221.36477114518,31,0.29287160074033136
2018.09,2018.0,9.0,2017.0,12.0,350.5,50.5,0.3499999999999998,0.0,364.2294170136458,364.2294170136458,-0.14000000000000007,346.3821755799772,48.0,8.0,7.0,4.0,79.0,146.0,0.42378699000224157,200.3821755799772,0.0,0.0,0.0,0.0,0.0,0.0,48.0,8.0,7.0,4.0,79.0,263.3821755799772,1.0,200.3821755799772,,,,965.0564075180206,990.0,0.12941560564910745,0.011173425647010337,989.8594109687039,0.28879702934282464,,,,24.514206421340372,,,,0.9343333333333333,,,,0.8015287023199088,,,,0.9739999999999998,,,,43.875662436759896,,,,43.875662436759896,0.12612763515387207,54.60843317112401,33.676960184903145,1,1,31590.476954467118,30,0.24375368020422158
2018.1,2018.0,10.0,2018.0,1.0,16.0,2.7419354838709675,0.3499999999999998,0.0,302.0466153779046,302.0466153779046,-0.16000000000000006,285.1320049167419,44.0,7.0,6.0,3.0,60.0,120.0,0.42155237574624155,165.13200491674195,0.0,0.0,0.0,0.0,0.0,0.0,44.0,7.0,6.0,3.0,60.0,222.13200491674192,1.0,165.13200491674195,,,,964.8467788506093,990.0,0.11560497217075526,0.0065132004916741955,989.8778818273373,0.1939830557070034,,,,24.83711992102141,,,,0.9241935483870973,,,,0.6605280196669677,,,,0.9699999999999995,,,,36.07300622035742,,,,36.07300622035742,0.12635297481198426,42.89576400194449,32.24480358173336,1,1,26838.316627945933,31,0.20040559011309686
2018.11,2018.0,11.0,2018.0,2.0,46.5,7.066666666666666,0.3499999999999998,0.0,371.87321242995023,371.87321242995023,-0.2000000000000001,345.84208755985384,42.0,7.0,6.0,3.0,56.0,114.0,0.33140726988591435,231.84208755985372,0.0,0.0,0.0,0.0,0.0,0.0,42.0,7.0,6.0,3.0,56.0,286.8420875598538,1.0,231.84208755985372,,,,965.0543678798373,990.0,0.13721692944792185,0.016419160991417055,989.8463639095603,0.3848783436767365,,,,24.407117686046938,,,,0.9419999999999997,,,,0.927368350239415,,,,0.9766666666666669,,,,51.081362837182226,,,,51.081362837182226,0.14728523112305547,60.36876972868118,42.45869112389501,1,1,36778.581242771186,30,0.28378534909545666
2018.12,2018.0,12.0,2018.0,3.0,77.0,11.419354838709678,0.3499999999999998,0.0,509.7578512752218,509.7578512752218,-0.16999999999999996,479.427259124346,43.29032258064516,7.645161290322581,5.645161290322581,3.6451612903225805,62.935483870967744,123.16129032258064,0.259742662751454,356.2659688017653,0.0,0.0,0.0,0.0,0.0,0.0,43.29032258064516,7.645161290322581,5.645161290322581,3.6451612903225805,62.935483870967744,412.84661396305574,1.967741935483871,182.509320928978,179.5485361352136,,,965.6101306274284,990.0,0.17906345113164215,0.04125319376035309,989.7796833551077,0.2411984750258279,0.2318787993779455,,,23.928354252653886,23.92437602419896,,,0.9280645161290325,0.9273333333333336,,,0.7300372837159121,0.7181941445408544,,,0.971290322580645,0.9709999999999998,,,38.63843850848118,37.939955847625335,,,75.35452481263472,0.15660479733839455,91.38438548365656,58.99891539114271,2,1,56063.76646060025,31,0.4186362489590819
2019.01,2019.0,1.0,2018.0,4.0,108.0,15.870967741935484,0.3625000000000001,0.0,733.7900404603047,733.7900404603047,-0.17999999999999997,685.9102403202695,46.0,7.0,6.0,4.0,76.0,139.0,0.2062141310863274,546.9102403202696,0.0,0.0,0.0,0.0,0.0,0.0,46.0,7.0,6.0,4.0,76.0,605.9102403202695,2.4193548387096775,228.54943264641048,228.54943264641048,214.1655866039158,,966.5169172735353,990.0,0.26850253386829936,0.09060014130340358,989.6408973248281,0.37301998281322535,0.37301998281322535,0.326243729592709,,22.750960068480133,22.750960068480133,22.29633485722529,,0.9390322580645162,0.9390322580645162,0.9361538461538459,,0.9141977305856418,0.9141977305856418,0.8566623464156632,,0.977741935483871,0.977741935483871,0.9761538461538464,,46.86077148421891,46.86077148421891,42.790380801844364,,111.66589620792095,0.16254182520847418,141.2398281430662,86.64819501200995,3,2,83079.4267786932,31,0.6203660900440054
2019.02,2019.0,2.0,2018.0,5.0,137.5,20.071428571428573,0.3625,0.0,1056.3485728464843,1056.3485728464843,-0.16000000000000006,995.0803556213884,49.0,8.0,7.0,5.0,93.0,162.0,0.1659077003602289,833.0803556213887,0.0,0.0,0.0,0.0,0.0,0.0,49.0,8.0,7.0,5.0,93.0,897.0803556213887,3.4285714285714284,242.70259816238286,242.70259816238286,242.70259816238286,244.93597597989353,967.7904614883172,990.0,0.48724719714059966,0.23632242638959475,989.27643037647,0.41879318298597934,0.41879318298597934,0.41879318298597934,0.42770457430875647,21.067175705166473,21.067175705166473,21.067175705166473,20.23113239968971,0.9396428571428573,0.9396428571428573,0.9396428571428573,0.9391666666666664,0.9708103926495312,0.9708103926495312,0.9708103926495312,0.9797439039195739,0.9796428571428575,0.9796428571428575,0.9796428571428575,0.9791666666666669,46.10224937736177,46.10224937736177,46.10224937736177,44.60094466361401,157.42143870220556,0.15851459943037433,191.610084494646,136.74551746474194,4,3,105787.20680788215,28,0.8745635483455866
2019.03,2019.0,3.0,2018.0,6.0,167.0,24.258064516129032,0.3625000000000001,0.0,2054.97140592138,2054.97140592138,-0.4100000000000001,1749.551280716316,52.54838709677419,9.709677419354838,10.064516129032258,10.419354838709678,120.12903225806451,202.8709677419355,0.12190622475746235,1075.9644996788284,470.71581329555175,28.266767707356465,4.92062422011353,8.476675270251201,24.981018648325392,404.07072744950506,80.81515480413066,14.63030163946837,18.54119139928346,35.40037348703507,524.1997597075695,1189.9511475217107,4.0,268.9911249197071,268.9911249197071,268.9911249197071,268.9911249197071,970.2902109577791,990.0,0.8376221083848081,0.44976569910776976,988.7126121925075,0.5125868900958243,0.5125868900958243,0.5125868900958243,0.5125868900958243,17.90981434463236,17.90981434463236,17.90981434463236,17.90981434463236,0.9298029523192207,0.9298029523192207,0.9298029523192207,0.9298029523192207,1.0759644996788291,1.0759644996788291,1.0759644996788291,1.0759644996788291,0.9800000000000003,0.9800000000000003,0.9800000000000003,0.9800000000000003,42.97681047959665,42.97681047959665,42.97681047959665,42.97681047959665,171.9072419183866,0.10854140801112466,190.7627757573937,150.78123850998736,4,4,127898.98798727963,31,0.9550402328799256
2019.04,2019.0,4.0,2018.0,7.0,197.5,28.666666666666668,0.36250000000000004,0.0,3151.845466147102,3151.845466147102,-0.2899999999999999,2820.5077115183885,70.0,14.0,18.0,25.0,168.0,295.0,0.10479463072118392,1100.0,1425.5077115183874,30.0,4.000000000000002,7.0,55.0,1329.5077115183876,100.0,18.0,25.0,80.0,1497.5077115183874,1243.0,4.0,275.0,275.0,275.0,275.0,973.2082639425748,990.0,0.9219672131147545,0.4800000000000003,988.5980327868855,0.5349347800000003,0.5349347800000003,0.5349347800000003,0.5349347800000003,14.85483406431033,14.85483406431033,14.85483406431033,14.85483406431033,0.9081745942074658,0.9081745942074658,0.9081745942074658,0.9081745942074658,1.1000000000000005,1.1000000000000005,1.1000000000000005,1.1000000000000005,0.9800000000000003,0.9800000000000003,0.9800000000000003,0.9800000000000003,35.66958648019012,35.66958648019012,35.66958648019012,35.66958648019012,142.67834592076048,0.050735142901128384,146.16197550574145,135.97500705162022,4,4,102728.40906294757,30,0.7926574773375584
2019.05,2019.0,5.0,2018.0,8.0,228.0,33.0,0.3625000000000001,0.0,2779.5934045781,2779.5934045781,-0.24000000000000016,2537.768778379806,65.0,14.0,17.0,23.0,202.0,321.0,0.13001640913477464,1100.0,1116.7687783798058,35.0,4.0,8.0,53.003308623803356,1016.7654697560022,100.0,18.0,25.0,76.00330862380336,1218.7654697560022,1243.0,4.0,275.0,275.0,275.0,275.0,972.4917681504181,990.0,0.9219672131147545,0.4800000000000003,988.5980327868855,0.5349347800000003,0.5349347800000003,0.5349347800000003,0.5349347800000003,15.57132985646703,15.57132985646703,15.57132985646703,15.57132985646703,0.9145175471654216,0.9145175471654216,0.9145175471654216,0.9145175471654216,1.1000000000000005,1.1000000000000005,1.1000000000000005,1.1000000000000005,0.9800000000000003,0.9800000000000003,0.9800000000000003,0.9800000000000003,37.67488501456525,37.67488501456525,37.67488501456525,37.67488501456525,150.699540058261,0.06181531139916053,170.09279385332863,134.1574617803519,4,4,112120.45780334616,31,0.8372196669903387
2019.06,2019.0,6.0,2018.0,9.0,258.5,37.333333333333336,0.36250000000000004,0.0,1404.1200674462066,1404.1200674462066,-0.24000000000000016,1281.9616215783865,62.0,12.0,14.0,16.0,153.0,257.0,0.21142287298530255,930.0178769244302,94.94374465395656,12.478345012095012,2.0476889411003882,3.413503028298398,5.9108946088066325,71.09331306365611,74.47834501209499,14.047688941100388,17.413503028298397,21.91089460880663,224.09331306365613,1035.9574139059239,3.6666666666666665,252.0082309756202,252.0082309756202,252.0082309756202,260.9897759963543,968.8197654146195,990.0,0.6595277884582542,0.3281088903556921,989.0123633211861,0.45397780509910585,0.45397780509910585,0.45397780509910585,0.48524737578099497,19.738620101467472,19.738620101467472,19.738620101467472,18.899838266563965,0.9354111135011742,0.9354111135011742,0.9354111135011742,0.9341166702517608,1.0080329239024808,1.0080329239024808,1.0080329239024808,1.0439591039854168,0.9786666666666668,0.9786666666666668,0.9786666666666668,0.9795000000000001,44.39744601448828,44.39744601448828,44.39744601448828,44.0971602387834,162.59044486932044,0.13008345052107645,187.28744150411012,114.95309650564009,4,3,117065.12030591072,30,0.9032802492740025
2019.07,2019.0,7.0,2018.0,10.0,289.0,41.74193548387097,0.3625000000000001,0.0,659.7797671493566,659.7797671493566,-0.16999999999999996,619.1208389987773,58.0,11.0,11.0,11.0,136.0,227.0,0.3755019788262397,392.12083899877734,0.0,0.0,0.0,0.0,0.0,0.0,58.0,11.0,11.0,11.0,136.0,472.1208389987774,2.064516129032258,191.05331667097005,188.3316696983639,194.38103373703748,,966.2243315292,990.0,0.20601943892285143,0.05040776799604359,989.7435727930813,0.2696676876015285,0.26112158002124525,0.267870410040116,,23.249573576279438,23.23814550235058,22.274926461799037,,0.9283870967741938,0.927666666666667,0.93,,0.7642132666838798,0.7533266787934553,0.7775241349481498,,0.9729032258064513,0.9726666666666663,0.9700000000000001,,39.31730691103801,38.66922258082374,38.308611331707645,,80.44642018264557,0.12845273085725697,119.34958156641156,57.589487987771825,3,1,59852.13661588831,31,0.4469245565702532
2019.08,2019.0,8.0,2018.0,11.0,320.0,46.12903225806452,0.3625000000000001,0.0,455.1949330824198,455.1949330824198,-0.16999999999999996,427.14354533121536,54.0,9.0,8.0,6.0,107.0,184.0,0.4342369375542747,243.14354533121553,0.0,0.0,0.0,0.0,0.0,0.0,54.0,9.0,8.0,6.0,107.0,314.1435453312154,1.2258064516129032,208.99400581613716,151.23367499534723,,,965.3839505445638,990.0,0.14628383424283906,0.01868793544595972,989.8350282303112,0.3192759836656758,0.16197494544956764,,,24.131801702081862,24.00204314267941,,,0.934516129032258,0.9185714285714287,,,0.8359760232645483,0.6049346999813892,,,0.9745161290322578,0.9699999999999999,,,45.1722693077477,31.728605774283135,,,52.33679319226323,0.12189945063359318,66.11626980270171,41.02451137160666,2,1,38938.57413504387,31,0.2907599621792404
2019.09,2019.0,9.0,2018.0,12.0,350.5,50.5,0.36250000000000004,0.0,349.1867752205872,349.1867752205872,-0.14000000000000007,331.4655463781425,48.0,8.0,7.0,4.0,79.0,146.0,0.44387961774695034,185.46554637814242,0.0,0.0,0.0,0.0,0.0,0.0,48.0,8.0,7.0,4.0,79.0,248.46554637814242,1.0,185.46554637814242,,,,965.0030174116503,990.0,0.12440991076955946,0.009179929550301596,989.8664101596798,0.24935602551957847,,,,24.614036722510182,,,,0.929666666666667,,,,0.7418621855125695,,,,0.9726666666666665,,,,40.530929208802185,,,,40.530929208802185,0.12146920904562003,50.90514599174181,28.880364010569302,1,1,29182.269030337575,30,0.22517182893778992
2019.1,2019.0,10.0,2019.0,1.0,16.0,2.7419354838709675,0.3625000000000001,0.0,269.61856994343685,269.61856994343685,-0.16000000000000006,253.98069288671758,44.0,7.0,6.0,3.0,60.0,120.0,0.4732267730400104,133.98069288671752,0.0,0.0,0.0,0.0,0.0,0.0,44.0,7.0,6.0,3.0,60.0,190.98069288671755,1.0,133.98069288671752,,,,964.7676044745659,990.0,0.1049934180295628,0.003398069288671747,989.8916085126817,0.12763654439725783,,,,24.996367493718807,,,,0.9109677419354838,,,,0.5359227715468696,,,,0.9699999999999995,,,,29.037992245444407,,,,29.037992245444407,0.1141541084257698,33.501286971162386,24.76173227447371,1,1,21604.266230610632,31,0.16132217914135777
2019.11,2019.0,11.0,2019.0,2.0,46.5,7.066666666666666,0.36250000000000004,0.0,279.23481391158583,279.23481391158583,-0.2000000000000001,258.99028990299587,40.0,6.0,4.0,3.0,53.0,106.0,0.41115883141196596,152.9902899029958,0.0,0.0,0.0,0.0,0.0,0.0,40.0,6.0,4.0,3.0,53.0,202.99028990299584,1.0,152.9902899029958,,,,964.7814603739872,990.0,0.10908759883056676,0.00529902899029959,989.885613372179,0.16776924766257498,,,,24.936383750529355,,,,0.9183333333333336,,,,0.6119611596119835,,,,0.9699999999999995,,,,33.352629161930864,,,,33.352629161930864,0.12833487298527405,39.62981191329012,26.561202842659178,1,1,24013.892996590224,30,0.18529238423294928
2019.12,2019.0,12.0,2019.0,3.0,77.0,11.419354838709678,0.3625000000000001,0.0,370.7869511252767,370.7869511252767,-0.16999999999999996,347.9372052621816,39.29032258064516,5.645161290322581,4.32258064516129,3.0,56.25806451612903,108.51612903225806,0.31563009503542316,239.42107622992347,0.0,0.0,0.0,0.0,0.0,0.0,39.29032258064516,5.645161290322581,4.32258064516129,3.0,56.25806451612903,288.67914074605255,1.0,239.42107622992347,,,,965.0632930390583,990.0,0.1378238966422743,0.01820140034631433,989.8439747030118,0.41400977253022075,,,,24.366671891422374,,,,0.9438709677419349,,,,0.9576843049196937,,,,0.9767741935483873,,,,52.79024454204294,,,,52.79024454204294,0.15085254169868248,60.37099373714498,37.7556840463374,1,1,39275.94193927996,31,0.2932791363446831
2020.01,2020.0,1.0,2019.0,4.0,108.0,15.870967741935484,0.375,0.0,479.2769716947329,479.2769716947329,-0.17999999999999997,446.9257761053383,36.25806451612903,5.32258064516129,4.0,3.0,51.774193548387096,100.35483870967742,0.22947127995326752,346.5709373956609,0.0,0.0,0.0,0.0,0.0,0.0,36.25806451612903,5.32258064516129,4.0,3.0,51.774193548387096,392.1515825569512,1.8709677419354838,190.12089773784243,179.6278233108287,,,965.469375445239,990.0,0.17219056247278824,0.03931418747913219,989.7884952500482,0.2649781984222075,0.23281708612691396,,,24.054141606387084,24.038273185592242,,,0.9296774193548389,0.9266666666666671,,,0.76048359095137,0.7185112932433149,,,0.9719354838709675,0.9707407407407405,,,40.62179971088671,38.10952857789737,,,73.81396976260379,0.16420491063209527,92.5275262163316,56.52766155736222,2,1,54917.5935033772,31,0.4100776097922431
2020.02,2020.0,2.0,2019.0,5.0,138.0,20.137931034482758,0.375,0.0,629.2754109338609,629.2754109338609,-0.16000000000000006,591.5188862778291,34.44827586206897,6.0,4.689655172413793,3.689655172413793,49.96551724137931,98.79310344827586,0.16855266575289696,492.7257828295533,0.0,0.0,0.0,0.0,0.0,0.0,34.44827586206897,6.0,4.689655172413793,3.689655172413793,49.96551724137931,537.8637138640361,2.1379310344827585,233.28373791276135,233.28373791276135,189.6477257792216,,966.1054498082316,990.0,0.23010519831357776,0.07195958190297332,989.6979352197839,0.38951621437035,0.38951621437035,0.254690001790093,,23.202969197181325,23.202969197181325,22.995869819525524,,0.9403448275862066,0.9403448275862066,0.93,,0.9331349516510453,0.9331349516510453,0.7585909031168864,,0.9786206896551725,0.9786206896551725,0.97,,48.883151081440374,48.883151081440374,38.59271179267791,,103.08943482393975,0.1741050746567477,117.42284204884086,90.63645687372903,3,2,71750.24663746207,29,0.5727190823552208
2020.03,2020.0,3.0,2019.0,6.0,168.0,24.419354838709676,0.375,0.0,811.760354166911,811.760354166911,-0.4100000000000001,686.9521997137487,39.225806451612904,8.0,6.645161290322581,5.290322580645161,62.03225806451613,121.19354838709677,0.17909397090887555,565.7586513266516,0.0,0.0,0.0,0.0,0.0,0.0,39.225806451612904,8.0,6.645161290322581,5.290322580645161,62.03225806451613,619.6296190685872,2.4838709677419355,232.17200127942732,232.17200127942732,209.59027412011406,,966.5236844772284,990.0,0.2758722429383113,0.09524667848083813,989.6288810785809,0.3864859869576801,0.3864859869576801,0.31331483648814357,,22.7187106143948,22.7187106143948,22.496493993334564,,0.9390322580645161,0.9390322580645161,0.9346666666666664,,0.9286880051177092,0.9286880051177092,0.8383610964804562,,0.9774193548387097,0.9774193548387097,0.9746666666666667,,47.55573085400632,47.55573085400632,42.115985331637724,,115.49016428783735,0.16782851071831437,144.47122975331357,98.17387315986856,3,2,85924.68223015098,31,0.6416120238213185
2020.04,2020.0,4.0,2019.0,7.0,198.5,28.8,0.375,0.0,1277.8733344060136,1277.8733344060136,-0.2899999999999999,1138.90460928936,45.0,11.0,10.0,10.0,72.0,148.0,0.1313532685863718,987.5293881318688,3.3752211574910236,1.0262496762641626,0.25086103197568416,0.22805548361425834,0.22805548361425834,1.64199948202266,46.02624967626416,11.250861031975683,10.22805548361426,10.22805548361426,73.64199948202264,1055.034554323723,3.8333333333333335,257.91756820431755,257.91756820431755,257.91756820431755,256.5320202226995,968.345781612671,990.0,0.6526063109313399,0.3601227787668129,988.9872709103018,0.4727558597988689,0.4727558597988689,0.4727558597988689,0.4679974809262365,20.1687334378321,20.1687334378321,20.1687334378321,19.947201812435438,0.9388885727220491,0.9388885727220491,0.9388885727220491,0.9386662872664588,1.0316702728172704,1.0316702728172704,1.0316702728172704,1.026128080890798,0.9800000000000003,0.9800000000000003,0.9800000000000003,0.9800000000000003,46.891763894967454,46.891763894967454,46.891763894967454,46.08722018666517,179.08130850712334,0.15759538099322287,193.18884104789998,148.24135528016194,4,3,128938.54212512876,30,0.9948961583729071
2020.05,2020.0,5.0,2019.0,8.0,229.0,33.12903225806452,0.375,0.0,1132.3762013071312,1132.3762013071312,-0.24000000000000016,1030.4623431894897,47.0,10.0,10.0,10.0,115.0,192.0,0.1871625603047457,838.4623431894897,0.0,0.0,0.0,0.0,0.0,0.0,47.0,10.0,10.0,10.0,115.0,905.4623431894897,3.5483870967741935,238.88638476058617,238.88638476058617,238.88638476058617,222.11169741998046,967.9392977285819,990.0,0.48399996260500766,0.22407548456827872,989.2919245528273,0.40718608980584764,0.40718608980584764,0.40718608980584764,0.35044346436693385,20.945440734438804,20.945440734438804,20.945440734438804,20.725557855569566,0.9383870967741939,0.9383870967741939,0.9383870967741939,0.9370588235294114,0.9555455390423448,0.9555455390423448,0.9555455390423448,0.8884467896799219,0.9780645161290326,0.9780645161290326,0.9780645161290326,0.9764705882352944,45.08288686096862,45.08288686096862,45.08288686096862,41.29359569998938,157.89353564419037,0.15324801589566991,178.76467687968426,143.6601408009771,4,3,117472.79051927762,31,0.8771863091343909
2020.06,2020.0,6.0,2019.0,9.0,259.5,37.5,0.375,0.0,729.6288043007842,729.6288043007842,-0.24000000000000016,663.9622119137135,45.0,10.0,9.0,9.0,88.0,161.0,0.25273386680203747,502.96221191371365,0.0,0.0,0.0,0.0,0.0,0.0,45.0,10.0,9.0,9.0,88.0,566.9622119137135,2.4,208.18921421162466,208.18921421162466,216.45945872616107,,966.4167863171417,990.0,0.25352434530427287,0.08114280403338006,989.6653328506621,0.3129222580111954,0.3129222580111954,0.3345888888705751,,22.935624275509326,22.935624275509326,22.156805154842633,,0.934,0.934,0.9358333333333331,,0.8327568568464983,0.8327568568464983,0.8658378349046442,,0.9743333333333329,0.9743333333333329,0.9758333333333336,,42.55072434127985,42.55072434127985,42.92804171003204,,102.27266536657251,0.15271957720511972,145.41772363282567,67.92693620561435,3,2,73636.31906393221,30,0.5681814742587362
2020.07,2020.0,7.0,2019.0,10.0,290.0,41.87096774193548,0.375,0.0,450.6736843378608,450.6736843378608,-0.16999999999999996,421.9432369613222,50.0,10.0,9.0,9.0,108.0,186.0,0.4434226582767709,235.94323696132227,0.0,0.0,0.0,0.0,0.0,0.0,50.0,10.0,9.0,9.0,108.0,304.94323696132227,1.1290322580645162,217.03806029054127,146.515119198553,,,965.3612283695197,990.0,0.14322838127866794,0.017334405169392345,989.8394372135518,0.3426218793159924,0.15205393245041607,,,24.135586964716516,24.050360674500855,,,0.9380645161290324,0.915,,,0.8681522411621648,0.5860604767942119,,,0.9758064516129031,0.97,,,47.12368630877168,30.682326060422362,,,51.08269612301974,0.12057668197009949,63.7693664823061,39.21353825984088,2,1,38005.525915526676,31,0.28379275623899847
2020.08,2020.0,8.0,2019.0,11.0,321.0,46.25806451612903,0.375,0.0,350.9070471136951,350.9070471136951,-0.16999999999999996,328.5367228601971,49.483870967741936,8.35483870967742,6.709677419354839,5.354838709677419,95.38709677419355,165.29032258064515,0.5073894274299805,163.2464002795519,0.0,0.0,0.0,0.0,0.0,0.0,49.483870967741936,8.35483870967742,6.709677419354839,5.354838709677419,95.38709677419355,227.79478737632607,1.0,163.2464002795519,,,,964.9901682784692,990.0,0.11746640806881803,0.006442392604572845,989.8760911993265,0.19643081125875922,,,,24.689492109598657,,,,0.9212903225806449,,,,0.6529856011182074,,,,0.9699999999999995,,,,35.391966745892084,,,,35.391966745892084,0.10674989987651735,46.243774608707845,24.704303504822498,1,1,26331.623258943713,31,0.19662203747717827
2020.09,2020.0,9.0,2019.0,12.0,351.5,50.666666666666664,0.375,0.0,281.2494019697253,281.2494019697253,-0.14000000000000007,266.4838083663147,46.0,7.0,6.0,4.0,75.0,138.0,0.5207930506692727,128.48380836631472,0.0,0.0,0.0,0.0,0.0,0.0,46.0,7.0,6.0,4.0,75.0,187.48380836631472,1.0,128.48380836631472,,,,964.8001356188222,990.0,0.10380129830669814,0.002889121947050461,989.893309579746,0.11953984880179887,,,,24.973634112122365,,,,0.9046666666666664,,,,0.5139352334652587,,,,0.9673333333333335,,,,27.595960523894757,,,,27.595960523894757,0.10283779219638572,35.88444818477368,19.261004047084587,1,1,19869.091577204217,30,0.15331089179941526
2020.1,2020.0,10.0,2020.0,1.0,16.0,2.7419354838709675,0.375,0.0,269.35745595651537,269.35745595651537,-0.16000000000000006,253.1960085991244,41.0,6.0,4.0,3.0,56.0,110.0,0.4349934407374703,143.1960085991244,0.0,0.0,0.0,0.0,0.0,0.0,41.0,6.0,4.0,3.0,56.0,194.1960085991244,1.0,143.1960085991244,,,,964.7656228805505,990.0,0.10608954838606514,0.004319600859912444,989.889590850754,0.1456353396901432,,,,24.978332630513297,,,,0.9138709677419359,,,,0.5727840343964978,,,,0.9699999999999995,,,,31.10951162387279,,,,31.10951162387279,0.12273604391953408,35.52365903958372,28.456050087900596,1,1,23145.476648161348,31,0.17283062013262654
2020.11,2020.0,11.0,2020.0,2.0,46.5,7.066666666666666,0.375,0.0,338.80171605606193,338.80171605606193,-0.2000000000000001,313.39158735185725,42.0,7.0,6.0,3.0,56.0,114.0,0.3703900511315384,199.39158735185717,0.0,0.0,0.0,0.0,0.0,0.0,42.0,7.0,6.0,3.0,56.0,254.3915873518572,1.0333333333333334,194.64765411372036,142.31799714410457,,,964.9473261618775,990.0,0.12636149674791186,0.011824773294991998,989.8618137299569,0.28030503912136323,0.14327975304041546,,,24.634182528958096,24.413725901273608,,,0.9313333333333335,0.91,,,0.7785906164548818,0.5692719885764183,,,0.9736666666666668,0.97,,,42.704347237131714,30.086801555532972,,,43.70724062231614,0.13798205985866197,60.40043555773784,33.09531679765851,2,1,31469.213248067626,30,0.24281800345731194
2020.12,2020.0,12.0,2020.0,3.0,77.0,11.419354838709678,0.375,0.0,525.1535098645219,525.1535098645219,-0.16999999999999996,491.67497361065875,44.0,8.0,6.0,4.0,64.0,126.0,0.2580878427200145,365.6749736106587,0.0,0.0,0.0,0.0,0.0,0.0,44.0,8.0,6.0,4.0,64.0,423.6749736106587,2.0,182.83748680532935,182.83748680532935,,,965.6635134163718,990.0,0.18265958533195298,0.04313499472213171,989.7742054199459,0.23964075894391806,0.23964075894391806,,,23.871051244630106,23.871051244630106,,,0.9293548387096777,0.9293548387096777,,,0.731349947221317,0.731349947221317,,,0.9709677419354835,0.9709677419354835,,,38.62973753630478,38.62973753630478,,,77.25947507260953,0.1567577342368053,92.56337964736478,61.32465527775154,2,2,57481.04945402153,31,0.42921930595894214
2021.01,2021.0,1.0,2020.0,4.0,108.0,15.870967741935484,0.38749999999999984,0.0,701.8821866872519,701.8821866872519,-0.17999999999999997,652.925904165816,46.0,7.0,6.0,4.0,76.0,139.0,0.21405797933335585,513.925904165816,0.0,0.0,0.0,0.0,0.0,0.0,46.0,7.0,6.0,4.0,76.0,572.9259041658158,2.225806451612903,235.6019765354934,235.6019765354934,189.19721199138627,,966.3761742479828,990.0,0.24926369124323708,0.07857202117735813,989.6721642875794,0.39969286137815135,0.39969286137815135,0.25349868752394117,,22.89629717821855,22.89629717821855,22.758123358262253,,0.9409677419354835,0.9409677419354835,0.9299999999999999,,0.9424079061419732,0.9424079061419732,0.7567888479655451,,0.9777419354838709,0.9777419354838709,0.9699999999999999,,48.72980559501593,48.72980559501593,38.10258392659042,,106.06342046377813,0.1623694649717163,117.42862804923409,90.45854909594013,3,2,78911.18482505089,31,0.5892412247987671
2021.02,2021.0,2.0,2020.0,5.0,137.5,20.071428571428573,0.3874999999999999,0.0,842.5001136612574,842.5001136612574,-0.16000000000000006,790.2651066142595,45.142857142857146,7.357142857142857,5.714285714285714,4.357142857142857,83.35714285714286,145.92857142857142,0.18537054261389377,644.336535185688,0.0,0.0,0.0,0.0,0.0,0.0,45.142857142857146,7.357142857142857,5.714285714285714,4.357142857142857,83.35714285714286,702.5508208999738,3.0,214.77884506189594,214.77884506189594,214.77884506189594,,966.9691568944883,990.0,0.32398282270182716,0.12338189321401762,989.5526352840842,0.32779588865936116,0.32779588865936116,0.32779588865936116,,22.25568250093642,22.25568250093642,22.25568250093642,,0.9364285714285717,0.9364285714285717,0.9364285714285717,,0.8591153802475839,0.8591153802475839,0.8591153802475839,,0.9764285714285716,0.9764285714285716,0.9764285714285716,,42.873573922383876,42.873573922383876,42.873573922383876,,128.62072176715168,0.16262359243843014,143.62689110163797,114.73964338517463,3,3,86433.12502752592,28,0.7145595653730649
2021.03,2021.0,3.0,2020.0,6.0,167.0,24.258064516129032,0.38749999999999984,0.0,1040.5705130563713,1040.5705130563713,-0.4100000000000001,875.2498727945408,49.0,9.0,9.0,9.0,107.0,183.0,0.2098188981830815,692.2498727945408,0.0,0.0,0.0,0.0,0.0,0.0,49.0,9.0,9.0,9.0,107.0,759.2498727945408,3.0,230.74995759818017,230.74995759818017,230.74995759818017,,967.3218617741566,990.0,0.3599257552527953,0.1411622519208473,989.4989119928263,0.37885072068488507,0.37885072068488507,0.37885072068488507,,21.798199497984605,21.798199497984605,21.798199497984605,,0.9377419354838713,0.9377419354838713,0.9377419354838713,,0.9229998303927206,0.9229998303927206,0.9229998303927206,,0.9777419354838712,0.9777419354838712,0.9777419354838712,,45.21548912286269,45.21548912286269,45.21548912286269,,135.64646736858808,0.15489569606347817,146.23852204783282,118.6113653346964,3,3,100920.97172222954,31,0.753591485381045
2021.04,2021.0,4.0,2020.0,7.0,197.5,28.666666666666668,0.3874999999999999,0.0,1084.2699676391396,1084.2699676391396,-0.2899999999999999,962.4251300256916,41.666666666666664,10.333333333333334,8.666666666666666,6.666666666666667,65.33333333333333,132.66666666666666,0.13781640290264452,829.758463359025,0.0,0.0,0.0,0.0,0.0,0.0,41.666666666666664,10.333333333333334,8.666666666666666,6.666666666666667,65.33333333333333,890.4251300256916,3.7666666666666666,223.28009944872457,223.28009944872457,223.28009944872457,208.58891088632785,967.6757712258361,990.0,0.4693537048044186,0.2138067706872199,989.3168395245087,0.3578606744425173,0.3578606744425173,0.3578606744425173,0.3080171231751153,21.283207624229455,21.283207624229455,21.283207624229455,21.32693219804777,0.9326666666666664,0.9326666666666664,0.9326666666666664,0.9304347826086954,0.8931203977948985,0.8931203977948985,0.8931203977948985,0.8343556435453113,0.972333333333333,0.972333333333333,0.972333333333333,0.9699999999999998,42.30069422157159,42.30069422157159,42.30069422157159,39.38639400964278,157.0983180721076,0.1632382599846374,161.23981872645106,155.071836161568,4,3,113110.78901191743,30,0.8727684337339308
2021.05,2021.0,5.0,2020.0,8.0,228.0,33.0,0.38749999999999984,0.0,968.247486733136,968.247486733136,-0.24000000000000016,878.2004704669541,47.0,10.0,10.0,10.0,115.0,192.0,0.2210697189223566,686.2004704669542,0.0,0.0,0.0,0.0,0.0,0.0,47.0,10.0,10.0,10.0,115.0,753.2004704669542,2.870967741935484,240.00709500911657,240.00709500911657,236.73239607075382,,967.3300798681673,990.0,0.36133575310330374,0.14095052482812076,989.4977137220683,0.41136002324951926,0.41136002324951926,0.4001946534696726,,21.756273830651796,21.756273830651796,21.642964506088976,,0.938709677419355,0.938709677419355,0.9385185185185185,,0.9600283800364664,0.9600283800364664,0.9469295842830154,,0.9783870967741936,0.9783870967741936,0.9781481481481481,,47.01196512473051,47.01196512473051,46.07549131303496,,134.15419687694313,0.15258119091957828,150.5223837048367,102.1607760087712,3,2,99810.72247644568,31,0.7453010937607951
2021.06,2021.0,6.0,2020.0,9.0,258.5,37.333333333333336,0.3874999999999999,0.0,555.4489798869279,555.4489798869279,-0.24000000000000016,503.79222475744353,45.0,10.0,9.0,9.0,88.0,161.0,0.3278477698439247,342.79222475744365,0.0,0.0,0.0,0.0,0.0,0.0,45.0,10.0,9.0,9.0,88.0,406.79222475744365,1.7,209.92231556979334,189.8141559823576,,,965.7185772621212,990.0,0.17885585532714196,0.038676099528732445,989.7824680451441,0.3253218333566941,0.2644866364372599,,,23.738568949666185,23.61759468346629,,,0.9343333333333332,0.9290476190476189,,,0.8396892622791735,0.7592566239294304,,,0.9753333333333335,0.9733333333333334,,,44.64586003563609,39.715504152430114,,,72.44671294233717,0.1424458013718652,106.21455410889419,53.02347285330186,2,1,52161.633318482745,30,0.4024817385685397
2021.07,2021.0,7.0,2020.0,10.0,289.0,41.74193548387097,0.38749999999999984,0.0,391.8123794189655,391.8123794189655,-0.16999999999999996,366.00173892474106,42.0,9.0,8.0,6.0,70.0,135.0,0.37100335828578074,231.00173892474115,0.0,0.0,0.0,0.0,0.0,0.0,42.0,9.0,8.0,6.0,70.0,290.0017389247411,1.064516129032258,222.05535642047013,138.6689288162004,,,965.1320419991781,990.0,0.1382662601595081,0.016358203180801494,989.8453755366595,0.3567703119084097,0.1360035637553478,,,24.356563225573204,24.366257891766985,,,0.9396774193548391,0.91,,,0.8882214256818806,0.5546757152648016,,,0.9764516129032257,0.97,,,48.73767665256915,29.25832883233857,,,50.62531077078454,0.13787974673919476,59.593421659932325,40.00460689759593,2,1,37665.23121346368,31,0.2812517265043584
2021.08,2021.0,8.0,2020.0,11.0,320.0,46.12903225806452,0.38749999999999984,0.0,314.94290811242206,314.94290811242206,-0.16999999999999996,294.19604404051637,44.41935483870968,7.67741935483871,5.67741935483871,4.67741935483871,79.64516129032258,142.09677419354838,0.487346541236206,152.09926984696773,0.0,0.0,0.0,0.0,0.0,0.0,44.41935483870968,7.67741935483871,5.67741935483871,4.67741935483871,79.64516129032258,209.87346339535492,1.0,152.09926984696773,,,,964.8751873979554,990.0,0.11139550669662446,0.005216598875540746,989.8833878944281,0.1714880402380027,,,,24.83671245623438,,,,0.9164516129032255,,,,0.6083970793878711,,,,0.9693548387096771,,,,32.9794623734612,,,,32.9794623734612,0.11110516169849591,44.297463109338,23.315513672662806,1,1,24536.720005855135,31,0.1832192354081178
2021.09,2021.0,9.0,2020.0,12.0,350.5,50.5,0.3874999999999999,0.0,250.44344324772777,250.44344324772777,-0.14000000000000007,236.8568864515386,40.0,6.0,4.0,3.0,65.0,118.0,0.5010725849445968,118.85688645153853,0.0,0.0,0.0,0.0,0.0,0.0,40.0,6.0,4.0,3.0,65.0,168.85688645153857,1.0,118.85688645153853,,,,964.7401972533872,990.0,0.09745121129029723,0.0019698064552438497,989.9005789822547,0.1020164789633396,,,,25.058365249903822,,,,0.8986666666666667,,,,0.4754275458061545,,,,0.9650000000000004,,,,25.397969315474555,,,,25.397969315474555,0.10649025274147304,32.32521682120106,19.21813115279705,1,1,18286.53790714168,30,0.1410998295304142
2021.1,2021.0,10.0,2021.0,1.0,16.0,2.7419354838709675,0.38749999999999984,0.0,224.64020647417055,224.64020647417055,-0.16000000000000006,210.712513672772,38.41935483870968,5.354838709677419,3.3548387096774195,2.3548387096774195,52.12903225806452,101.61290322580645,0.482045177058732,109.09961044696553,0.0,0.0,0.0,0.0,0.0,0.0,38.41935483870968,5.354838709677419,3.3548387096774195,2.3548387096774195,52.12903225806452,156.2286427050301,1.0,109.09961044696553,,,,964.689176480582,990.0,0.0931461281948966,0.0009099610446965513,989.9059439107602,0.08407652409075701,,,,25.132690906087404,,,,0.8964516129032256,,,,0.4363984417878621,,,,0.961935483870968,,,,23.201492005116343,,,,23.201492005116343,0.11014041532234817,25.387162654802818,21.218728188040334,1,1,17261.910051806553,31,0.12889717780620186
2021.11,2021.0,11.0,2021.0,2.0,46.5,7.066666666666666,0.3874999999999999,0.0,270.22023618108983,270.22023618108983,-0.2000000000000001,249.2781678770554,40.0,6.0,4.0,3.0,53.0,106.0,0.4271387363739104,143.27816787705535,0.0,0.0,0.0,0.0,0.0,0.0,40.0,6.0,4.0,3.0,53.0,193.27816787705538,1.0,143.27816787705535,,,,964.7607518407328,990.0,0.10577664813990527,0.004327816787705541,989.8898955350725,0.1472807537731424,,,,24.981862940566714,,,,0.9140000000000003,,,,0.5731126715082216,,,,0.9699999999999995,,,,31.146943026655062,,,,31.146943026655062,0.12449285994803466,38.72142099525314,26.00932838548278,1,1,22425.79897919164,30,0.17303857237030587
2021.12,2021.0,12.0,2021.0,3.0,77.0,11.419354838709678,0.38749999999999984,0.0,391.88865254666786,391.88865254666786,-0.16999999999999996,366.07298756015604,40.70967741935484,6.354838709677419,4.67741935483871,3.0,58.74193548387097,113.48387096774194,0.3182289538003494,252.5891165924142,0.0,0.0,0.0,0.0,0.0,0.0,40.70967741935484,6.354838709677419,4.67741935483871,3.0,58.74193548387097,304.3310520762852,1.5483870967741935,170.11104275934215,150.4011934603078,,,965.1422354080357,990.0,0.14301411514669202,0.0211656099982853,989.8358202748553,0.21048945713083164,0.16053250400460722,,,24.483095409688694,24.324834203122556,,,0.9238709677419359,0.9158823529411765,,,0.6804441710373687,0.6016047738412312,,,0.9706451612903221,0.9700000000000001,,,36.731638756082056,31.884995822967554,,,54.21695904609653,0.14668102664075858,70.90452327795025,36.48941664394435,2,1,40337.41753029582,31,0.3012053280338696
2022.01,2022.0,1.0,2021.0,4.0,108.0,15.870967741935484,0.4000000000000002,0.0,540.0811646942374,540.0811646942374,-0.17999999999999997,501.1953208362522,42.61290322580645,6.32258064516129,4.645161290322581,3.3225806451612905,69.2258064516129,126.12903225806451,0.2547826531528876,375.06628857818777,0.0,0.0,0.0,0.0,0.0,0.0,42.61290322580645,6.32258064516129,4.645161290322581,3.3225806451612905,69.2258064516129,428.6469337394781,2.0,187.5331442890939,187.5331442890939,,,965.7053935205672,990.0,0.18445083956084807,0.04501325771563753,989.7705359027236,0.25364544114694904,0.25364544114694904,,,23.81149694100938,23.81149694100938,,,0.9303225806451617,0.9303225806451617,,,0.7501325771563755,0.7501325771563755,,,0.972258064516129,0.972258064516129,,,39.614994700140244,39.614994700140244,,,79.22998940028049,0.15743243554206623,97.70411057597777,63.07688829551428,2,2,58947.112113808704,31,0.4401666077793362
2022.02,2022.0,2.0,2021.0,5.0,137.5,20.071428571428573,0.4000000000000002,0.0,733.6039850796508,733.6039850796508,-0.16000000000000006,686.6533300345529,38.5,6.357142857142857,5.0,4.0,62.57142857142857,116.42857142857143,0.1720623968485888,570.2247586059815,0.0,0.0,0.0,0.0,0.0,0.0,38.5,6.357142857142857,5.0,4.0,62.57142857142857,620.0819014631244,2.642857142857143,219.32031079854718,219.32031079854718,204.68643534715773,,966.5231759830361,990.0,0.2761344356307967,0.09747076490206477,989.6263947994669,0.34409469276880467,0.34409469276880467,0.2977004227304293,,22.759124123662335,22.759124123662335,22.624549435378913,,0.9360714285714286,0.9360714285714286,0.9333333333333331,,0.8772812431941889,0.8772812431941889,0.8187457413886308,,0.9757142857142859,0.9757142857142859,0.9733333333333335,,44.78012777836472,44.78012777836472,41.263064529570485,,116.08651132573905,0.16872581358224154,137.2628392415582,96.3665122632175,3,2,78010.13561089661,28,0.6449250629207722
2022.03,2022.0,3.0,2021.0,6.0,167.0,24.258064516129032,0.4000000000000002,0.0,1282.6976983207044,1282.6976983207044,-0.4100000000000001,1072.3352757961088,46.41935483870968,8.67741935483871,8.35483870967742,8.03225806451613,94.09677419354838,165.58064516129033,0.15955657421197955,858.73870393792,48.01592669689837,11.952491968441622,2.1361061614188364,2.361439017880248,2.361439017880248,29.204450531277416,58.37184680715129,10.813525516257545,10.71627772755767,10.39369708239638,123.30122472482581,938.6403539888863,3.4838709677419355,244.40547312887182,244.40547312887182,244.40547312887182,259.41272140602916,968.051740717983,990.0,0.5554488252637342,0.2732648506217415,989.1712863241145,0.4277909945107776,0.4277909945107776,0.4277909945107776,0.47948890190181076,20.691754611620812,20.691754611620812,20.691754611620812,19.353571308916035,0.9357174744821424,0.9357174744821424,0.9357174744821424,0.9351494472630939,0.9776218925154877,0.9776218925154877,0.9776218925154877,1.0376508856241164,0.9780645161290324,0.9780645161290324,0.9780645161290324,0.9800000000000003,45.106282654107765,45.106282654107765,45.106282654107765,44.95668846075695,157.07208431430246,0.15039863282019078,188.53562974207853,118.12013559086935,4,3,116861.63072984101,31,0.8726226906350135
2022.04,2022.0,4.0,2021.0,7.0,197.5,28.666666666666668,0.4000000000000002,0.0,1687.6412868852542,1687.6412868852542,-0.2899999999999999,1491.874897606565,54.0,13.0,14.0,19.0,117.0,217.0,0.145877344708172,1100.0,174.87489760656484,36.7596100110481,4.560955251956873,8.95356044319851,15.311626979376651,109.2891449209848,90.75961001104807,17.560955251956873,22.953560443198505,34.311626979376655,226.2891449209848,1231.2741257062037,4.0,275.0,275.0,275.0,275.0,969.585562533752,990.0,0.8984028973964431,0.4800000000000003,988.6215971026037,0.5349347800000003,0.5349347800000003,0.5349347800000003,0.5349347800000003,18.501099788851608,18.501099788851608,18.501099788851608,18.501099788851608,0.9317462914984228,0.9317462914984228,0.9317462914984228,0.9317462914984228,1.1000000000000005,1.1000000000000005,1.1000000000000005,1.1000000000000005,0.9800000000000003,0.9800000000000003,0.9800000000000003,0.9800000000000003,45.57477333111139,45.57477333111139,45.57477333111139,45.57477333111139,182.29909332444555,0.12265800887557875,188.23094276784784,178.5657912487819,4,4,131255.34719360084,30,1.0127727406913645
2022.05,2022.0,5.0,2021.0,8.0,228.0,33.0,0.4000000000000002,0.0,1242.9358092778464,1242.9358092778464,-0.24000000000000016,1123.6139715871732,47.0,10.0,10.0,10.0,115.0,192.0,0.1736198429687879,925.7072179514807,5.906753635692366,1.445924067070527,0.30764341852564414,0.30764341852564414,0.30764341852564414,3.537899313044907,48.44592406707053,10.307643418525643,10.307643418525643,10.307643418525643,118.5378993130449,994.7684288556026,3.7419354838709675,247.71821943302913,247.71821943302913,247.71821943302913,246.0491021401823,968.2840151845094,990.0,0.5874915823111213,0.3074051289160735,989.1051032887726,0.43778344782502226,0.43778344782502226,0.43778344782502226,0.43261300426270133,20.383304656438614,20.383304656438614,20.383304656438614,20.049317423497154,0.9374578555826114,0.9374578555826114,0.9374578555826114,0.9365736314374323,0.9908728777321163,0.9908728777321163,0.9908728777321163,0.9841964085607289,0.9790322580645163,0.9790322580645163,0.9790322580645163,0.9786956521739131,45.36132000043777,45.36132000043777,45.36132000043777,44.21092310342503,168.88561262643515,0.15074677899341396,189.90750969442703,133.25610423426,4,3,125650.89579406772,31,0.938253403480195
2022.06,2022.0,6.0,2021.0,9.0,258.5,37.333333333333336,0.4000000000000002,0.0,603.8598898164104,603.8598898164104,-0.24000000000000016,545.889340394035,45.0,10.0,9.0,9.0,88.0,161.0,0.31286898244635025,384.889340394035,0.0,0.0,0.0,0.0,0.0,0.0,45.0,10.0,9.0,9.0,88.0,448.88934039403495,1.8666666666666667,212.11589723388718,196.86655693633384,209.80111982828475,,965.9027661328422,990.0,0.20079429161356505,0.051079379206024574,989.7481263291805,0.32948987049959944,0.2840413837212199,0.31304991343340716,,23.515870325838687,23.26737089885236,22.281098470804228,,0.9353333333333335,0.930952380952381,0.9339999999999999,,0.8484635889355485,0.7874662277453351,0.839204479313139,,0.9753333333333335,0.9733333333333334,0.9739999999999999,,44.71427423219064,40.62597307788612,41.70520260431594,,80.10332248743025,0.14414270239918373,136.59053296415547,50.096601361081326,3,1,57674.39219094978,30,0.4450184582635014
2022.07,2022.0,7.0,2021.0,10.0,289.0,41.74193548387097,0.4000000000000002,0.0,366.3970758007679,366.3970758007679,-0.16999999999999996,341.4820746463157,42.0,9.0,8.0,6.0,70.0,135.0,0.39819001252631775,206.48207464631568,0.0,0.0,0.0,0.0,0.0,0.0,42.0,9.0,8.0,6.0,70.0,265.4820746463157,1.0,206.48207464631568,,,,965.0391497281415,990.0,0.13011346688794523,0.012229398356587515,989.8576571347553,0.30784855349359896,,,,24.510658853119804,,,,0.9354838709677418,,,,0.8259282985852627,,,,0.9741935483870964,,,,45.26970303615646,,,,45.26970303615646,0.13189643757236819,57.76594697409787,36.15172460072276,1,1,33680.65905890042,31,0.2514983502008693
2022.08,2022.0,8.0,2021.0,11.0,320.0,46.12903225806452,0.4000000000000002,0.0,285.73459445225313,285.73459445225313,-0.16999999999999996,266.30464202949986,39.0,7.0,5.0,4.0,60.0,115.0,0.4337931368295227,151.30464202949992,0.0,0.0,0.0,0.0,0.0,0.0,39.0,7.0,5.0,4.0,60.0,202.30464202949986,1.0,151.30464202949992,,,,964.7986685821053,990.0,0.10885385523732953,0.005130464202949997,989.8860156805596,0.16429591124049758,,,,24.923051187214117,,,,0.9180645161290323,,,,0.605218568118,,,,0.9699999999999995,,,,32.96075197009584,,,,32.96075197009584,0.12330491203359716,40.17499118489351,26.94803552703382,1,1,24522.799465751315,31,0.18311528872275473
2022.09,2022.0,9.0,2021.0,12.0,350.5,50.5,0.4000000000000002,0.0,231.6757262625985,231.6757262625985,-0.14000000000000007,218.70188559189307,34.0,6.0,4.0,3.0,44.0,91.0,0.4170403908139683,127.70188559189297,0.0,0.0,0.0,0.0,0.0,0.0,34.0,6.0,4.0,3.0,44.0,171.70188559189302,1.0,127.70188559189297,,,,964.7149678343428,990.0,0.0984210973608726,0.0027701885591892993,989.8988087140798,0.11602728949750954,,,,25.067813590239645,,,,0.9063333333333329,,,,0.5108075423675721,,,,0.969333333333333,,,,27.60117644717427,,,,27.60117644717427,0.12596884659104882,33.093232644548046,22.983573428588514,1,1,19872.84704196547,30,0.15333986915096812
2022.1,2022.0,10.0,2022.0,1.0,16.0,2.7419354838709675,0.4000000000000002,0.0,210.2956685089335,210.2956685089335,-0.16000000000000006,196.83674572436175,37.0,5.0,3.0,2.0,50.0,97.0,0.493963790206206,99.83674572436175,0.0,0.0,0.0,0.0,0.0,0.0,37.0,5.0,3.0,2.0,50.0,144.83674572436178,1.0,99.83674572436175,,,,964.4810760328199,990.0,0.08926252695148695,0.0003919353648827055,989.910345537684,0.0707891444579228,,,,25.358480360405977,,,,0.882903225806451,,,,0.3993469828974469,,,,0.9622580645161292,,,,21.12222412066432,,,,21.12222412066432,0.10700090897111689,25.293219886190485,18.61769047429444,1,1,15714.93474577425,31,0.1173456895592462
2022.11,2022.0,11.0,2022.0,2.0,46.5,7.066666666666666,0.4000000000000002,0.0,258.6469677871282,258.6469677871282,-0.2000000000000001,237.955210364158,38.666666666666664,5.666666666666667,3.6666666666666665,2.6666666666666665,51.0,101.66666666666667,0.432818500847398,136.28854369749132,0.0,0.0,0.0,0.0,0.0,0.0,38.666666666666664,5.666666666666667,3.6666666666666665,2.6666666666666665,51.0,184.2885436974913,1.0,136.28854369749132,,,,964.7498598735204,990.0,0.10271200353323572,0.0036288543697491336,989.893659142097,0.1367619745387875,,,,25.007037294037467,,,,0.9076666666666673,,,,0.5451541747899653,,,,0.9666666666666663,,,,29.425441227247127,,,,29.425441227247127,0.12226754148764907,38.56025394044784,21.53893710627912,1,1,21186.317683617934,30,0.1634746734847063
2022.12,2022.0,12.0,2022.0,3.0,77.0,11.419354838709678,0.4000000000000002,0.0,371.5534485187531,371.5534485187531,-0.16999999999999996,346.2878140194778,40.70967741935484,6.354838709677419,4.67741935483871,3.0,58.74193548387097,113.48387096774194,0.3347867114852217,232.803943051736,0.0,0.0,0.0,0.0,0.0,0.0,40.70967741935484,6.354838709677419,4.67741935483871,3.0,58.74193548387097,284.54587853560696,1.3870967741935485,177.71203700327857,142.32075729184848,,,965.0656114623368,990.0,0.13642693227245556,0.01745373491748156,989.84611933281,0.2349497642195869,0.14337268985233198,,,24.54555810625364,24.412136712175506,,,0.9235483870967741,0.9116666666666666,,,0.7108481480131141,0.5692830291673939,,,0.9716129032258062,0.9700000000000001,,,38.517537091971136,30.14076019149458,,,50.18492813384001,0.14363513944321593,62.79220307329585,36.35351013817667,2,1,37337.58653157697,31,0.2788051562991112
2023.01,2023.0,1.0,2022.0,4.0,108.0,15.870967741935484,0.41249999999999976,0.0,544.3663316611259,544.3663316611259,-0.17999999999999997,503.9471315352874,38.516129032258064,5.645161290322581,4.0,3.0,58.54838709677419,109.70967741935483,0.22513507691521534,394.2374541159325,0.0,0.0,0.0,0.0,0.0,0.0,38.516129032258064,5.645161290322581,4.0,3.0,58.54838709677419,442.3987444385131,2.064516129032258,190.97415732871778,190.97415732871778,190.4816616067023,,965.7185399698731,990.0,0.19262066160983266,0.05029570950182824,989.7570836288885,0.2671751030058522,0.2671751030058522,0.25698600534143395,,23.771368556009335,23.771368556009335,22.95268243818056,,0.9296774193548389,0.9296774193548389,0.93,,0.7638966293148713,0.7638966293148713,0.7619266464268091,,0.972258064516129,0.972258064516129,0.97,,40.219202757595866,40.219202757595866,38.68838816158696,,82.93443055787475,0.163219633346205,118.11587537061413,61.15538570881727,3,2,61703.21633505881,31,0.4607468364326375
2023.02,2023.0,2.0,2022.0,5.0,137.5,20.071428571428573,0.41249999999999976,0.0,795.3048153783764,795.3048153783764,-0.16000000000000006,742.8146975634037,41.0,6.714285714285714,5.0,4.0,71.14285714285714,127.85714285714286,0.17244385646725766,614.9575547062608,0.0,0.0,0.0,0.0,0.0,0.0,41.0,6.714285714285714,5.0,4.0,71.14285714285714,667.6718404205466,3.0,204.98585156875362,204.98585156875362,204.98585156875362,,966.7675785481541,990.0,0.3037228060408964,0.11410197568024093,989.582175218279,0.29802741564405755,0.29802741564405755,0.29802741564405755,,22.516569254480714,22.516569254480714,22.516569254480714,,0.9328571428571432,0.9328571428571432,0.9328571428571432,,0.8199434062750146,0.8199434062750146,0.8199434062750146,,0.972857142857143,0.972857142857143,0.972857142857143,,41.09797823763148,41.09797823763148,41.09797823763148,,123.29393471289441,0.16591570072916723,135.64471963219486,113.38887717471508,3,3,82853.52412706507,28,0.6849663039605247
2023.03,2023.0,3.0,2022.0,6.0,167.0,24.258064516129032,0.41249999999999976,0.0,1031.047747911233,1031.047747911233,-0.4100000000000001,856.6717975457458,41.0,8.0,7.0,6.0,67.0,129.0,0.15293337252518005,727.6717975457458,0.0,0.0,0.0,0.0,0.0,0.0,41.0,8.0,7.0,6.0,67.0,783.6717975457458,3.225806451612903,226.3036595869277,226.3036595869277,226.3036595869277,215.9407689048355,967.2392665971906,990.0,0.38678209576934675,0.1649253185326848,989.448292585698,0.36707609666199287,0.36707609666199287,0.36707609666199287,0.3303232115759562,21.84194989184519,21.84194989184519,21.84194989184519,21.137137818953825,0.9370967741935488,0.9370967741935488,0.9370967741935488,0.9385714285714284,0.9052146383477104,0.9052146383477104,0.9052146383477104,0.8637630756193418,0.9767741935483872,0.9767741935483872,0.9767741935483872,0.9771428571428571,44.32602492319294,44.32602492319294,44.32602492319294,41.06248666627335,142.25024917809213,0.1660267863039753,170.89249519984438,115.26789028100555,4,3,105834.18538850057,31,0.790279162100512
2023.04,2023.0,4.0,2022.0,7.0,197.5,28.666666666666668,0.41249999999999976,0.0,1625.6195319775347,1625.6195319775347,-0.2899999999999999,1431.154795464722,45.0,11.0,10.0,10.0,72.0,148.0,0.10494763511929132,1085.3609398950223,197.7938555696996,38.095709116252344,5.176267637530967,9.988850218057602,13.364449700655383,131.16857889720333,83.09570911625234,16.176267637530966,19.988850218057603,23.364449700655378,203.16857889720333,1204.6217668668635,4.0,271.34023497375557,271.34023497375557,271.34023497375557,271.34023497375557,969.3710376303376,990.0,0.8595186345344629,0.46232135968984717,988.6781600057758,0.5214666369159741,0.5214666369159741,0.5214666369159741,0.5214666369159741,18.78565573852203,18.78565573852203,18.78565573852203,18.78565573852203,0.9332797173141576,0.9332797173141576,0.9332797173141576,0.9332797173141576,1.0853609398950228,1.0853609398950228,1.0853609398950228,1.0853609398950228,0.9800000000000003,0.9800000000000003,0.9800000000000003,0.9800000000000003,45.68679106408038,45.68679106408038,45.68679106408038,45.68679106408038,182.74716425632153,0.1298036169969322,192.93701840765064,175.9103403062454,4,4,131577.95826455153,30,1.0152620236462309
2023.05,2023.0,5.0,2022.0,8.0,228.0,33.0,0.41249999999999976,0.0,1796.8500009203956,1796.8500009203956,-0.24000000000000016,1618.9618508292765,55.0,13.0,13.0,17.0,178.0,276.0,0.17162681944473732,1098.7694412323851,244.19240959689134,35.35401729013964,4.389161490090508,9.177908740343248,15.04083682299693,180.230485253321,90.35401729013965,17.389161490090505,22.177908740343245,32.04083682299692,358.230485253321,1228.6905287529585,4.0,274.6923603080963,274.6923603080963,274.6923603080963,274.6923603080963,969.9897397068432,990.0,0.8949175149046326,0.4784002736021012,988.6266822114934,0.5337607311212375,0.5337607311212375,0.5337607311212375,0.5337607311212375,18.103181773528487,18.103181773528487,18.103181773528487,18.103181773528487,0.9311923987867344,0.9311923987867344,0.9311923987867344,0.9311923987867344,1.0987694412323856,1.0987694412323856,1.0987694412323856,1.0987694412323856,0.9800000000000003,0.9800000000000003,0.9800000000000003,0.9800000000000003,44.51607377407215,44.51607377407215,44.51607377407215,44.51607377407215,178.0642950962886,0.11095103593990407,186.9257458474588,173.38743380665798,4,4,132479.83555163868,31,0.9892460838682697
2023.06,2023.0,6.0,2022.0,9.0,258.5,37.333333333333336,0.41249999999999976,0.0,1045.7234148848702,1045.7234148848702,-0.24000000000000016,942.1967968112687,53.0,12.0,12.0,13.0,120.0,210.0,0.23713932349837788,732.1967968112684,0.0,0.0,0.0,0.0,0.0,0.0,53.0,12.0,12.0,13.0,120.0,809.1967968112688,3.1333333333333333,231.67175629519778,231.67175629519778,235.9762901785236,239.51001189155565,967.5596774170691,990.0,0.4332253192767143,0.1949041103378043,989.3718705703856,0.3848535172456941,0.3848535172456941,0.3983849418253639,0.40945361671518987,21.427339636070617,21.427339636070617,20.85137571694653,20.182396897292122,0.9376666666666666,0.9376666666666666,0.9381818181818179,0.9391666666666664,0.9266870251807909,0.9266870251807909,0.9439051607140942,0.9580400475662225,0.9773333333333334,0.9773333333333334,0.9781818181818184,0.979166666666667,44.45794503369526,44.45794503369526,44.16958809774224,43.495602273961794,138.70516224865287,0.14630008331313368,190.24264076077492,74.5399900541152,4,2,99867.71681903006,30,0.7705842347147381
2023.07,2023.0,7.0,2022.0,10.0,289.0,41.74193548387097,0.41249999999999976,0.0,476.5224010156313,476.5224010156313,-0.16999999999999996,443.10626764441025,50.0,10.0,9.0,9.0,108.0,186.0,0.42610410604296756,257.10626764441025,0.0,0.0,0.0,0.0,0.0,0.0,50.0,10.0,9.0,9.0,108.0,326.1062676444103,1.3225806451612903,204.33395614499898,163.5941656481749,,,965.4539246219771,990.0,0.15025669405164915,0.02158462798595895,989.8281586779622,0.304865826539574,0.1912487053618006,,,24.069368229445672,23.841807982003488,,,0.9338709677419357,0.9209999999999999,,,0.817335824579996,0.6543766625926996,,,0.9741935483870966,0.97,,,44.01480331588677,34.17631371030511,,,55.03942064179164,0.12311813486275128,80.2810149843082,38.69916690603557,2,1,40949.32895749297,31,0.3057745591210646
2023.08,2023.0,8.0,2022.0,11.0,320.0,46.12903225806452,0.41249999999999976,0.0,337.30374787444003,337.30374787444003,-0.16999999999999996,313.65032255474483,47.0,8.0,6.0,5.0,89.0,155.0,0.49737470258558614,158.65032255474486,0.0,0.0,0.0,0.0,0.0,0.0,47.0,8.0,6.0,5.0,89.0,219.65032255474492,1.0,158.65032255474486,,,,964.9400955649805,990.0,0.11472006259698826,0.005901392007475689,989.8793785453952,0.18268682286367818,,,,24.756596157551453,,,,0.9193548387096774,,,,0.6346012902189796,,,,0.9699999999999995,,,,34.38226475255733,,,,34.38226475255733,0.10888900130094102,45.222471582238754,25.47208429486354,1,1,25580.40497590264,31,0.19101258195865173
2023.09,2023.0,9.0,2022.0,12.0,350.5,50.5,0.41249999999999976,0.0,255.0523613090374,255.0523613090374,-0.14000000000000007,240.32308744344053,40.0,6.0,4.0,3.0,65.0,118.0,0.49410126673935123,122.32308744344053,0.0,0.0,0.0,0.0,0.0,0.0,40.0,6.0,4.0,3.0,65.0,172.32308744344047,1.0,122.32308744344053,,,,964.7462832884017,990.0,0.09863287071935467,0.002280738397337128,989.8990863908832,0.10824823484608874,,,,25.044554867635842,,,,0.9016666666666665,,,,0.48929234977376196,,,,0.9663333333333336,,,,26.25109284743584,,,,26.25109284743584,0.10843491963239614,33.948675373745125,19.85512293955997,1,1,18900.786850153803,30,0.14583940470797688
2023.1,2023.0,10.0,2023.0,1.0,16.0,2.7419354838709675,0.41249999999999976,0.0,212.24712758705226,212.24712758705226,-0.16000000000000006,198.23881716630675,37.0,5.0,3.0,2.0,50.0,97.0,0.48995742258624336,101.23881716630677,0.0,0.0,0.0,0.0,0.0,0.0,37.0,5.0,3.0,2.0,50.0,146.23881716630675,1.0,101.23881716630677,,,,964.4958184564364,990.0,0.08974050585215006,0.0003447976887680032,989.9099146964587,0.07250076353127725,,,,25.34159547649115,,,,0.8870967741935486,,,,0.4049552686652274,,,,0.961612903225807,,,,21.480758436829326,,,,21.480758436829326,0.10818911817482346,24.603538466995506,18.939642752321532,1,1,15981.68427700101,31,0.11933754687127397
2023.11,2023.0,11.0,2023.0,2.0,46.5,7.066666666666666,0.41249999999999976,0.0,222.37183939350874,222.37183939350874,-0.2000000000000001,204.02616264354435,36.0,5.0,3.0,2.0,47.0,93.0,0.4569780314259596,111.02616264354421,0.0,0.0,0.0,0.0,0.0,0.0,36.0,5.0,3.0,2.0,47.0,155.02616264354427,1.0,111.02616264354421,,,,964.5900529164693,990.0,0.09273619181029916,0.0011436962623769334,989.9061201119273,0.08767654931153122,,,,25.22839064614659,,,,0.8963333333333332,,,,0.44410465057417714,,,,0.9646666666666665,,,,23.78016862043592,,,,23.78016862043592,0.11624845507044575,28.25719861188674,20.345750723297318,1,1,17121.72140671386,30,0.13211204789131065
2023.12,2023.0,12.0,2023.0,3.0,77.0,11.419354838709678,0.41249999999999976,0.0,302.0035761660198,302.0035761660198,-0.16999999999999996,280.8255753873777,33.25806451612903,5.0,3.3225806451612905,2.3225806451612905,41.806451612903224,85.70967741935483,0.3203918193194153,195.11589796802284,0.0,0.0,0.0,0.0,0.0,0.0,33.25806451612903,5.0,3.3225806451612905,2.3225806451612905,41.806451612903224,236.69654312931314,1.1290322580645162,176.81681657704303,141.81788078009316,,,964.857323806489,990.0,0.1203752800914869,0.011643329606105032,989.8679813903021,0.23810674772567525,0.14227364157960107,,,24.772550836087643,24.573889150645588,,,0.9238709677419356,0.91,,,0.707267266308172,0.5672715231203727,,,0.9719354838709676,0.97,,,38.72503356045403,30.17772688475268,,,42.61893380364793,0.14842110887576088,60.59679612802756,24.570384433444637,2,1,31708.486749914064,31,0.23677185446471075
2024.01,2024.0,1.0,2023.0,4.0,108.0,15.870967741935484,0.4250000000000002,0.0,417.35202851232356,417.35202851232356,-0.17999999999999997,385.4245983311308,34.0,5.0,4.0,3.0,45.0,91.0,0.23835155831937843,294.4245983311308,0.0,0.0,0.0,0.0,0.0,0.0,34.0,5.0,4.0,3.0,45.0,337.4245983311308,1.6774193548387097,187.58598822202427,157.71413873249068,,,965.2112761824623,990.0,0.15401554926126118,0.02888491966622618,989.8170995310728,0.2632887908714998,0.1771517131155635,,,24.342534557738464,24.333481378740174,,,0.9270967741935489,0.9185714285714287,,,0.7503439528880974,0.6308565549299626,,,0.9732258064516126,0.9699999999999999,,,40.593665650444194,33.54168869459097,,,63.315454766134856,0.16403472957373735,75.10383516226827,52.172020757321405,2,1,47106.698346004334,31,0.351752526478527
2024.02,2024.0,2.0,2023.0,5.0,138.0,20.137931034482758,0.42500000000000016,0.0,616.3719051885345,616.3719051885345,-0.16000000000000006,574.4586156357142,31.0,6.0,4.0,3.0,41.0,85.0,0.14994181936386747,489.4586156357141,0.0,0.0,0.0,0.0,0.0,0.0,31.0,6.0,4.0,3.0,41.0,530.4586156357142,2.2413793103448274,221.40059346041866,221.40059346041866,193.29506181877562,,966.0294799713337,990.0,0.22843687599286402,0.07271432476274019,989.6988487992443,0.35177684141741183,0.35177684141741183,0.2647066682882961,,23.317591986493277,23.317591986493277,22.9272686529451,,0.938620689655172,0.938620689655172,0.9299999999999999,,0.8856023738416744,0.8856023738416744,0.7731802472751025,,0.9758620689655172,0.9758620689655172,0.9699999999999999,,46.421889937983906,46.421889937983906,39.21451923793743,,102.30935348512513,0.17805067748637354,121.80175778559752,78.3048891793609,3,2,71207.31002564708,29,0.568385297139584
2024.03,2024.0,3.0,2023.0,6.0,168.0,24.419354838709676,0.4250000000000002,0.0,896.7717193442321,896.7717193442321,-0.4100000000000001,740.5092472484996,41.0,8.0,7.0,6.0,67.0,129.0,0.17656107884440403,611.5092472484997,0.0,0.0,0.0,0.0,0.0,0.0,41.0,8.0,7.0,6.0,67.0,667.5092472484996,2.6774193548387095,231.42628386698297,231.42628386698297,219.44557452145472,,966.7530505073255,990.0,0.3049836129193283,0.11229829628169402,989.582718090799,0.38352280208556855,0.38352280208556855,0.34393679984696557,,22.44614478138791,22.44614478138791,22.23902574991674,,0.9387096774193552,0.9387096774193552,0.9361904761904762,,0.9257051354679318,0.9257051354679318,0.877782298085819,,0.9770967741935487,0.9770967741935487,0.9757142857142858,,46.77975259234232,46.77975259234232,43.68698624925494,,123.15391522450251,0.16622315640474236,149.52143643525494,100.58534293524716,3,2,91626.51292702985,31,0.6841884179139027
2024.04,2024.0,4.0,2023.0,7.0,198.5,28.8,0.42500000000000016,0.0,2171.0910778625293,2171.0910778625293,-0.2899999999999999,1903.5041025159726,48.0,11.666666666666666,11.333333333333334,13.0,87.0,171.0,0.09838906856352644,1046.8194791491874,685.6846233667853,34.80245188646736,4.27763638706239,8.919063382177931,37.02473078393055,600.6607409271473,82.80245188646735,15.944303053729056,20.252396715511267,50.02473078393055,687.6607409271471,1165.8186308048948,3.966666666666667,263.9641901831109,263.9641901831109,263.9641901831109,263.7174916550222,970.6715523657109,990.0,0.8156367080786596,0.4252064521705493,988.759156839751,0.4962609535305407,0.4962609535305407,0.4962609535305407,0.49544348748305417,17.59134352050936,17.59134352050936,17.59134352050936,17.46867994116428,0.9253024271012185,0.9253024271012185,0.9253024271012185,0.9247956142426396,1.055856760732444,1.055856760732444,1.055856760732444,1.0548699666200891,0.9793333333333336,0.9793333333333336,0.9793333333333336,0.9793103448275865,40.98169194000722,40.98169194000722,40.98169194000722,40.60809723184336,162.19956981080358,0.09989041843209792,190.6843732116233,146.56032632853243,4,3,116783.69026377861,30,0.9011087211711313
2024.05,2024.0,5.0,2023.0,8.0,229.0,33.12903225806452,0.4250000000000002,0.0,2029.246182069162,2029.246182069162,-0.24000000000000016,1822.2630714981078,55.0,13.0,13.0,17.0,178.0,276.0,0.1563471602769813,1098.244742339706,448.01832915840134,36.32477921842989,4.350468149275365,9.490083637908958,27.45155605009063,370.4014421026966,91.32477921842987,17.35046814927537,22.490083637908953,44.45155605009063,548.4014421026963,1229.4100733453201,4.0,274.5611855849265,274.5611855849265,274.5611855849265,274.5611855849265,970.5729176244046,990.0,0.8969011916550009,0.47771816504161796,988.6253806433037,0.5332535812418142,0.5332535812418142,0.5332535812418142,0.5332535812418142,17.519209437656915,17.519209437656915,17.519209437656915,17.519209437656915,0.9284779504797062,0.9284779504797062,0.9284779504797062,0.9284779504797062,1.0982447423397066,1.0982447423397066,1.0982447423397066,1.0982447423397066,0.9800000000000003,0.9800000000000003,0.9800000000000003,0.9800000000000003,42.94145099437054,42.94145099437054,42.94145099437054,42.94145099437054,171.7658039774822,0.09831592908925703,186.6451230812397,152.37174093317998,4,4,127793.75815924676,31,0.9542544665415678
2024.06,2024.0,6.0,2023.0,9.0,259.5,37.5,0.42500000000000016,0.0,1040.158086110335,1040.158086110335,-0.24000000000000016,934.0619613270808,53.0,12.0,12.0,13.0,120.0,210.0,0.24003471325530043,724.061961327081,0.0,0.0,0.0,0.0,0.0,0.0,53.0,12.0,12.0,13.0,120.0,801.061961327081,3.1,230.83786473201545,230.83786473201545,237.3279767197656,240.94286073242344,967.526237351729,990.0,0.4273590566596342,0.19098804958832802,989.381652893752,0.38287841676136053,0.38287841676136053,0.4030364003997848,0.41429931005199433,21.47253712526147,21.47253712526147,20.880438503916253,20.144484527752915,0.9376666666666668,0.9376666666666668,0.9386363636363634,0.9390909090909088,0.9233514589280619,0.9233514589280619,0.9493119068790624,0.9637714429296935,0.9773333333333334,0.9773333333333334,0.9781818181818184,0.9790909090909093,44.35860797490043,44.35860797490043,44.5055038165554,43.66795265687086,137.36616805612746,0.14601662168799287,190.5332183130633,70.94579911479462,4,2,98903.64100041174,30,0.7631453780895967
2024.07,2024.0,7.0,2023.0,10.0,290.0,41.87096774193548,0.4250000000000002,0.0,469.4985128271393,469.4985128271393,-0.16999999999999996,435.57724527537863,50.0,10.0,9.0,9.0,108.0,186.0,0.4333270718532736,249.57724527537852,0.0,0.0,0.0,0.0,0.0,0.0,50.0,10.0,9.0,9.0,108.0,318.5772452753785,1.2903225806451613,202.76811130144628,161.23146146576664,,,965.4217561757264,990.0,0.14775628071876037,0.020192652550599006,989.832051066731,0.3002446406623025,0.18516013669454512,,,24.11005025034193,23.87144374781561,,,0.9338709677419356,0.9199999999999999,,,0.8110724452057851,0.6449258458630666,,,0.9738709677419352,0.9699999999999999,,,43.73218508199758,33.692746840134404,,,53.5139502936495,0.12174347118482202,76.57571075871381,38.0136203651919,2,1,39814.379018475236,31,0.29729972385360837
2024.08,2024.0,8.0,2023.0,11.0,321.0,46.25806451612903,0.4250000000000002,0.0,339.2671005166207,339.2671005166207,-0.16999999999999996,314.75505250429484,47.0,8.0,6.0,5.0,89.0,155.0,0.49516371968490236,159.75505250429475,0.0,0.0,0.0,0.0,0.0,0.0,47.0,8.0,6.0,5.0,89.0,220.7550525042948,1.0,159.75505250429475,,,,964.9431819115617,990.0,0.11510256549921863,0.005987131784156762,989.8789103027165,0.18448499619309208,,,,24.751243394961694,,,,0.9203225806451615,,,,0.6390202100171795,,,,0.9699999999999995,,,,34.64441713796435,,,,34.64441713796435,0.10945073345008656,44.55704129009357,25.34113210669593,1,1,25775.44635064548,31,0.19246898409980198
2024.09,2024.0,9.0,2023.0,12.0,351.5,50.666666666666664,0.42500000000000016,0.0,268.20736134201746,268.20736134201746,-0.14000000000000007,252.24902334216742,42.0,6.333333333333333,4.666666666666667,3.3333333333333335,68.33333333333333,124.66666666666667,0.49728541174605984,127.58235667550068,0.0,0.0,0.0,0.0,0.0,0.0,42.0,6.333333333333333,4.666666666666667,3.3333333333333335,68.33333333333333,180.5823566755007,1.0,127.58235667550068,,,,964.7652153945254,990.0,0.10144853068482979,0.0028647041925392676,989.8956867651226,0.11836629828089772,,,,25.012105072316317,,,,0.9033333333333332,,,,0.5103294267020029,,,,0.9666666666666669,,,,27.417038257232978,,,,27.417038257232978,0.1079495295314101,34.67337671594869,19.474969173549702,1,1,19740.267545207746,30,0.1523168792068499
2024.1,2024.0,10.0,2024.0,1.0,16.0,2.7419354838709675,0.4250000000000002,0.0,285.272770549765,285.272770549765,-0.16000000000000006,265.874222152381,42.064516129032256,6.354838709677419,4.709677419354839,3.0,57.41935483870968,113.54838709677419,0.42989017188433515,152.32583505560677,0.0,0.0,0.0,0.0,0.0,0.0,42.064516129032256,6.354838709677419,4.709677419354839,3.0,57.41935483870968,205.45486731367126,1.0,152.32583505560677,,,,964.8025774907213,990.0,0.10991620992818556,0.005232583505560678,989.8848512065665,0.16781859264623322,,,,24.914455123198508,,,,0.9170967741935486,,,,0.6093033402224272,,,,0.9699999999999995,,,,33.143601269096294,,,,33.143601269096294,0.12398502043270382,42.612441531101545,25.078467617268124,1,1,24658.839344207656,31,0.18413111816164618
2024.11,2024.0,11.0,2024.0,2.0,46.5,7.066666666666666,0.42500000000000016,0.0,411.8808028462559,411.8808028462559,-0.2000000000000001,376.87093460432425,42.0,7.0,6.0,3.0,56.0,114.0,0.30781153426117813,262.87093460432425,0.0,0.0,0.0,0.0,0.0,0.0,42.0,7.0,6.0,3.0,56.0,317.87093460432425,1.4333333333333333,194.755787697671,157.18880055381513,,,965.180713446968,990.0,0.1475217125992221,0.022589888888283956,989.8298883985124,0.2784002832048981,0.1755814334717408,,,24.370774668339553,24.239525553135987,,,0.9313333333333336,0.9192307692307692,,,0.7790231507906841,0.6287552022152606,,,0.9733333333333329,0.9700000000000001,,,42.35088511258917,33.32605580095092,,,56.7921759596679,0.14987960774907527,75.30377718204372,43.130490029378294,2,1,40890.36669096089,30,0.31551208866482167
2024.12,2024.0,12.0,2024.0,3.0,77.0,11.419354838709678,0.4250000000000002,0.0,571.6231246426157,571.6231246426157,-0.16999999999999996,530.3233538871868,44.0,8.0,6.0,4.0,64.0,126.0,0.23859238124006585,404.32335388718684,0.0,0.0,0.0,0.0,0.0,0.0,44.0,8.0,6.0,4.0,64.0,462.32335388718684,2.0,202.16167694359342,202.16167694359342,,,965.8339451512563,990.0,0.19569295336046172,0.05086467077743736,989.7534423758619,0.2914112195868491,0.2914112195868491,,,23.628086005018833,23.628086005018833,,,0.9348387096774198,0.9348387096774198,,,0.808646707774374,0.808646707774374,,,0.9735483870967743,0.9735483870967743,,,42.64313083406585,42.64313083406585,,,85.2862616681317,0.1606117087403316,96.45721648312927,74.91360228081605,2,2,63452.97868108997,31,0.47381256482295375
2025.01,2025.0,1.0,2024.0,4.0,108.0,15.870967741935484,0.4375,0.0,718.867952719702,718.867952719702,-0.17999999999999997,662.2571014430254,46.0,7.0,6.0,4.0,76.0,139.0,0.2107230562276262,523.2571014430254,0.0,0.0,0.0,0.0,0.0,0.0,46.0,7.0,6.0,4.0,76.0,582.2571014430252,2.2580645161290325,236.94043295805423,236.94043295805423,191.33291266680268,,966.41730205943,990.0,0.25429501588816217,0.08097230504661855,989.6647326790654,0.40372462806383225,0.40372462806383225,0.25945825951303225,,22.84370599157143,22.84370599157143,22.71831119568031,,0.9412903225806447,0.9412903225806447,0.9299999999999999,,0.947761731832217,0.947761731832217,0.7653316506672108,,0.9774193548387096,0.9774193548387096,0.9699999999999999,,48.9209226681982,48.9209226681982,38.46044565229974,,107.76712163376406,0.16269871121449542,120.00468080755158,93.08790561808306,3,2,80178.73849552046,31,0.5987062312986893
2025.02,2025.0,2.0,2024.0,5.0,137.5,20.071428571428573,0.4375,0.0,888.5792021364433,888.5792021364433,-0.16000000000000006,826.3786579868921,47.285714285714285,7.714285714285714,6.428571428571429,4.714285714285714,88.71428571428571,154.85714285714286,0.18888496884659545,671.5215151297492,0.0,0.0,0.0,0.0,0.0,0.0,47.285714285714285,7.714285714285714,6.428571428571429,4.714285714285714,88.71428571428571,732.9500865583207,3.0,223.84050504324978,223.84050504324978,223.84050504324978,,967.1192672306573,990.0,0.34489353845280674,0.1347368563433369,989.520369605204,0.3578794240523599,0.3578794240523599,0.3578794240523599,,22.043222950494044,22.043222950494044,22.043222950494044,,0.9364285714285717,0.9364285714285717,0.9364285714285717,,0.8953620201729994,0.8953620201729994,0.8953620201729994,,0.975714285714286,0.975714285714286,0.975714285714286,,44.18433918380261,44.18433918380261,44.18433918380261,,132.5530175514078,0.16020216861790987,156.26994593371606,116.80468566176224,3,3,89075.62779454605,28,0.7364056530633767
2025.03,2025.0,3.0,2024.0,6.0,167.0,24.258064516129032,0.4375,0.0,1500.3028537443247,1500.3028537443247,-0.4100000000000001,1231.1860293539369,49.0,9.0,9.0,9.0,107.0,183.0,0.15726900350372555,941.1108822719918,107.07514708194479,19.21537096595909,3.4227047396330383,5.000138183315893,5.265990840095646,74.17094235294113,68.2153709659591,12.422704739633039,14.000138183315892,14.265990840095641,181.17094235294113,1035.7490961608999,3.6451612903225805,256.8001453035896,256.8001453035896,256.8001453035896,264.6011918598958,968.6387417926029,990.0,0.6588739622067485,0.3351649377890124,989.0059611000041,0.4695854603375115,0.4695854603375115,0.4695854603375115,0.4978740500360934,19.89763384706371,19.89763384706371,19.89763384706371,18.976276971621864,0.9358464466932904,0.9358464466932904,0.9358464466932904,0.9335619923746004,1.0272005812143588,1.0272005812143588,1.0272005812143588,1.0584047674395831,0.9796774193548391,0.9796774193548391,0.9796774193548391,0.9795000000000001,45.734535418424386,45.734535418424386,45.734535418424386,44.896230643132846,166.16891634761694,0.13922912694557107,190.0827142191265,130.93899390460857,4,3,123629.67376262705,31,0.92316064637565
2025.04,2025.0,4.0,2024.0,7.0,197.5,28.666666666666668,0.4375,0.0,1925.2746791908814,1925.2746791908814,-0.2899999999999999,1681.0054542685386,54.0,13.0,14.0,19.0,117.0,217.0,0.12956069815617932,1100.0,364.00545426853864,46.0,5.0,11.0,31.8714453046186,270.13400896392017,100.0,18.0,25.0,50.87144530461861,387.1340089639201,1243.0,4.0,275.0,275.0,275.0,275.0,970.1870390301995,990.0,0.9219672131147545,0.4800000000000003,988.5980327868855,0.5349347800000003,0.5349347800000003,0.5349347800000003,0.5349347800000003,17.876058976685407,17.876058976685407,17.876058976685407,17.876058976685407,0.9305204451768974,0.9305204451768974,0.9305204451768974,0.9305204451768974,1.1000000000000005,1.1000000000000005,1.1000000000000005,1.1000000000000005,0.9800000000000003,0.9800000000000003,0.9800000000000003,0.9800000000000003,43.97770656740322,43.97770656740322,43.97770656740322,43.97770656740322,175.91082626961287,0.10514570783154745,180.97689877730764,171.68079451299567,4,4,126655.79491412123,30,0.9772823681645156
2025.05,2025.0,5.0,2024.0,8.0,228.0,33.0,0.4375,0.0,1426.9686069553702,1426.9686069553702,-0.24000000000000016,1277.1369032250568,52.16129032258065,11.935483870967742,11.935483870967742,14.516129032258064,155.6451612903226,246.19354838709677,0.19241118730942858,1001.043243844413,29.90011099354686,5.958355451612598,1.2520441373110165,1.408338561290251,1.841673503225712,19.43969934010728,58.11964577419325,13.18752800827876,13.343822432257992,16.357802535483778,175.08486063042986,1085.6942400591429,3.935483870967742,254.66125806656854,254.66125806656854,254.66125806656854,253.4083985857218,968.8385905648017,990.0,0.6913706095845431,0.37321818055933786,988.9354112098558,0.4624291274102976,0.4624291274102976,0.4624291274102976,0.4580077602624693,19.634391517644357,19.634391517644357,19.634391517644357,19.544435812591296,0.9365658303136951,0.9365658303136951,0.9365658303136951,0.9363289910249842,1.0186450322662741,1.0186450322662741,1.0186450322662741,1.0136335943428874,0.979677419354839,0.979677419354839,0.979677419354839,0.9796551724137934,44.85669848005025,44.85669848005025,44.85669848005025,44.38991391319519,176.0961439395914,0.13939518254690933,187.7315201701117,154.47423965023899,4,3,131015.531091056,31,0.9783119107755077
2025.06,2025.0,6.0,2024.0,9.0,258.5,37.333333333333336,0.4375,0.0,763.3476056803689,763.3476056803689,-0.24000000000000016,683.1961070839303,45.0,10.0,9.0,9.0,88.0,161.0,0.2503884537254764,522.1961070839303,0.0,0.0,0.0,0.0,0.0,0.0,45.0,10.0,9.0,9.0,88.0,586.1961070839303,2.4,213.74605300764367,213.74605300764367,236.7600026716075,,966.4946460964792,990.0,0.26939929397350854,0.09060518755958633,989.6399955184671,0.33306713350794603,0.33306713350794603,0.40116757801621944,,22.81228228847963,22.81228228847963,21.768545336100207,,0.9336666666666669,0.9336666666666669,0.938333333333333,,0.854984212030575,0.854984212030575,0.9470400106864302,,0.9749999999999998,0.9749999999999998,0.9775000000000004,,43.341339189880365,43.341339189880365,46.28911308381614,,105.19832361328717,0.15226471709629477,156.05787475149756,64.7332707019164,3,2,75742.79300156677,30,0.5844351311849287
2025.07,2025.0,7.0,2024.0,10.0,289.0,41.74193548387097,0.4375,0.0,438.41764881858705,438.41764881858705,-0.16999999999999996,405.8103361877048,44.83870967741935,9.35483870967742,8.35483870967742,7.064516129032258,83.48387096774194,153.09677419354838,0.38281159922117564,252.71356199415638,0.0,0.0,0.0,0.0,0.0,0.0,44.83870967741935,9.35483870967742,8.35483870967742,7.064516129032258,83.48387096774194,315.2619490909305,1.3870967741935485,193.8037092340472,152.18378629694863,,,965.2933698418306,990.0,0.14665525984569647,0.020929447521941123,989.8324152926324,0.2797371144380726,0.1645199838929682,,,24.259308336363752,24.207589811892362,,,0.9309677419354837,0.9166666666666666,,,0.775214836936189,0.6087351451877945,,,0.9725806451612901,0.9700000000000001,,,41.906828772292954,32.132705628058396,,,54.34529546702524,0.13285767450344507,71.2319319554794,37.842695059459075,2,1,40432.899827466776,31,0.3019183081501402
2025.08,2025.0,8.0,2024.0,11.0,320.0,46.12903225806452,0.4375,0.0,339.59777027347417,339.59777027347417,-0.16999999999999996,314.34018610938455,47.0,8.0,6.0,5.0,89.0,155.0,0.49557405470504245,159.34018610938443,0.0,0.0,0.0,0.0,0.0,0.0,47.0,8.0,6.0,5.0,89.0,220.3401861093845,1.0,159.34018610938443,,,,964.941415813345,990.0,0.11496133535326657,0.00595197246173743,989.879086692185,0.18327122322316095,,,,24.75439965561679,,,,0.9193548387096775,,,,0.6373607444375377,,,,0.9699999999999995,,,,34.52303204011373,,,,34.52303204011373,0.10925992163212436,44.38814855496933,26.971680350260787,1,1,25685.13583784462,31,0.1917946224450763
2025.09,2025.0,9.0,2024.0,12.0,350.5,50.5,0.4375,0.0,264.62452831605634,264.62452831605634,-0.14000000000000007,248.41627595669786,40.0,6.0,4.0,3.0,65.0,118.0,0.4775422795313461,130.4162759566979,0.0,0.0,0.0,0.0,0.0,0.0,40.0,6.0,4.0,3.0,65.0,180.4162759566979,1.0,130.4162759566979,,,,964.7599099779438,990.0,0.10139191225796518,0.0030416275956697864,989.8955664601464,0.12253123406026949,,,,25.013125248142167,,,,0.9066666666666666,,,,0.5216651038267917,,,,0.9673333333333335,,,,28.112094889931534,,,,28.112094889931534,0.11252707208482361,35.443592949649506,22.50918305538388,1,1,20240.708320750688,30,0.15617830494406396
2025.1,2025.0,10.0,2025.0,1.0,16.0,2.7419354838709675,0.4375,0.0,236.26632792504515,236.26632792504515,-0.16000000000000006,219.72768497029196,39.70967741935484,5.67741935483871,3.6774193548387095,2.6774193548387095,54.064516129032256,105.80645161290323,0.4819709215184796,113.92123335738873,0.0,0.0,0.0,0.0,0.0,0.0,39.70967741935484,5.67741935483871,3.6774193548387095,2.6774193548387095,54.064516129032256,162.98574948642099,1.0,113.92123335738873,,,,964.7135882503036,990.0,0.09544968732491624,0.001392123335738878,989.9031581893387,0.09212352948382733,,,,25.097446409551956,,,,0.8990322580645164,,,,0.4556849334295551,,,,0.9658064516129036,,,,24.378762270358425,,,,24.378762270358425,0.11083278971328225,27.325473426522283,21.17512637067889,1,1,18137.799129146664,31,0.13543756816865787
2025.11,2025.0,11.0,2025.0,2.0,46.5,7.066666666666666,0.4375,0.0,244.3093639910573,244.3093639910573,-0.2000000000000001,222.93229464183977,37.333333333333336,5.333333333333333,3.3333333333333335,2.3333333333333335,49.0,97.33333333333333,0.4429019106321173,125.59896130850645,0.0,0.0,0.0,0.0,0.0,0.0,37.333333333333336,5.333333333333333,3.3333333333333335,2.3333333333333335,49.0,171.59896130850646,1.0,125.59896130850645,,,,964.7291218293924,990.0,0.09837875418417809,0.002612289299363936,989.8990089565166,0.11741186238219228,,,,25.052475264742057,,,,0.903666666666667,,,,0.5023958452340259,,,,0.965333333333333,,,,27.018056659424072,,,,27.018056659424072,0.11963665859444142,47.976038224309576,21.184360586707026,1,1,19453.000794785337,30,0.15010031477457822
2025.12,2025.0,12.0,2025.0,3.0,77.0,11.419354838709678,0.4375,0.0,364.08426638699,364.08426638699,-0.16999999999999996,337.0054990744576,38.0,5.0,4.0,3.0,54.0,104.0,0.3117721858706308,233.0054990744577,0.0,0.0,0.0,0.0,0.0,0.0,38.0,5.0,4.0,3.0,54.0,280.00549907445765,1.0,233.0054990744577,,,,965.0248100747409,990.0,0.13492357104875974,0.01703256577447277,989.8480438631768,0.3915720567509212,,,,24.431661731684635,,,,0.9425806451612898,,,,0.9320219962978303,,,,0.9774193548387099,,,,51.47922502174159,,,,51.47922502174159,0.15199049351826963,60.2884589349613,35.281687407639495,1,1,38300.543416175715,31,0.28599569456523083
2026.01,2026.0,1.0,2025.0,4.0,108.0,15.870967741935484,0.44999999999999973,0.0,455.77622646582734,455.77622646582734,-0.17999999999999997,418.85835212209537,36.25806451612903,5.32258064516129,4.0,3.0,51.774193548387096,100.35483870967742,0.2432053463874532,318.50351341241793,0.0,0.0,0.0,0.0,0.0,0.0,36.25806451612903,5.32258064516129,4.0,3.0,51.774193548387096,364.0841585737083,1.7419354838709677,192.60232993870528,169.69289946456928,,,965.3484098629318,990.0,0.16286927775510604,0.033700702682483596,989.8034300195626,0.27471878608140327,0.2057359286191311,,,24.18030137054918,24.17985694521476,,,0.9306451612903227,0.9239130434782609,,,0.7704093197548215,0.6787715978582771,,,0.97258064516129,0.9699999999999998,,,41.4925099377753,36.071128073475926,,,68.2549597987413,0.16233416130832187,86.5684650711533,55.42596481038214,2,1,50781.690090263524,31,0.3791942211041183
2026.02,2026.0,2.0,2025.0,5.0,137.5,20.071428571428573,0.4499999999999998,0.0,806.150316738782,806.150316738782,-0.16000000000000006,748.1074939335895,38.0,6.285714285714286,5.0,4.0,60.857142857142854,114.14285714285714,0.15775617425956062,633.9646367907322,0.0,0.0,0.0,0.0,0.0,0.0,38.0,6.285714285714286,5.0,4.0,60.857142857142854,683.2503510764465,2.7857142857142856,226.89011992283167,226.89011992283167,231.53230647641192,215.3497638033684,966.7758833096262,990.0,0.32022859895776,0.1261853493646312,989.5535860516774,0.36604657858376394,0.36604657858376394,0.3805068558783143,0.3286015421126913,22.411656163467285,22.411656163467285,21.881583483003947,21.12184102827739,0.9389285714285717,0.9389285714285717,0.9389473684210524,0.9366666666666666,0.9075604796913268,0.9075604796913268,0.9261292259056475,0.8613990552134737,0.9778571428571431,0.9778571428571431,0.978421052631579,0.9733333333333333,45.75790434829458,45.75790434829458,45.67573471716471,40.678343408321275,126.86845119127106,0.1698296153607189,169.72897681133034,83.71059833606955,4,2,85255.59920053414,28,0.7048247288403947
2026.03,2026.0,3.0,2025.0,6.0,167.0,24.258064516129032,0.44999999999999973,0.0,1104.642245922419,1104.642245922419,-0.4100000000000001,900.835751549733,46.16129032258065,8.64516129032258,8.290322580645162,7.935483870967742,92.80645161290323,163.83870967741936,0.18346922694167409,736.9970418723135,0.0,0.0,0.0,0.0,0.0,0.0,46.16129032258065,8.64516129032258,8.290322580645162,7.935483870967742,92.80645161290323,800.093816065862,3.161290322580645,234.25972516774726,234.25972516774726,234.25972516774726,212.15077148824548,967.4267573749031,990.0,0.39248273553194524,0.16309493460436286,989.4444223298636,0.39074136818852656,0.39074136818852656,0.39074136818852656,0.31877965822961085,21.62692358677197,21.62692358677197,21.62692358677197,21.2343299350135,0.9390322580645163,0.9390322580645163,0.9390322580645163,0.9339999999999999,0.9370389006709892,0.9370389006709892,0.9370389006709892,0.848603085952982,0.978709677419355,0.978709677419355,0.978709677419355,0.9719999999999999,45.673420804875455,45.673420804875455,45.673420804875455,40.120926447343194,143.49137958355266,0.159107743181477,168.26172937606538,130.4340539345433,4,3,106757.5864101632,31,0.7971743310197372
2026.04,2026.0,4.0,2025.0,7.0,197.5,28.666666666666668,0.4499999999999998,0.0,2025.2354162474417,2025.2354162474417,-0.2899999999999999,1760.9421944271496,51.0,12.333333333333334,12.666666666666666,16.0,102.0,194.0,0.11162468114666545,1085.0798517616413,481.86234266550895,36.700378584386954,4.2366628506105775,8.859343389123028,39.11393521315873,392.95202262822954,87.70037858438695,16.56999618394391,21.526010055789694,55.113935213158726,494.95202262822966,1210.8762365857617,4.0,271.2699629404103,271.2699629404103,271.2699629404103,271.2699629404103,970.3711429455813,990.0,0.8706599717758771,0.4612647889859715,988.6680752392384,0.5210808814644443,0.5210808814644443,0.5210808814644443,0.5210808814644443,17.775851412192633,17.775851412192633,17.775851412192633,17.775851412192633,0.9295818445349328,0.9295818445349328,0.9295818445349328,0.9295818445349328,1.0850798517616418,1.0850798517616418,1.0850798517616418,1.0850798517616418,0.9800000000000003,0.9800000000000003,0.9800000000000003,0.9800000000000003,43.025029448194886,43.025029448194886,43.025029448194886,43.025029448194886,172.10011779277954,0.10421842707568975,191.4409012267447,161.5325646527911,4,4,123912.08481080126,30,0.9561117655154419
2026.05,2026.0,5.0,2025.0,8.0,228.0,33.0,0.44999999999999973,0.0,1898.571623076468,1898.571623076468,-0.24000000000000016,1693.5258877842093,55.0,13.0,13.0,17.0,178.0,276.0,0.16536590604155452,1098.1506375904844,319.375250193725,35.9634601106981,4.413642108114512,9.316588831413863,19.671663961207695,250.00989518229073,90.96346011069811,17.41364210811451,22.31658883141387,36.671663961207706,428.00989518229073,1228.844328640711,4.0,274.5376593976211,274.5376593976211,274.5376593976211,274.5376593976211,970.2109904005112,990.0,0.8952261241679149,0.47759582886763,988.6271780469647,0.5331695808674229,0.5331695808674229,0.5331695808674229,0.5331695808674229,17.88301806558593,17.88301806558593,17.88301806558593,17.88301806558593,0.930541523685266,0.930541523685266,0.930541523685266,0.930541523685266,1.098150637590485,1.098150637590485,1.098150637590485,1.098150637590485,0.9800000000000003,0.9800000000000003,0.9800000000000003,0.9800000000000003,43.91955057439362,43.91955057439362,43.91955057439362,43.91955057439362,175.67820229757447,0.10573078820073169,187.26452064780452,165.25798101016932,4,4,130704.58250939542,31,0.9759900127643028
2026.06,2026.0,6.0,2025.0,9.0,258.5,37.333333333333336,0.4499999999999998,0.0,1068.1652285766577,1068.1652285766577,-0.24000000000000016,952.8033838903789,53.0,12.0,12.0,13.0,120.0,210.0,0.23272270505693277,742.8033838903787,0.0,0.0,0.0,0.0,0.0,0.0,53.0,12.0,12.0,13.0,120.0,819.8033838903787,3.1333333333333333,236.26584078296733,236.26584078296733,237.76538631969512,239.77604755833605,967.6051147651177,990.0,0.43866808487680115,0.19739881381685806,989.3639331013063,0.3990923203568685,0.3990923203568685,0.4036979141673216,0.410205548348781,21.35972601583171,21.35972601583171,20.81889711532242,20.1780803566081,0.9383333333333336,0.9383333333333336,0.938181818181818,0.938333333333333,0.9450633631318693,0.9450633631318693,0.9510615452787806,0.9591041902333441,0.9780000000000001,0.9780000000000001,0.9781818181818184,0.9783333333333336,45.322084985492445,45.322084985492445,44.46384929413628,43.472103470653344,140.6398341749462,0.14696352145129893,189.63536731333062,79.59885429219563,4,2,101260.68060596123,30,0.7813324120830342
2026.07,2026.0,7.0,2025.0,10.0,289.0,41.74193548387097,0.44999999999999973,0.0,495.5513018177646,495.5513018177646,-0.16999999999999996,457.64162722870583,50.0,10.0,9.0,9.0,108.0,186.0,0.4140520424550821,271.64162722870583,0.0,0.0,0.0,0.0,0.0,0.0,50.0,10.0,9.0,9.0,108.0,340.64162722870583,1.4193548387096775,201.00091360685076,168.45093248288507,,,965.5172555731235,990.0,0.15508393524200562,0.024415918827584347,989.8205001459302,0.295044422051323,0.2036375452056847,,,24.00820015075539,23.781096103415674,,,0.9329032258064519,0.9223076923076923,,,0.804003654427403,0.6738037299315403,,,0.973548387096774,0.9700000000000001,,,43.12395159965475,35.14985608750377,,,57.864213829898276,0.1251361549994333,85.92557824644855,40.289757664051145,2,1,43050.9750894443,31,0.32146785461054583
2026.08,2026.0,8.0,2025.0,11.0,320.0,46.12903225806452,0.44999999999999973,0.0,346.5203066220476,346.5203066220476,-0.16999999999999996,320.0115031654609,47.0,8.0,6.0,5.0,89.0,155.0,0.4871211389145586,165.01150316546094,0.0,0.0,0.0,0.0,0.0,0.0,47.0,8.0,6.0,5.0,89.0,226.01150316546085,1.0,165.01150316546094,,,,964.9612736014803,990.0,0.1168744732643238,0.006584563553884764,989.8765409631815,0.19689927227002058,,,,24.71836808943135,,,,0.9222580645161292,,,,0.6600460126618437,,,,0.9703225806451609,,,,35.82938776526852,,,,35.82938776526852,0.11132312138954098,46.895735092088024,26.83632228979845,1,1,26657.064497359766,31,0.1990521542514917
2026.09,2026.0,9.0,2025.0,12.0,350.5,50.5,0.4499999999999998,0.0,274.47770067867344,274.47770067867344,-0.14000000000000007,257.185605535917,44.0,6.666666666666667,5.333333333333333,3.6666666666666665,71.66666666666667,131.33333333333334,0.5139243710614009,125.85227220258365,0.0,0.0,0.0,0.0,0.0,0.0,44.0,6.666666666666667,5.333333333333333,3.6666666666666665,71.66666666666667,181.85227220258363,1.0,125.85227220258365,,,,964.7761612163449,990.0,0.101881456432699,0.0026377361311356474,989.8954808074361,0.11554775379713449,,,,25.003771837294316,,,,0.903,,,,0.5034090888103347,,,,0.9663333333333336,,,,27.014612576536493,,,,27.014612576536493,0.10424391003846217,35.94732356203832,19.992338830672647,1,1,19450.52105510627,30,0.15008118098075826
2026.1,2026.0,10.0,2026.0,1.0,16.0,2.7419354838709675,0.44999999999999973,0.0,229.6609637606817,229.6609637606817,-0.16000000000000006,213.12537436991258,39.58064516129032,5.645161290322581,3.6451612903225805,2.6451612903225805,53.87096774193548,105.38709677419355,0.4954616647222649,107.73827759571907,0.0,0.0,0.0,0.0,0.0,0.0,39.58064516129032,5.645161290322581,3.6451612903225805,2.6451612903225805,53.87096774193548,156.60924533765458,1.0,107.73827759571907,,,,964.6633982219893,990.0,0.09327587909238223,0.0009994772462657837,989.9057246436614,0.08268413853524281,,,,25.159642283136733,,,,0.8916129032258064,,,,0.43095311038287615,,,,0.9635483870967746,,,,22.871793837836382,,,,22.871793837836382,0.10705198403344761,26.539088035051037,17.56201585150988,1,1,17016.61461535027,31,0.12706552132131324
2026.11,2026.0,11.0,2026.0,2.0,46.5,7.066666666666666,0.4499999999999998,0.0,283.6516003949866,283.6516003949866,-0.2000000000000001,258.1229563594378,40.0,6.0,4.0,3.0,53.0,106.0,0.41617074511637436,152.12295635943786,0.0,0.0,0.0,0.0,0.0,0.0,40.0,6.0,4.0,3.0,53.0,202.12295635943784,1.0,152.12295635943786,,,,964.7877665846767,990.0,0.108768351980778,0.005257020930280538,989.8859746270886,0.17020020669942507,,,,24.928007835713107,,,,0.9166666666666671,,,,0.6084918254377513,,,,0.9696666666666663,,,,33.1171974838275,,,,33.1171974838275,0.12697913548736367,45.71928509765819,23.845965941679875,1,1,23844.38218835581,30,0.1839844304657084
2026.12,2026.0,12.0,2026.0,3.0,77.0,11.419354838709678,0.44999999999999973,0.0,402.33040734142656,402.33040734142656,-0.16999999999999996,371.5521311798074,40.58064516129032,6.290322580645161,4.645161290322581,3.0,58.516129032258064,113.03225806451613,0.3090740233185014,258.5198731152913,0.0,0.0,0.0,0.0,0.0,0.0,40.58064516129032,6.290322580645161,4.645161290322581,3.0,58.516129032258064,310.03600214754937,1.3548387096774193,202.92746219067496,156.66952169664603,,,965.1563010341926,990.0,0.14491970551025624,0.021726298719915188,989.83335399577,0.30161302750093866,0.1743508184798964,,,24.375439934076212,24.29086466611287,,,0.9325806451612906,0.9181818181818181,,,0.8117098487627,0.6266780867865841,,,0.974838709677419,0.97,,,44.253090809361495,33.24737586346554,,,56.050546760913775,0.15004481032834224,71.2194189667497,42.87910819719284,2,1,41701.60679011986,31,0.3113919264495211
2027.01,2027.0,1.0,2026.0,4.0,108.0,15.870967741935484,0.46250000000000024,0.0,582.2907117369604,582.2907117369604,-0.17999999999999997,533.8150099848583,44.38709677419355,6.67741935483871,5.354838709677419,3.6774193548387095,72.7741935483871,132.8709677419355,0.2526434806586399,400.94404224292293,0.0,0.0,0.0,0.0,0.0,0.0,44.38709677419355,6.67741935483871,5.354838709677419,3.6774193548387095,72.7741935483871,457.36339708163246,2.0,200.47202112146147,200.47202112146147,,,965.8499058934126,990.0,0.1962251352909528,0.050427207412312554,989.7533476572968,0.29233327902622486,0.29233327902622486,,,23.611108484858153,23.611108484858153,,,0.9322580645161295,0.9322580645161295,,,0.801888084485846,0.801888084485846,,,0.9745161290322584,0.9745161290322584,,,42.147412713038555,42.147412713038555,,,84.29482542607711,0.1572168688056071,109.75649895678848,64.8898829996002,2,2,62715.35011700136,31,0.4683045857004283
2027.02,2027.0,2.0,2026.0,5.0,137.5,20.071428571428573,0.46250000000000024,0.0,1242.69527013926,1242.69527013926,-0.16000000000000006,1150.7358201489546,46.857142857142854,7.642857142857143,6.285714285714286,4.642857142857143,87.64285714285714,153.07142857142858,0.14715294794417208,856.8914830768665,140.7729085006595,13.100887782147534,2.497521037318548,3.9975744589218025,4.3448428549586255,116.83208236731296,59.95803063929039,10.14037818017569,10.28328874463609,8.987699997815769,204.4749395101701,937.2731806409687,3.5,241.65630311644685,241.65630311644685,241.65630311644685,263.8451474550519,968.2798613254912,990.0,0.5628714949219606,0.27851798251330134,989.158610522565,0.4190577076602629,0.4190577076602629,0.4190577076602629,0.4944880438504175,20.459691489413476,20.459691489413476,20.459691489413476,18.74382664146489,0.9347004985267467,0.9347004985267467,0.9347004985267467,0.9336867113392081,0.9666252124657879,0.9666252124657879,0.9666252124657879,1.0553805898202075,0.9778571428571431,0.9778571428571431,0.9778571428571431,0.9800000000000003,43.88802397555167,43.88802397555167,43.88802397555167,44.23069020458017,153.77941702894506,0.14428704973346312,192.0862681820274,112.90840179268993,4,3,103339.7682434511,28,0.8543300946052504
2027.03,2027.0,3.0,2026.0,6.0,167.0,24.258064516129032,0.46250000000000024,0.0,3096.808661656801,3096.808661656801,-0.4100000000000001,2509.57631919013,59.0,11.0,12.0,13.0,144.0,239.0,0.09659901376194148,1100.0,1170.5763191901294,41.0,7.0,13.0,59.395863101075555,1050.180456089054,100.0,18.0,25.0,72.39586310107553,1194.180456089054,1243.0,4.0,275.0,275.0,275.0,275.0,972.4483274029195,990.0,0.9219672131147545,0.4800000000000003,988.5980327868855,0.5349347800000003,0.5349347800000003,0.5349347800000003,0.5349347800000003,15.614770603966146,15.614770603966146,15.614770603966146,15.614770603966146,0.9157297628355705,0.9157297628355705,0.9157297628355705,0.9157297628355705,1.1000000000000005,1.1000000000000005,1.1000000000000005,1.1000000000000005,0.9800000000000003,0.9800000000000003,0.9800000000000003,0.9800000000000003,37.81513088990337,37.81513088990337,37.81513088990337,37.81513088990337,151.26052355961346,0.061545184218207365,169.83613172905382,142.4773578654196,4,4,112537.82952835242,31,0.8403362419978526
2027.04,2027.0,4.0,2026.0,7.0,197.5,28.666666666666668,0.46250000000000024,0.0,3297.9828592120407,3297.9828592120407,-0.2899999999999999,2855.6409082202254,70.0,14.0,18.0,25.0,168.0,295.0,0.10386806333668683,1100.0,1460.6409082202256,30.0,4.000000000000001,7.0,55.0,1364.6409082202258,100.0,18.0,25.0,80.0,1532.6409082202256,1243.0,4.0,275.0,275.0,275.0,275.0,973.2814997905577,990.0,0.9219672131147545,0.4800000000000003,988.5980327868855,0.5349347800000003,0.5349347800000003,0.5349347800000003,0.5349347800000003,14.781598216327499,14.781598216327499,14.781598216327499,14.781598216327499,0.9070696087298115,0.9070696087298115,0.9070696087298115,0.9070696087298115,1.1000000000000005,1.1000000000000005,1.1000000000000005,1.1000000000000005,0.9800000000000003,0.9800000000000003,0.9800000000000003,0.9800000000000003,35.45539859200192,35.45539859200192,35.45539859200192,35.45539859200192,141.82159436800768,0.05007696417721958,148.1373438766019,130.92192107945618,4,4,102111.54794496552,30,0.7878977464889315
2027.05,2027.0,5.0,2026.0,8.0,228.0,33.0,0.46250000000000024,0.0,3352.2914692663967,3352.2914692663967,-0.24000000000000016,2980.1871161778276,69.06451612903226,14.0,17.677419354838708,23.677419354838708,209.4516129032258,333.8709677419355,0.11384777321633406,1100.0,1546.3161484358914,30.93548387096774,4.0,7.32258064516129,56.32258064516129,1447.7355032746011,100.0,18.0,25.0,80.0,1657.1871161778265,1243.0,4.0,275.0,275.0,275.0,275.0,973.5447251448192,990.0,0.9219672131147545,0.4800000000000003,988.5980327868855,0.5349347800000003,0.5349347800000003,0.5349347800000003,0.5349347800000003,14.518372862066212,14.518372862066212,14.518372862066212,14.518372862066212,0.9032284621928889,0.9032284621928889,0.9032284621928889,0.9032284621928889,1.1000000000000005,1.1000000000000005,1.1000000000000005,1.1000000000000005,0.9800000000000003,0.9800000000000003,0.9800000000000003,0.9800000000000003,34.68856770970886,34.68856770970886,34.68856770970886,34.68856770970886,138.75427083883545,0.04757013588367182,155.5126359750269,128.39152639897765,4,4,103233.1775040936,31,0.7708570602157527
2027.06,2027.0,6.0,2026.0,9.0,258.5,37.333333333333336,0.46250000000000024,0.0,1879.557484775352,1879.557484775352,-0.24000000000000016,1670.9266039652869,67.0,13.0,15.0,17.0,181.0,293.0,0.18407208825623314,1053.9320495815346,323.99455438375276,21.78394478030333,3.3549669629160466,6.382445231842575,18.798318855030022,273.67487855366073,88.78394478030333,16.354966962916045,21.382445231842574,35.79831885503002,454.6748785536608,1180.4534065565965,3.933333333333333,267.91578942070515,267.91578942070515,267.91578942070515,268.0550156993777,970.0979520795668,990.0,0.8309988669493489,0.43155402773837886,988.7374471053123,0.5093228707989035,0.5093228707989035,0.5093228707989035,0.5099423231825074,18.130172154946475,18.130172154946475,18.130172154946475,17.94930200365161,0.9316083491248909,0.9316083491248909,0.9316083491248909,0.9310089454909544,1.0716631576828206,1.0716631576828206,1.0716631576828206,1.0722200627975107,0.9800000000000003,0.9800000000000003,0.9800000000000003,0.9800000000000003,43.39081931786033,43.39081931786033,43.39081931786033,42.94323478430503,170.25281041893234,0.10704283321121803,187.1556712141754,146.62307039769374,4,3,122582.02350163131,30,0.9458489467718465
2027.07,2027.0,7.0,2026.0,10.0,289.0,41.74193548387097,0.46250000000000024,0.0,821.2748826097275,821.2748826097275,-0.16999999999999996,756.7021449645376,63.0,12.0,13.0,13.0,155.0,256.0,0.3620084121056966,500.70214496453775,0.0,0.0,0.0,0.0,0.0,0.0,63.0,12.0,13.0,13.0,155.0,588.7021449645376,2.2580645161290325,222.11053709755782,215.61127304366545,234.92643702442265,211.32950044800225,966.8025615311099,990.0,0.2764911290528154,0.08738109872361584,989.6361277722235,0.359457135328719,0.3393151643703502,0.39533514225357397,0.31614428215237983,22.474109105785246,22.25635037349002,21.307951421619634,20.73513514342136,0.9354838709677421,0.9334615384615386,0.9374999999999997,0.94,0.8884421483902315,0.8624450921746617,0.9397057480976906,0.845318001792009,0.9758064516129031,0.9749999999999998,0.9766666666666669,0.97,44.62798604169453,42.644622343830115,44.90062305055606,39.195444317020616,99.039699005026,0.1275806493583246,156.7817772680825,51.38587866931528,4,1,73685.53605973934,31,0.5502205500279223
2027.08,2027.0,8.0,2026.0,11.0,320.0,46.12903225806452,0.46250000000000024,0.0,433.86121038448186,433.86121038448186,-0.16999999999999996,399.748872718002,55.29032258064516,9.32258064516129,8.64516129032258,6.32258064516129,110.2258064516129,189.80645161290323,0.4787555264570298,209.9424211050988,0.0,0.0,0.0,0.0,0.0,0.0,55.29032258064516,9.32258064516129,8.64516129032258,6.32258064516129,110.2258064516129,283.2004856212278,1.064516129032258,200.77231232037244,142.1366861632585,,,965.2707876693939,990.0,0.1359985559806446,0.01312971207244818,989.850871731947,0.2944182927597809,0.1429472775052199,,,24.285665769793237,24.029316499052833,,,0.9325806451612906,0.91,,,0.8030892492814898,0.5685467446530341,,,0.9741935483870964,0.97,,,43.50204898159997,29.574846113208558,,,45.410103569548916,0.11279592356912388,59.996260375970095,32.67216871309753,2,1,33785.1170557444,31,0.2522783531641607
2027.09,2027.0,9.0,2026.0,12.0,350.5,50.5,0.46250000000000024,0.0,315.201643314195,315.201643314195,-0.14000000000000007,294.7923369096008,46.0,7.0,6.0,4.0,75.0,138.0,0.47157171678457427,156.79233690960083,0.0,0.0,0.0,0.0,0.0,0.0,46.0,7.0,6.0,4.0,75.0,215.7923369096008,1.0,156.79233690960083,,,,964.8801288904215,990.0,0.11342369588633652,0.005679233690960088,989.8808970704227,0.17842141216735277,,,,24.822346767833828,,,,0.9186666666666665,,,,0.6271693476384035,,,,0.9699999999999995,,,,34.04691035489461,,,,34.04691035489461,0.11470074993566517,43.26195592940598,25.301724691711502,1,1,24513.775455524104,30,0.1891495019716366
2027.1,2027.0,10.0,2027.0,1.0,16.0,2.7419354838709675,0.46250000000000024,0.0,266.5006261563938,266.5006261563938,-0.16000000000000006,246.77957982082057,41.0,6.0,4.0,3.0,56.0,110.0,0.4459458418016511,136.7795798208206,0.0,0.0,0.0,0.0,0.0,0.0,41.0,6.0,4.0,3.0,56.0,187.77957982082057,1.0,136.7795798208206,,,,964.7519251075879,990.0,0.10390212948437062,0.003677957982082056,989.8924199125338,0.1325000295326372,,,,25.007994775413085,,,,0.91,,,,0.5471183192832824,,,,0.9699999999999995,,,,29.61878280139893,,,,29.61878280139893,0.11997934312884145,31.039990182375284,28.108945221179376,1,1,22036.374404240796,31,0.16454879334110512
2027.11,2027.0,11.0,2027.0,2.0,46.5,7.066666666666666,0.46250000000000024,0.0,242.55473050563495,242.55473050563495,-0.2000000000000001,220.11841793386373,38.666666666666664,5.666666666666667,3.6666666666666665,2.6666666666666665,51.0,101.66666666666667,0.4619477660207849,118.45175126719705,0.0,0.0,0.0,0.0,0.0,0.0,38.666666666666664,5.666666666666667,3.6666666666666665,2.6666666666666665,51.0,166.45175126719707,1.0,118.45175126719705,,,,964.7152987888783,990.0,0.09663127884108987,0.0018451751267197026,989.9015235460319,0.09942560024753706,,,,25.086799156905954,,,,0.9009999999999996,,,,0.47380700506878815,,,,0.9669999999999997,,,,25.41345583561797,,,,25.41345583561797,0.1154094617659694,27.94898711095486,22.805881463125292,1,1,18297.688201644927,30,0.1411858657534331
2027.12,2027.0,12.0,2027.0,3.0,77.0,11.419354838709678,0.46250000000000024,0.0,284.6822438507382,284.6822438507382,-0.16999999999999996,262.29910242797393,29.225806451612904,4.645161290322581,3.0,2.0,31.741935483870968,70.61290322580645,0.2783765763084395,191.68619920216742,0.0,0.0,0.0,0.0,0.0,0.0,29.225806451612904,4.645161290322581,3.0,2.0,31.741935483870968,228.5571669441029,1.032258064516129,186.65032536317324,156.112089008819,,,964.8024070330479,990.0,0.1176557951262097,0.010917856750584914,989.8714263481234,0.2584482881079327,0.17248514513091226,,,24.810571026967434,24.488716724632408,,,0.9290322580645164,0.92,,,0.7466013014526931,0.6244483560352759,,,0.9729032258064516,0.97,,,41.132688626006626,33.46810568810925,,,42.21230493852628,0.15882060037804635,66.93621137621851,32.233264802679486,2,1,31405.954874263552,31,0.2345128052140349
2028.01,2028.0,1.0,2027.0,4.0,108.0,15.870967741935484,0.47499999999999976,0.0,493.556066594979,493.556066594979,-0.17999999999999997,451.3570229011082,34.0,5.0,4.0,3.0,45.0,91.0,0.2046512891831928,360.3570229011083,0.0,0.0,0.0,0.0,0.0,0.0,34.0,5.0,4.0,3.0,45.0,403.3570229011082,2.0,180.17851145055414,180.17851145055414,,,965.4891930475526,990.0,0.17644502895223027,0.042079630367320854,989.7814753406802,0.23562851700459556,0.23562851700459556,,,24.056653776123248,24.056653776123248,,,0.9274193548387101,0.9274193548387101,,,0.7207140458022164,0.7207140458022164,,,0.9709677419354835,0.9709677419354835,,,38.25704847593548,38.25704847593548,,,76.51409695187095,0.16897456995158977,104.84093298628795,63.22227197608305,2,2,56926.48813219198,31,0.425078316399283
2028.02,2028.0,2.0,2027.0,5.0,138.0,20.137931034482758,0.47499999999999976,0.0,701.5793913471432,701.5793913471432,-0.16000000000000006,648.2593576047606,38.41379310344828,6.344827586206897,5.0,4.0,62.275862068965516,116.03448275862068,0.17873292654731146,532.2248748461396,0.0,0.0,0.0,0.0,0.0,0.0,38.41379310344828,6.344827586206897,5.0,4.0,62.275862068965516,581.9834955357949,2.103448275862069,256.30355500292166,256.30355500292166,189.6383934561978,,966.3564440003341,990.0,0.2540484032091564,0.08288994993845586,989.663061646852,0.4686577885701916,0.4686577885701916,0.25463246797198985,,22.83795985794794,22.83795985794794,22.904912328305418,,0.9455172413793101,0.9455172413793101,0.93,,1.0252142200116872,1.0252142200116872,0.7585535738247913,,0.9789655172413796,0.9789655172413796,0.9700000000000001,,53.18654020830681,53.18654020830681,38.438937426879875,,110.3495222193943,0.1703052960918515,116.03075116431472,105.16638888813186,3,2,76803.26746469841,29,0.613052901218857
2028.03,2028.0,3.0,2027.0,6.0,168.0,24.419354838709676,0.47499999999999976,0.0,854.008981201248,854.008981201248,-0.4100000000000001,687.6907321123045,37.61290322580645,8.0,6.32258064516129,4.645161290322581,57.516129032258064,114.09677419354838,0.166696325425882,573.5939579187564,0.0,0.0,0.0,0.0,0.0,0.0,37.61290322580645,8.0,6.32258064516129,4.645161290322581,57.516129032258064,625.5294417897239,2.7096774193548385,215.96211104761366,215.96211104761366,199.62553684224596,,966.5279291476264,990.0,0.2792924300230285,0.09838053627139735,989.6223270337058,0.33556311088588736,0.33556311088588736,0.283186243070433,,22.75883477519363,22.75883477519363,22.66782539801746,,0.9361290322580647,0.9361290322580647,0.9327272727272728,,0.8638484441904544,0.8638484441904544,0.7985021473689837,,0.9748387096774194,0.9748387096774194,0.972727272727273,,44.08107620075996,44.08107620075996,40.27094058239219,,116.741529589024,0.16976856636096888,131.66948440017651,103.48137285810652,3,2,86855.69801423386,31,0.6485640532723556
2028.04,2028.0,4.0,2027.0,7.0,198.5,28.8,0.47499999999999976,0.0,900.274063667469,900.274063667469,-0.2899999999999999,776.261311397275,40.0,10.0,8.0,5.0,62.0,125.0,0.1611046851528413,651.2613113972748,0.0,0.0,0.0,0.0,0.0,0.0,40.0,10.0,8.0,5.0,62.0,709.2613113972751,3.0,217.08710379909164,217.08710379909164,217.08710379909164,,966.9102870380498,990.0,0.3278326442882753,0.12537839341918264,989.5467889622921,0.3338145142402877,0.3338145142402877,0.3338145142402877,,22.30268741000224,22.30268741000224,22.30268741000224,,0.9393333333333337,0.9393333333333337,0.9393333333333337,,0.8683484151963665,0.8683484151963665,0.8683484151963665,,0.9793333333333336,0.9793333333333336,0.9793333333333336,,43.68933076757039,43.68933076757039,43.68933076757039,,131.0679923027111,0.16884118808366927,137.01609056694448,125.25902173094721,3,3,94368.95445795204,30,0.7281555127928399
2028.05,2028.0,5.0,2027.0,8.0,229.0,33.12903225806452,0.47499999999999976,0.0,984.0616873495891,984.0616873495891,-0.24000000000000016,871.8786549917355,43.774193548387096,9.35483870967742,8.709677419354838,7.419354838709677,93.70967741935483,162.96774193548387,0.18652332427427748,708.9109130562517,0.0,0.0,0.0,0.0,0.0,0.0,43.774193548387096,9.35483870967742,8.709677419354838,7.419354838709677,93.70967741935483,770.749622733671,3.0,236.30363768541727,236.30363768541727,236.30363768541727,,967.3089116515965,990.0,0.3651654515953824,0.1459065767953261,989.4889279716094,0.3957311874754945,0.3957311874754945,0.3957311874754945,,21.784285132537306,21.784285132537306,21.784285132537306,,0.9400000000000004,0.9400000000000004,0.9400000000000004,,0.9452145507416689,0.9452145507416689,0.9452145507416689,,0.9800000000000003,0.9800000000000003,0.9800000000000003,,46.50501593133523,46.50501593133523,46.50501593133523,,139.51504779400574,0.16015569675023947,147.6646001480247,131.3583159781208,3,3,103799.19555874026,31,0.7750835988555874
2028.06,2028.0,6.0,2027.0,9.0,259.5,37.5,0.47499999999999976,0.0,747.5408774948075,747.5408774948075,-0.24000000000000016,662.3212174603993,45.0,10.0,9.0,9.0,88.0,161.0,0.25627691674669245,501.3212174603995,0.0,0.0,0.0,0.0,0.0,0.0,45.0,10.0,9.0,9.0,88.0,565.3212174603996,2.433333333333333,203.60086005873208,203.60086005873208,217.1988400221583,,966.4092245973039,990.0,0.2542988065649782,0.08148214826786013,989.6642190451672,0.30155822665006776,0.30155822665006776,0.33556583335054485,,22.953436221213043,22.953436221213043,22.14535329254863,,0.9326666666666668,0.9326666666666668,0.9369230769230766,,0.8144034402349283,0.8144034402349283,0.8687953600886331,,0.9746666666666663,0.9746666666666663,0.9769230769230772,,41.56667937944328,41.56667937944328,43.17245557723041,,101.84142284235308,0.15188815813847753,140.67681784343182,58.236745701678345,3,2,73325.82444649423,30,0.5657856824575171
2028.07,2028.0,7.0,2027.0,10.0,290.0,41.87096774193548,0.47499999999999976,0.0,405.7923494899969,405.7923494899969,-0.16999999999999996,373.02461726867966,42.0,9.0,8.0,6.0,70.0,135.0,0.36622320782688406,238.02461726867966,0.0,0.0,0.0,0.0,0.0,0.0,42.0,9.0,8.0,6.0,70.0,297.02461726867966,1.2258064516129032,204.60360522520992,148.0073390496518,,,965.1627206725021,990.0,0.14059858138074233,0.017895650496181484,989.8415057681232,0.30762796492237937,0.1551738869534682,,,24.37115713069832,24.257624899118195,,,0.9338709677419355,0.9157142857142857,,,0.8184144209008396,0.592029356198607,,,0.9745161290322578,0.9699999999999999,,,44.63443703481877,31.286821294860033,,,51.69920313365812,0.1378179056879158,65.95621357767425,39.72020777895847,2,1,38464.20713144167,31,0.28721779518698975
2028.08,2028.0,8.0,2027.0,11.0,321.0,46.25806451612903,0.47499999999999976,0.0,306.8835977921492,306.8835977921492,-0.16999999999999996,282.10274727043316,39.0,7.0,5.0,4.0,60.0,115.0,0.41000164770652403,167.10274727043313,0.0,0.0,0.0,0.0,0.0,0.0,39.0,7.0,5.0,4.0,60.0,218.10274727043313,1.0,167.10274727043313,,,,964.8415267387606,990.0,0.11421900852408443,0.0067102747270433175,989.8790707167491,0.20081274631731383,,,,24.836731231670925,,,,0.9229032258064519,,,,0.6684109890817328,,,,0.9699999999999995,,,,36.46066650622061,,,,36.46066650622061,0.12870589375651684,43.21938888469729,28.225560669401606,1,1,27126.735880628137,31,0.2025592583678923
2028.09,2028.0,9.0,2027.0,12.0,351.5,50.666666666666664,0.47499999999999976,0.0,232.25209534635317,232.25209534635317,-0.14000000000000007,216.80733100582083,34.0,6.0,4.0,3.0,44.0,91.0,0.42145797494599685,125.80733100582069,0.0,0.0,0.0,0.0,0.0,0.0,34.0,6.0,4.0,3.0,44.0,169.80733100582077,1.0,125.80733100582069,,,,964.7054795285172,990.0,0.09777522647925702,0.002580733100582075,989.89964404042,0.11330433140653924,,,,25.080860180496746,,,,0.9059999999999998,,,,0.5032293240232829,,,,0.969333333333333,,,,27.20476558637288,,,,27.20476558637288,0.12504739213417912,34.52447710679357,22.792527555953253,1,1,19587.431222188465,30,0.15113758659096038
2028.1,2028.0,10.0,2028.0,1.0,16.0,2.7419354838709675,0.47499999999999976,0.0,212.34131202513922,212.34131202513922,-0.16000000000000006,196.2033723112286,37.0,5.0,3.0,2.0,50.0,97.0,0.4950090454528785,99.20337231122858,0.0,0.0,0.0,0.0,0.0,0.0,37.0,5.0,3.0,2.0,50.0,144.2033723112286,1.0,99.20337231122858,,,,964.5181290019186,990.0,0.08904660419700974,0.00025709258522913197,989.9106963032175,0.06955830800862906,,,,25.32300899329082,,,,0.8835483870967742,,,,0.39681348924491416,,,,0.9600000000000006,,,,20.906757827174285,,,,20.906757827174285,0.10641437270167009,23.54094750064806,18.11900452860488,1,1,15554.627823417668,31,0.1161486545954127
2028.11,2028.0,11.0,2028.0,2.0,46.5,7.066666666666666,0.47499999999999976,0.0,214.0849972460169,214.0849972460169,-0.2000000000000001,193.7469225076454,33.666666666666664,4.666666666666667,2.6666666666666665,2.0,41.333333333333336,84.33333333333333,0.4394234315842468,109.41358917431208,0.0,0.0,0.0,0.0,0.0,0.0,33.666666666666664,4.666666666666667,2.6666666666666665,2.0,41.333333333333336,150.41358917431208,1.0,109.41358917431208,,,,964.4999086771081,990.0,0.09116372358215187,0.0013346659882121242,989.9075016104294,0.08786199406563296,,,,25.319730939255738,,,,0.8893333333333336,,,,0.4376543566972483,,,,0.9633333333333333,,,,23.36480293739009,,,,23.36480293739009,0.1196002691235681,33.53733981496519,18.158707196404194,1,1,16822.65811492087,30,0.1298044607632783
2028.12,2028.0,12.0,2028.0,3.0,77.0,11.419354838709678,0.47499999999999976,0.0,319.12785757428594,319.12785757428594,-0.16999999999999996,293.3582830751624,35.516129032258064,5.0,3.6451612903225805,2.6451612903225805,47.61290322580645,94.41935483870968,0.33470752331403214,198.93892823645265,0.0,0.0,0.0,0.0,0.0,0.0,35.516129032258064,5.0,3.6451612903225805,2.6451612903225805,47.61290322580645,243.1002185590333,1.096774193548387,184.11590655061963,153.17122408694172,,,964.8884329037579,990.0,0.12253389504557032,0.012234806936183342,989.8652312980183,0.2540746082700053,0.16661104262631468,,,24.722723785990183,24.44589844713671,,,0.9261290322580649,0.9166666666666666,,,0.7364636262024786,0.6126848963477668,,,0.9725806451612903,0.9700000000000001,,,40.31745971874051,32.66266966827096,,,43.478363235024794,0.14538996261230347,68.10210595517322,25.699662317931185,2,1,32347.902246858437,31,0.24154646241680433
2029.01,2029.0,1.0,2028.0,4.0,108.0,15.870967741935484,0.48750000000000027,0.012500000000000006,511.6603256437035,512.8141574980742,-0.17999999999999997,467.81471517761827,34.0,5.0,4.0,3.0,45.0,91.0,0.19887211783971998,376.81471517761827,0.0,0.0,0.0,0.0,0.0,0.0,34.0,5.0,4.0,3.0,45.0,419.81471517761827,2.0,188.40735758880913,188.40735758880913,,,965.5619823345498,990.0,0.18248725569046062,0.04549078781955679,989.7720219564898,0.2601517111894204,0.2601517111894204,,,23.949887910750654,23.949887910750654,,,0.9293548387096779,0.9293548387096779,,,0.7536294303552366,0.7536294303552366,,,0.9725806451612903,0.9725806451612903,,,39.96107753844896,39.96107753844896,,,79.92215507689792,0.17006094803359112,107.89006626926552,61.686085938564155,2,2,59462.08337721204,31,0.44401197264943276
2029.02,2029.0,2.0,2028.0,5.0,137.5,20.071428571428573,0.4875000000000002,0.012500000000000006,938.7485469398858,940.6298065529917,-0.16000000000000006,867.2606816418586,43.0,7.0,5.0,4.0,78.0,137.0,0.1667477892445856,721.2581949297198,9.002486712138834,2.6638780030650624,0.45998107288300616,0.3285579092021472,0.26284632736171776,5.287223399626901,45.663878003065065,7.459981072883006,5.328557909202147,4.262846327361718,83.28722339962691,779.7106119148701,3.107142857142857,232.82296225415027,232.82296225415027,226.46847705653107,241.64856406178387,967.2584829300625,990.0,0.4053053495757491,0.18291332219485076,989.4117813282293,0.38963353054575645,0.38963353054575645,0.369163548856816,0.4166172032521617,21.763664867620786,21.763664867620786,21.466404189594883,20.308785769710084,0.9379921749168776,0.9379921749168776,0.9365354953487529,0.9381978775191738,0.9312918490166008,0.9312918490166008,0.9058739082261241,0.9665942562471356,0.9775000000000003,0.9775000000000003,0.976818181818182,0.9800000000000002,45.47158995270612,45.47158995270612,43.39643327609659,44.106330865676256,139.21741240059833,0.16164968235511695,189.81760683731326,102.49147638849182,4,2,93554.10113320212,28,0.7734300688922132
2029.03,2029.0,3.0,2028.0,6.0,167.0,24.258064516129032,0.48750000000000027,0.012500000000000006,2139.456021561704,2150.477217300368,-0.4100000000000001,1720.6505834924558,59.0,11.0,12.0,13.0,144.0,239.0,0.13991762968214075,1097.0487716268008,384.601811865656,38.87395102797316,6.645170749337807,12.084353124051937,20.919763825328573,306.0785731389645,97.87395102797318,17.645170749337808,24.08435312405194,33.91976382532857,450.07857313896454,1236.6522465281637,4.0,274.2621929067002,274.2621929067002,274.2621929067002,274.2621929067002,970.3047557216778,990.0,0.911372492630178,0.4761634031148411,988.6124641042552,0.5321881466992454,0.5321881466992454,0.5321881466992454,0.5321881466992454,17.775520235877767,17.775520235877767,17.775520235877767,17.775520235877767,0.9303005612777305,0.9303005612777305,0.9303005612777305,0.9303005612777305,1.0970487716268014,1.0970487716268014,1.0970487716268014,1.0970487716268014,0.9800000000000003,0.9800000000000003,0.9800000000000003,0.9800000000000003,43.59005013055126,43.59005013055126,43.59005013055126,43.59005013055126,174.36020052220505,0.10224608811779365,185.709272491176,170.68959527017384,4,4,129723.98918852054,31,0.9686677806789168
2029.04,2029.0,4.0,2028.0,7.0,197.5,28.666666666666668,0.4875000000000002,0.012500000000000006,1889.8104142495692,1896.6859006393865,-0.2899999999999999,1628.5419314364938,54.0,13.0,14.0,19.0,117.0,217.0,0.13358986884330817,1100.0,311.54193143649354,46.0,5.0,11.0,27.27786496448562,222.264066472008,100.0,18.0,25.0,46.27786496448561,339.26406647200804,1243.0,4.0,275.0,275.0,275.0,275.0,970.0249483985159,990.0,0.9219672131147545,0.4800000000000003,988.5980327868855,0.5349347800000003,0.5349347800000003,0.5349347800000003,0.5349347800000003,18.03814960836921,18.03814960836921,18.03814960836921,18.03814960836921,0.9309918110605676,0.9309918110605676,0.9309918110605676,0.9309918110605676,1.1000000000000005,1.1000000000000005,1.1000000000000005,1.1000000000000005,0.9800000000000003,0.9800000000000003,0.9800000000000003,0.9800000000000003,44.39867608670424,44.39867608670424,44.39867608670424,44.39867608670424,177.59470434681697,0.10941404849600044,181.63189389459703,171.45063863882132,4,4,127868.18712970818,30,0.9866372463712051
2029.05,2029.0,5.0,2028.0,8.0,228.0,33.0,0.48750000000000027,0.012500000000000006,1478.436439199828,1482.8850944832782,-0.24000000000000016,1309.3875384287342,55.0,13.0,13.0,17.0,178.0,276.0,0.2149421395152334,997.4950740144384,35.89246441429609,7.152483850674947,1.5808996165010047,1.690587091977714,2.210767735663165,23.257726119479262,62.15248385067495,14.580899616501005,14.690587091977715,19.210767735663165,201.25772611947926,1088.9190445735921,3.806451612903226,261.38063296213454,261.38063296213454,261.38063296213454,264.557937158763,968.9511995977686,990.0,0.7058641638311821,0.38136551862534057,988.9127703175434,0.48585112738463104,0.48585112738463104,0.48585112738463104,0.4977084595642242,19.47571959239046,19.47571959239046,19.47571959239046,19.088797025788036,0.9357957032735748,0.9357957032735748,0.9357957032735748,0.9347866720592325,1.0455225318485384,1.0455225318485384,1.0455225318485384,1.058231748635052,0.979677419354839,0.979677419354839,0.979677419354839,0.9796000000000002,45.65131520384382,45.65131520384382,45.65131520384382,45.262819246396965,173.45621919733546,0.1331650178111337,188.3615175667532,134.45924927513389,4,3,129051.42708281756,31,0.9636456622074191
2029.06,2029.0,6.0,2028.0,9.0,258.5,37.333333333333336,0.4875000000000002,0.012500000000000006,687.861727183731,689.931521748978,-0.24000000000000016,609.2095337043477,45.0,10.0,9.0,9.0,88.0,161.0,0.288261389695414,448.2095337043476,0.0,0.0,0.0,0.0,0.0,0.0,45.0,10.0,9.0,9.0,88.0,512.2095337043476,2.066666666666667,218.2963306536409,208.94659602649924,232.40270921241296,,966.1741948766177,990.0,0.23533468590092338,0.07069000151883392,989.6939753125802,0.34826446033685493,0.3202778009988896,0.38718174695824964,,23.17151597562587,22.89356971115789,21.851957614046935,,0.9356666666666668,0.9330434782608696,0.9377777777777775,,0.8731853226145637,0.8357863841059969,0.929610836849652,,0.9763333333333333,0.9752173913043477,0.9777777777777779,,45.28634366044655,42.49927177322174,45.59147807034872,,91.54656210768783,0.14712097675773214,153.37611673857228,50.12348851831007,3,1,65913.52471753521,30,0.5085920117093766
2029.07,2029.0,7.0,2028.0,10.0,289.0,41.74193548387097,0.48750000000000027,0.012500000000000006,369.3814487893649,370.16805590816983,-0.16999999999999996,339.49037827478026,42.0,9.0,8.0,6.0,70.0,135.0,0.40087868302087104,204.4903782747803,0.0,0.0,0.0,0.0,0.0,0.0,42.0,9.0,8.0,6.0,70.0,263.4903782747803,1.0,204.4903782747803,,,,965.032335170235,990.0,0.12944559028113206,0.012010892801863437,989.8585435169169,0.3027019090407021,,,,24.523506437641302,,,,0.9351612903225806,,,,0.8179615130991211,,,,0.9738709677419352,,,,44.82677606714829,,,,44.82677606714829,0.13128749326768746,58.29160701750396,34.62422791056432,1,1,33351.121393958325,31,0.24903764481749047
2029.08,2029.0,8.0,2028.0,11.0,320.0,46.12903225806452,0.48750000000000027,0.012500000000000006,283.28326747486744,283.88652634334704,-0.16999999999999996,260.3594304726422,39.0,7.0,5.0,4.0,60.0,115.0,0.44355505639997134,145.35943047264223,0.0,0.0,0.0,0.0,0.0,0.0,39.0,7.0,5.0,4.0,60.0,196.3594304726422,1.0,145.35943047264223,,,,964.7842220568418,990.0,0.10682707857021895,0.004535943047264217,989.8886369783822,0.1515040825967283,,,,24.952910838943986,,,,0.9148387096774193,,,,0.5814377218905687,,,,0.9699999999999995,,,,31.586807175817047,,,,31.586807175817047,0.12089032328802189,38.59669294558661,25.95328659873791,1,1,23500.584538807878,31,0.17548226208787243
2029.09,2029.0,9.0,2028.0,12.0,350.5,50.5,0.4875000000000002,0.012500000000000006,221.51711375642398,221.90544829093304,-0.14000000000000007,206.76040144507684,34.0,6.0,4.0,3.0,44.0,91.0,0.44240515813631165,115.76040144507688,0.0,0.0,0.0,0.0,0.0,0.0,34.0,6.0,4.0,3.0,44.0,159.76040144507687,1.0,115.76040144507688,,,,964.5944773076837,990.0,0.09435013685627618,0.0016490444132348776,989.9040008187302,0.09614175722592105,,,,25.21338175382086,,,,0.8973333333333333,,,,0.46304160578030756,,,,0.9656666666666671,,,,24.842891684242282,,,,24.842891684242282,0.11957425683589357,30.800449923567914,20.206307269012516,1,1,17886.882012654452,30,0.1380160649124572
2029.1,2029.0,10.0,2029.0,1.0,16.0,2.7419354838709675,0.48750000000000027,0.012500000000000006,201.00159091301978,201.4043997124447,-0.16000000000000006,185.69485653487405,31.0,4.0,3.0,2.0,33.0,73.0,0.39405017817590265,112.694856534874,0.0,0.0,0.0,0.0,0.0,0.0,31.0,4.0,3.0,2.0,33.0,150.69485653487408,1.0,112.694856534874,,,,964.4593203904664,990.0,0.09125961018234342,0.0012694856534874045,989.9074709041643,0.09019650164686045,,,,25.35795401205089,,,,0.8970967741935485,,,,0.4507794261394963,,,,0.9629032258064517,,,,24.236050787925347,,,,24.236050787925347,0.13025024713554656,29.54147332516936,22.387996461588553,1,1,18031.621786216452,31,0.1346447265995852
2029.11,2029.0,11.0,2029.0,2.0,46.5,7.066666666666666,0.4875000000000002,0.012500000000000006,261.4180434878215,262.0732265542071,-0.2000000000000001,236.52108696517183,37.333333333333336,5.333333333333333,3.3333333333333335,2.3333333333333335,49.0,97.33333333333333,0.41351872733837963,139.18775363183858,0.0,0.0,0.0,0.0,0.0,0.0,37.333333333333336,5.333333333333333,3.3333333333333335,2.3333333333333335,49.0,185.18775363183855,1.0,139.18775363183858,,,,964.7434702535612,990.0,0.10301855237449041,0.003918775363183854,989.8930626722621,0.13946501791458182,,,,25.010127400786438,,,,0.9113333333333338,,,,0.5567510145273541,,,,0.9699999999999995,,,,30.213369242805175,,,,30.213369242805175,0.12723096085642355,37.57593173625882,24.46531090129739,1,1,21753.625854819733,30,0.1678520513489177
2029.12,2029.0,12.0,2029.0,3.0,77.0,11.419354838709678,0.48750000000000027,0.012500000000000006,434.79196464490775,435.71786510826297,-0.16999999999999996,399.60774703741555,40.70967741935484,6.354838709677419,4.67741935483871,3.0,58.74193548387097,113.48387096774194,0.2986953774112336,286.1238760696737,0.0,0.0,0.0,0.0,0.0,0.0,40.70967741935484,6.354838709677419,4.67741935483871,3.0,58.74193548387097,337.86581155354463,1.6451612903225807,175.59110587446622,171.32579380257155,,,965.284951862171,990.0,0.15414225855739955,0.027966949460754054,989.8178907919818,0.22143319852774623,0.21036640086041447,,,24.31150573128272,24.078334817942697,,,0.9254838709677424,0.9240000000000002,,,0.702364423497865,0.685303175210286,,,0.9703225806451609,0.97,,,37.62610998462547,36.260742502962735,,,61.020137405891774,0.14997035458132302,85.46609611246545,35.52571240662105,2,1,45398.98222998347,31,0.3390007633660653
2030.01,2030.0,1.0,2029.0,4.0,108.0,15.870967741935484,0.5,0.025000000000000012,538.3145170954278,540.7478825669793,-0.17999999999999997,492.08057313595117,42.61290322580645,6.32258064516129,4.645161290322581,3.3225806451612905,69.2258064516129,126.12903225806451,0.25936221479268295,365.95154087788666,0.0,0.0,0.0,0.0,0.0,0.0,42.61290322580645,6.32258064516129,4.645161290322581,3.3225806451612905,69.2258064516129,419.532186039177,2.0,182.9757704389433,182.9757704389433,,,965.6652599162212,990.0,0.18128375182112882,0.043190308175577306,989.7755259400034,0.24100428067705487,0.24100428067705487,,,23.869261743105096,23.869261743105096,,,0.9287096774193551,0.9287096774193551,,,0.7319030817557731,0.7319030817557731,,,0.9706451612903222,0.9706451612903222,,,38.61359202921371,38.61359202921371,,,77.22718405842743,0.15630993101423957,91.31223151233898,60.577256255418455,2,2,57457.02493946998,31,0.42903991143570774
2030.02,2030.0,2.0,2029.0,5.0,137.5,20.071428571428573,0.5,0.025000000000000012,657.3264946523985,659.9663600927696,-0.16000000000000006,607.1690512853481,36.0,6.0,5.0,4.0,54.0,105.0,0.1733864697728849,502.16905128534825,0.0,0.0,0.0,0.0,0.0,0.0,36.0,6.0,5.0,4.0,54.0,549.1690512853482,2.0714285714285716,244.50419234235278,244.50419234235278,184.2493324089972,,966.174912224222,990.0,0.23511220048694467,0.07329166052074539,989.6915961389922,0.4263508689158278,0.4263508689158278,0.2403408419214156,,23.090333045854475,23.090333045854475,23.005861907623448,,0.9417857142857139,0.9417857142857139,0.93,,0.9780167693694108,0.9780167693694108,0.7369973296359889,,0.9792857142857144,0.9792857142857144,0.97,,51.08908094480962,51.08908094480962,37.51181878999832,,104.85757751747624,0.1726717805514333,113.645219279039,95.44511076736369,3,2,70464.29209174405,28,0.5825420973193126
2030.03,2030.0,3.0,2029.0,6.0,167.0,24.258064516129032,0.5,0.025000000000000012,840.3156902095009,848.87080413153,-0.4100000000000001,674.8522892845668,37.774193548387096,8.0,6.354838709677419,4.709677419354839,57.96774193548387,114.80645161290323,0.1705015559286661,560.0458376716635,0.0,0.0,0.0,0.0,0.0,0.0,37.774193548387096,8.0,6.354838709677419,4.709677419354839,57.96774193548387,612.1748699297281,2.7096774193548385,210.65098475641295,210.65098475641295,195.50272331472527,,966.472123035604,990.0,0.2715506492346249,0.09451534536889655,989.6339340053962,0.3184061764136854,0.3184061764136854,0.2707764374097166,,22.84340479337931,22.84340479337931,22.735100883518697,,0.9332258064516127,0.9332258064516127,0.9299999999999998,,0.8426039390256526,0.8426039390256526,0.7820108932589015,,0.9729032258064513,0.9729032258064513,0.9699999999999999,,42.94388916277439,42.94388916277439,39.33144048868122,,113.80041351106438,0.1687684277510515,123.91741172662628,98.53436965585709,3,2,84667.50765223196,31,0.6322245195059136
2030.04,2030.0,4.0,2029.0,7.0,197.5,28.666666666666668,0.5,0.025000000000000012,839.9419222646512,846.1652221878428,-0.2899999999999999,723.4712649706047,40.0,10.0,8.0,5.0,62.0,125.0,0.17287498411886718,598.471264970605,0.0,0.0,0.0,0.0,0.0,0.0,40.0,10.0,8.0,5.0,62.0,656.4712649706048,3.0,199.4904216568684,199.4904216568684,199.4904216568684,,966.6843199936793,990.0,0.2972297188235393,0.10870735167266578,989.5940629295035,0.2819688037523658,0.2819688037523658,0.2819688037523658,,22.627774132071558,22.627774132071558,22.627774132071558,,0.9299999999999998,0.9299999999999998,0.9299999999999998,,0.7979616866274737,0.7979616866274737,0.7979616866274737,,0.9699999999999995,0.9699999999999995,0.9699999999999995,,39.94190236037206,39.94190236037206,39.94190236037206,,119.82570708111615,0.16562528072484223,125.48987597061262,116.83146251513055,3,3,86274.50909840364,30,0.6656983726728676
2030.05,2030.0,5.0,2029.0,8.0,228.0,33.0,0.5,0.025000000000000012,763.5203112715466,768.1625631445418,-0.24000000000000016,675.9830555671967,42.0,9.0,8.0,6.0,82.0,147.0,0.2193587000222696,528.9830555671969,0.0,0.0,0.0,0.0,0.0,0.0,42.0,9.0,8.0,6.0,82.0,587.9830555671966,2.5483870967741935,212.1698110723502,212.1698110723502,190.82037859396416,,966.4765918668758,990.0,0.2588138441037166,0.08475481055808817,989.6564313453381,0.3247102880810143,0.3247102880810143,0.2578371784771932,,22.855129190381216,22.855129190381216,22.693292521919368,,0.9351612903225808,0.9351612903225808,0.9299999999999998,,0.8486792442894009,0.8486792442894009,0.7632815143758566,,0.9735483870967743,0.9735483870967743,0.9700000000000001,,43.38142967364231,43.38142967364231,38.32066616604218,,107.77741821253358,0.159283789237778,116.10902456268384,80.75502754508355,3,2,80186.39915012498,31,0.5987634345140754
2030.06,2030.0,6.0,2029.0,9.0,258.5,37.333333333333336,0.5,0.025000000000000012,454.64772763879876,457.39208011951564,-0.24000000000000016,402.505030505174,39.0,9.0,7.0,5.0,59.0,119.0,0.30090754459387803,283.5050305051739,0.0,0.0,0.0,0.0,0.0,0.0,39.0,9.0,7.0,5.0,59.0,338.505030505174,1.4666666666666666,206.16978826664,165.71837622542984,,,965.2841432133869,990.0,0.15437436437441202,0.02670100610103478,989.8189246295243,0.3139611762152093,0.19744300131964534,,,24.220820239922244,24.112202055529643,,,0.9340000000000003,0.9221428571428572,,,0.82467915306656,0.6628735049017191,,,0.9746666666666669,0.9700000000000001,,,44.76188595146232,35.05161970058772,,,61.119308478403255,0.15107634773308817,88.51206172232978,45.89771172659953,2,1,44005.90210445034,30,0.3395517137689069
2030.07,2030.0,7.0,2029.0,10.0,289.0,41.74193548387097,0.5,0.025000000000000012,325.0733333085806,326.48159125482897,-0.16999999999999996,298.73065599816874,37.0,8.0,6.0,4.0,53.0,108.0,0.363492164127692,190.7306559981686,0.0,0.0,0.0,0.0,0.0,0.0,37.0,8.0,6.0,4.0,53.0,241.73065599816866,1.0,190.7306559981686,,,,964.8908441315958,990.0,0.12218223333794039,0.009568400860907251,989.868249365801,0.260869141486913,,,,24.71653609271836,,,,0.9319354838709678,,,,0.7629226239926746,,,,0.9716129032258061,,,,41.89551658928288,,,,41.89551658928288,0.13976766725101317,50.351026370754994,31.057361487812706,1,1,31170.264342426464,31,0.23275286994046046
2030.08,2030.0,8.0,2029.0,11.0,320.0,46.12903225806452,0.5,0.025000000000000012,255.23153003309375,256.3208938318791,-0.16999999999999996,234.53361785616931,37.38709677419355,7.0,5.0,3.6774193548387095,54.83870967741935,107.90322580645162,0.4640720574248441,126.63039204971788,0.0,0.0,0.0,0.0,0.0,0.0,37.38709677419355,7.0,5.0,3.6774193548387095,54.83870967741935,176.0174888239113,1.0,126.63039204971788,,,,964.7349613210232,990.0,0.09989232573542435,0.0027164039444440738,989.8973912703203,0.11724941336693853,,,,25.045180535930182,,,,0.9041935483870965,,,,0.5065215681988714,,,,0.966451612903226,,,,27.26737157439155,,,,27.26737157439155,0.11528486160533798,36.09512373337997,19.795503088318693,1,1,20286.924451347313,31,0.1514853976355086
2030.09,2030.0,9.0,2029.0,12.0,350.5,50.5,0.5,0.025000000000000012,199.71320092891,200.42035580643773,-0.14000000000000007,186.39093089998707,34.0,6.0,4.0,3.0,44.0,91.0,0.49049996547302194,95.39093089998704,0.0,0.0,0.0,0.0,0.0,0.0,34.0,6.0,4.0,3.0,44.0,139.390930899987,1.0,95.39093089998704,,,,964.4800673261417,990.0,0.08740599917045011,0.0003297714404391528,989.9122642293892,0.06506683331291076,,,,25.367130069934422,,,,0.8780000000000003,,,,0.38156372359994806,,,,0.9613333333333339,,,,20.07504775023944,,,,20.07504775023944,0.10711830888284406,25.87931436859477,15.122030823124973,1,1,14454.034380172401,30,0.11152804305688581
2030.1,2030.0,10.0,2030.0,1.0,16.0,2.7419354838709675,0.5,0.025000000000000012,172.27644672551256,172.96547542309457,-0.16000000000000006,159.128237389247,26.483870967741936,4.0,2.3548387096774195,2.0,24.612903225806452,59.45161290322581,0.37259583034651844,99.6766244860212,0.0,0.0,0.0,0.0,0.0,0.0,26.483870967741936,4.0,2.3548387096774195,2.0,24.612903225806452,132.51533416344054,1.0,99.6766244860212,,,,964.476902110426,990.0,0.08506204573753653,0.00029180978522156206,989.914646144477,0.07027809352821099,,,,25.36746594052304,,,,0.8841935483870969,,,,0.3987064979440847,,,,0.9600000000000006,,,,21.06665296456519,,,,21.06665296456519,0.1326118168132683,23.308846082702328,17.324437998365354,1,1,15673.589805636506,31,0.11703696091425109
2030.11,2030.0,11.0,2030.0,2.0,46.5,7.066666666666666,0.5,0.025000000000000012,201.19148705190068,202.19625081246997,-0.2000000000000001,181.97662573122307,29.0,4.0,2.0,2.0,30.0,67.0,0.36905443478332817,114.97662573122298,0.0,0.0,0.0,0.0,0.0,0.0,29.0,4.0,2.0,2.0,30.0,149.976625731223,1.0,114.97662573122298,,,,964.4586336823073,990.0,0.09101475877200782,0.001497662573122298,989.9074875786553,0.09390857687819477,,,,25.354945319469557,,,,0.899333333333333,,,,0.4599065029248919,,,,0.968333333333333,,,,24.91442540432293,,,,24.91442540432293,0.13668747488063562,33.51245188834409,21.457386640318266,1,1,17938.3862911125,30,0.13841347446846064
2030.12,2030.0,12.0,2030.0,3.0,77.0,11.419354838709678,0.5,0.025000000000000012,283.2288159743312,284.4436167211347,-0.16999999999999996,260.26590929983837,31.0,5.0,3.0,2.0,36.0,77.0,0.30113939471609175,183.2659092998383,0.0,0.0,0.0,0.0,0.0,0.0,31.0,5.0,3.0,2.0,36.0,222.26590929983837,1.0,183.2659092998383,,,,964.796616774093,990.0,0.11557824779748155,0.009125599580270972,989.875296152622,0.24660678852126766,,,,24.832072590008206,,,,0.9274193548387099,,,,0.7330636371993531,,,,0.9719354838709676,,,,40.29789303573696,,,,40.29789303573696,0.1535111514296929,60.418264650726506,30.091721179794263,1,1,29981.632418588302,31,0.22387718353187203
2031.01,2031.0,1.0,2030.0,4.0,108.0,15.870967741935484,0.5124999999999997,0.037096774193548385,406.93954039523,409.6717808866495,-0.17999999999999997,371.87955909985607,30.612903225806452,5.0,4.0,2.3225806451612905,36.87096774193548,78.80645161290323,0.21431664309535584,293.07310748695284,0.0,0.0,0.0,0.0,0.0,0.0,30.612903225806452,5.0,4.0,2.3225806451612905,36.87096774193548,332.6860107127593,1.5483870967741935,205.5377886184339,159.62322852494643,,,965.1557879862439,990.0,0.15244184857619308,0.028614621497390566,989.8189435299262,0.3182456353256165,0.18197452962136995,,,24.34490990835686,24.38191230266868,,,0.9335483870967743,0.9199999999999999,,,0.8221511544737354,0.6384929140997859,,,0.9745161290322576,0.9700000000000001,,,44.87113616170652,34.07224766204568,,,63.555917137667045,0.17059360241921803,79.68165446382321,55.117076960633966,2,1,47285.60235042427,31,0.3530884285425946
2031.02,2031.0,2.0,2030.0,5.0,137.5,20.071428571428573,0.5124999999999997,0.03749999999999999,719.9532012128665,724.3124161438164,-0.16000000000000006,664.9187980200235,34.42857142857143,6.285714285714286,4.285714285714286,3.2857142857142856,51.57142857142857,99.85714285714286,0.15260888889236593,565.0616551628807,0.0,0.0,0.0,0.0,0.0,0.0,34.42857142857143,6.285714285714286,4.285714285714286,3.2857142857142856,51.57142857142857,610.0616551628807,2.5357142857142856,222.16093684077188,222.16093684077188,225.38092543182862,,966.4211682125226,990.0,0.275363422908892,0.09840111985669076,989.6262354572344,0.35287490121259363,0.35287490121259363,0.36064640918816715,,22.85219234349927,22.85219234349927,22.207709893888484,,0.9385714285714288,0.9385714285714288,0.9386666666666663,,0.8886437473630876,0.8886437473630876,0.9015237017273144,,0.9767857142857146,0.9767857142857146,0.9786666666666669,,45.60584002339201,45.60584002339201,45.09019516500341,,115.36714174232156,0.17406314658210764,141.57099434277697,78.10322511819206,3,2,77526.7192508401,28,0.6409285652351199
2031.03,2031.0,3.0,2030.0,6.0,167.0,24.258064516129032,0.5124999999999997,0.037500000000000006,1155.577316947269,1173.3416711902466,-0.4100000000000001,926.7932525313962,46.41935483870968,8.67741935483871,8.35483870967742,8.03225806451613,94.09677419354838,165.58064516129033,0.1851486342462495,753.2200276449497,7.992579725156292,2.140089653183925,0.3930776914011291,0.3930776914011291,0.3930776914011291,4.673256997768979,48.5594444918936,9.070497046239838,8.747916401078548,8.425335755917258,98.77003119131736,819.5978855841616,3.161290322580645,238.09188898758367,238.09188898758367,234.52885126891647,252.66448802919808,967.5046539741078,990.0,0.433300681013018,0.19714624355318897,989.3695530754337,0.4077785342533879,0.4077785342533879,0.39566157820600517,0.45501715120908726,21.457120567072675,21.457120567072675,21.35311335760745,19.81317693467965,0.9369638991739432,0.9369638991739432,0.9366386026568655,0.9369851092990292,0.9523675559503347,0.9523675559503347,0.9381154050756658,1.0106579521167922,0.9777419354838712,0.9777419354838712,0.9775000000000003,0.9800000000000002,45.762238222158274,45.762238222158274,44.77290115585113,44.9463787275198,143.56358167605816,0.1558720459952135,189.30330845823562,109.08543864759115,4,2,106811.30476698728,31,0.7975754537558787
2031.04,2031.0,4.0,2030.0,7.0,197.5,28.666666666666668,0.5124999999999997,0.0375,2831.38448149925,2862.7970655024237,-0.2899999999999999,2437.3138516421263,54.0,13.0,14.0,19.0,117.0,217.0,0.09323795274990285,1100.0,1120.3138516421266,46.0,5.0,11.0,55.83307004232281,1002.4807815998035,100.0,18.0,25.0,74.8330700423228,1119.4807815998035,1243.0,4.0,275.0,275.0,275.0,275.0,972.2130185197457,990.0,0.9219672131147545,0.4800000000000003,988.5980327868855,0.5349347800000003,0.5349347800000003,0.5349347800000003,0.5349347800000003,15.850079487139656,15.850079487139656,15.850079487139656,15.850079487139656,0.9162036856296877,0.9162036856296877,0.9162036856296877,0.9162036856296877,1.1000000000000005,1.1000000000000005,1.1000000000000005,1.1000000000000005,0.9800000000000003,0.9800000000000003,0.9800000000000003,0.9800000000000003,38.43028321413444,38.43028321413444,38.43028321413444,38.43028321413444,153.72113285653776,0.06739758873147059,178.91612271838042,136.06646960578763,4,4,110679.21565670728,30,0.8540062936474327
2031.05,2031.0,5.0,2030.0,8.0,228.0,33.0,0.5124999999999997,0.037500000000000006,2528.630973964157,2551.8094594501704,-0.24000000000000016,2237.9368959378,65.0,14.0,17.0,23.0,202.0,321.0,0.14891768158979593,1100.0,816.9368959377988,34.89820226059305,4.0,8.000000000000002,44.44369613315108,725.594997544055,99.89820226059307,18.0,25.0,67.44369613315108,927.5949975440549,1242.898202260593,4.0,275.0,275.0,275.0,275.0,971.7161935137486,990.0,0.9217002026507363,0.4800000000000003,988.5982997973495,0.5349347800000003,0.5349347800000003,0.5349347800000003,0.5349347800000003,16.347171503600773,16.347171503600773,16.347171503600773,16.347171503600773,0.920820730914159,0.920820730914159,0.920820730914159,0.920820730914159,1.1000000000000005,1.1000000000000005,1.1000000000000005,1.1000000000000005,0.9800000000000003,0.9800000000000003,0.9800000000000003,0.9800000000000003,39.82310865760604,39.82310865760604,39.82310865760604,39.82310865760604,159.29243463042417,0.07501093446009267,179.2968331962466,136.03598757156192,4,4,118513.57136503563,31,0.8849579701690236
2031.06,2031.0,6.0,2030.0,9.0,258.5,37.333333333333336,0.5124999999999997,0.0375,1202.0133043084722,1212.9296713506285,-0.24000000000000016,1063.7393217745007,53.0,12.0,12.0,13.0,120.0,210.0,0.21108834062994133,825.3923055886695,28.347016185831194,6.615534971056124,1.0549069572184997,1.605317120609318,1.7548152876943124,17.31644184925294,59.61553497105613,13.054906957218499,13.60531712060932,14.754815287694312,137.31644184925293,911.6680646375535,3.3333333333333335,245.6781226131955,245.6781226131955,247.33517985836588,255.8468209606139,968.0215098847007,990.0,0.5354623350320242,0.25923334729168157,989.2053043176763,0.43192344304193847,0.43192344304193847,0.43791019446546886,0.4671053499046058,20.751870989933668,20.751870989933668,20.346505461952713,19.510429571409237,0.9367754507173311,0.9367754507173311,0.9361305408607972,0.9355509014346616,0.982712490452782,0.982712490452782,0.9893407194334636,1.0233872838424558,0.9783333333333335,0.9783333333333335,0.9784000000000002,0.9793333333333336,45.60605182922509,45.60605182922509,44.98284515248805,44.690299910852836,151.04295790761665,0.14328418228517303,188.81867893347103,86.68662329938914,4,2,108750.92969348398,30,0.8391275439312036
2031.07,2031.0,7.0,2030.0,10.0,289.0,41.74193548387097,0.5124999999999997,0.037500000000000006,468.84182174506617,471.9080650796731,-0.16999999999999996,430.7930749096066,50.0,10.0,9.0,9.0,108.0,186.0,0.4456272924462242,244.7930749096066,0.0,0.0,0.0,0.0,0.0,0.0,50.0,10.0,9.0,9.0,108.0,313.7930749096065,1.3225806451612903,189.13115395017368,172.55195497424194,,,965.4063412057942,990.0,0.14615137875141362,0.020079619634439324,989.8337690016141,0.2613672981977981,0.21507157695512627,,,24.16606049762222,23.728855858100328,,,0.9293548387096777,0.924,,,0.7565246158006949,0.6902078198969678,,,0.9725806451612898,0.9709999999999999,,,40.583031792307516,36.03002877073789,,,52.205621718351985,0.11856408676759957,91.50032989343298,32.24521910198299,2,1,38840.98255845388,31,0.29003123176862217
2031.08,2031.0,8.0,2030.0,11.0,320.0,46.12903225806452,0.5124999999999997,0.037500000000000006,302.90219450428816,304.8455851093603,-0.16999999999999996,278.28591350670723,39.0,7.0,5.0,4.0,60.0,115.0,0.4167997123031165,163.28591350670732,0.0,0.0,0.0,0.0,0.0,0.0,39.0,7.0,5.0,4.0,60.0,214.28591350670726,1.0,163.28591350670732,,,,964.8333284403595,990.0,0.11291177173379895,0.0063736181706893595,989.8807146100955,0.19334620464997893,,,,24.85403996508604,,,,0.9219354838709679,,,,0.6531436540268293,,,,0.9699999999999995,,,,35.62391406436515,,,,35.62391406436515,0.12718912390165552,46.200855798937305,26.63669129100153,1,1,26504.19206388766,31,0.19791063369091744
2031.09,2031.0,9.0,2030.0,12.0,350.5,50.5,0.5124999999999997,0.0375,221.75663830572284,222.93656100152756,-0.14000000000000007,206.94086274966793,34.0,6.0,4.0,3.0,44.0,91.0,0.44140711267725385,115.94086274966803,0.0,0.0,0.0,0.0,0.0,0.0,34.0,6.0,4.0,3.0,44.0,159.940862749668,1.0,115.94086274966803,,,,964.611755804369,990.0,0.09441165775556866,0.0016220631512397553,989.9039662790933,0.09602982577608919,,,,25.196180648947863,,,,0.8983333333333334,,,,0.46376345099867194,,,,0.9656666666666671,,,,24.885145331368356,,,,24.885145331368356,0.11982500704181905,31.25369294131054,20.43141010773205,1,1,17917.30463858521,30,0.13825080739649082
2031.1,2031.0,10.0,2031.0,1.0,16.0,2.7419354838709675,0.5124999999999997,0.037500000000000006,188.4244016009527,189.55687255809224,-0.16000000000000006,174.01320900832866,31.0,4.0,3.0,2.0,33.0,73.0,0.4200519005131,101.01320900832862,0.0,0.0,0.0,0.0,0.0,0.0,31.0,4.0,3.0,2.0,33.0,139.01320900832866,1.0,101.01320900832862,,,,964.4514988430234,990.0,0.08727723034374836,0.00032563109233060307,989.9123971385642,0.07207378786893211,,,,25.388824507671668,,,,0.8864516129032259,,,,0.4040528360333145,,,,0.9600000000000006,,,,21.420853095112754,,,,21.420853095112754,0.12294815809648885,24.058471951905684,18.848167641018385,1,1,15937.114702763894,31,0.11900473941729312
2031.11,2031.0,11.0,2031.0,2.0,46.5,7.066666666666666,0.5124999999999997,0.0375,220.64280421820075,222.30033466276123,-0.2000000000000001,199.5145503598282,31.333333333333332,4.333333333333333,2.3333333333333335,2.0,35.666666666666664,75.66666666666667,0.3801429713157412,123.84788369316159,0.0,0.0,0.0,0.0,0.0,0.0,31.333333333333332,4.333333333333333,2.3333333333333335,2.0,35.666666666666664,161.8478836931616,1.0,123.84788369316159,,,,964.5736148866041,990.0,0.09506177853175964,0.002390745693950385,989.9025474757746,0.1115755603431235,,,,25.21735702882709,,,,0.9016666666666671,,,,0.4953915347726464,,,,0.9656666666666663,,,,26.71905841190334,,,,26.71905841190334,0.133540538719473,36.34672870959509,20.65710650395722,1,1,19237.72205657041,30,0.14843921339946303
2031.12,2031.0,12.0,2031.0,3.0,77.0,11.419354838709678,0.5124999999999997,0.037500000000000006,310.207924439235,312.2087561274668,-0.16999999999999996,285.0075682498613,35.516129032258064,5.0,3.6451612903225805,2.6451612903225805,47.61290322580645,94.41935483870968,0.33503038042416194,190.58821341115166,0.0,0.0,0.0,0.0,0.0,0.0,35.516129032258064,5.0,3.6451612903225805,2.6451612903225805,47.61290322580645,234.7495037337323,1.0,190.58821341115166,,,,964.8482398694987,990.0,0.11980982071272007,0.010106819665956059,989.8700833596209,0.2635547774917837,,,,24.758288712630687,,,,0.9309677419354841,,,,0.7623528536446067,,,,0.9735483870967743,,,,41.998988811422805,,,,41.998988811422805,0.1464734431506448,56.586422011447716,34.864394423925184,1,1,31247.247675698563,31,0.23332771561901555
2032.01,2032.0,1.0,2031.0,4.0,108.0,15.870967741935484,0.5250000000000001,0.04959677419354841,510.1221981956665,514.7231437460405,-0.17999999999999997,466.0818066620397,34.87096774193548,5.354838709677419,4.0,2.6774193548387095,48.58064516129032,95.48387096774194,0.20483347976336233,370.59793569429775,0.0,0.0,0.0,0.0,0.0,0.0,34.87096774193548,5.354838709677419,4.0,2.6774193548387095,48.58064516129032,414.8237421459107,1.935483870967742,193.88517863801314,188.8998437498215,,,965.55757134912,990.0,0.1807001197890436,0.044317313720471936,989.7749825664903,0.27559485047768667,0.26003437771761145,,,23.941816366892585,23.916682687859932,,,0.9300000000000003,0.9286206896551725,,,0.7755407145520524,0.7555993749992861,,,0.9729032258064515,0.9724137931034482,,,41.207311699321075,39.97416817715982,,,78.60250128440606,0.16894965101783985,110.49311554623131,58.752540334323385,2,1,58480.26095559811,31,0.4366805626911448
2032.02,2032.0,2.0,2031.0,5.0,138.0,20.137931034482758,0.5250000000000002,0.050000000000000024,834.6918814368546,841.4468796185482,-0.16000000000000006,770.7653417305903,43.0,7.0,5.0,4.0,78.0,137.0,0.18101500470546525,633.7653417305902,0.0,0.0,0.0,0.0,0.0,0.0,43.0,7.0,5.0,4.0,78.0,688.7653417305902,2.7586206896551726,233.2386412590183,233.2386412590183,221.55874185335946,210.08944004843164,966.8795062269633,990.0,0.3206715202070597,0.12250757622320553,989.5568209035698,0.38996832817798677,0.38996832817798677,0.351219656431785,0.3124714768649042,22.287346348428482,22.287346348428482,22.05248531159632,21.256422238866048,0.9389655172413797,0.9389655172413797,0.9359999999999997,0.935,0.9329545650360731,0.9329545650360731,0.8862349674134379,0.8403577601937267,0.9768965517241383,0.9768965517241383,0.9755,0.97,46.82742853516198,46.82742853516198,43.718235237828296,39.73319596046126,126.54558454196149,0.16412770983892092,160.81250305849292,101.0481397272285,4,2,88075.72684120524,29,0.7030310252331197
2032.03,2032.0,3.0,2031.0,6.0,168.0,24.419354838709676,0.5250000000000001,0.050000000000000024,1511.6415183056217,1543.278732318144,-0.4100000000000001,1211.0879851866632,49.0,9.0,9.0,9.0,107.0,183.0,0.1560088057161338,970.5170874186762,57.57089776798719,15.413239231799635,2.799103013533902,2.8313556279337964,2.8313556279337964,33.69584426678606,64.41323923179962,11.799103013533902,11.831355627933796,11.831355627933796,140.69584426678608,1058.5607852919436,3.774193548387097,256.3821968556134,256.3821968556134,256.3821968556134,260.10355843362134,968.5912009496969,990.0,0.6734421180368464,0.356074454725028,988.9704834272382,0.46814606136760994,0.46814606136760994,0.46814606136760994,0.48190813899339274,19.911136416173758,19.911136416173758,19.911136416173758,19.431435796218043,0.9360442262858691,0.9360442262858691,0.9360442262858691,0.9348904589525814,1.0255287874224543,1.0255287874224543,1.0255287874224543,1.0404142337344857,0.979677419354839,0.979677419354839,0.979677419354839,0.9795833333333336,45.74472116309156,45.74472116309156,45.74472116309156,45.25215453877717,172.26808958381184,0.14417995468866143,190.04910495819152,135.45872867370935,4,3,128167.45865035606,31,0.9570449421322884
2032.04,2032.0,4.0,2031.0,7.0,198.5,28.8,0.5250000000000002,0.050000000000000024,1541.4656848641632,1564.1457989489231,-0.2899999999999999,1326.0046010589494,51.0,12.333333333333334,12.666666666666666,16.0,102.0,194.0,0.14623317625366156,1045.3839228784905,86.62067818045878,18.4020290859683,2.3011618286958013,4.493118651917709,7.584299011192243,53.84006960268473,69.4020290859683,14.634495162029134,17.15978531858438,23.584299011192243,155.8400696026847,1146.5802324450722,4.0,261.3459807196226,261.3459807196226,261.3459807196226,261.3459807196226,969.005946165087,990.0,0.7774683867755419,0.41940720692544003,988.803124406299,0.48613236867754495,0.48613236867754495,0.48613236867754495,0.48613236867754495,19.31104587253434,19.31104587253434,19.31104587253434,19.31104587253434,0.9355471770533742,0.9355471770533742,0.9355471770533742,0.9355471770533742,1.0453839228784905,1.0453839228784905,1.0453839228784905,1.0453839228784905,0.9796666666666669,0.9796666666666669,0.9796666666666669,0.9796666666666669,45.21595886283563,45.21595886283563,45.21595886283563,45.21595886283563,180.8638354513425,0.13888345451778816,191.5464865342084,157.97854762411586,4,4,130221.96152496667,30,1.0047990858407922
2032.05,2032.0,5.0,2031.0,8.0,229.0,33.12903225806452,0.5250000000000001,0.050000000000000024,741.3281866998639,750.3321727731413,-0.24000000000000016,655.7903190037255,43.61290322580645,9.32258064516129,8.64516129032258,7.290322580645161,92.64516129032258,161.51612903225808,0.26241829252107224,494.2741899714676,0.0,0.0,0.0,0.0,0.0,0.0,43.61290322580645,9.32258064516129,8.64516129032258,7.290322580645161,92.64516129032258,555.8548351327579,2.2903225806451615,215.93851102752495,209.62771185109582,228.34290979097187,,966.3736243363511,990.0,0.25648598418441704,0.08337188234270078,989.660142133473,0.34092445627837303,0.32128871390481323,0.37427870780745515,,22.945593340843683,22.779434048596276,21.84347068261757,,0.934516129032258,0.9322222222222223,0.9361538461538459,,0.8637540441100997,0.8385108474043834,0.9133716391638873,,0.9751612903225806,0.9744444444444442,0.9761538461538465,,44.212899716968664,42.344842502857986,44.61242906207487,,99.80232956806996,0.150802560160122,153.08610950296267,54.54642197114306,3,1,74252.93319864402,31,0.5544573864892773
2032.06,2032.0,6.0,2031.0,9.0,259.5,37.5,0.5250000000000002,0.050000000000000024,359.89528404187905,364.26648182376425,-0.24000000000000016,318.3689051139699,39.0,9.0,7.0,5.0,59.0,119.0,0.3782575580883848,199.36890511396987,0.0,0.0,0.0,0.0,0.0,0.0,39.0,9.0,7.0,5.0,59.0,254.36890511396987,1.0,199.36890511396987,,,,964.9598439197459,990.0,0.12637864861763995,0.011434392606286026,989.8621869587763,0.2901517831634132,,,,24.612191255866808,,,,0.9330000000000003,,,,0.7974756204558795,,,,0.973333333333333,,,,43.74365009392066,,,,43.74365009392066,0.13635002001118443,59.45339522414131,33.091669113235405,1,1,31495.428067622855,30,0.24302027829955908
2032.07,2032.0,7.0,2031.0,10.0,290.0,41.87096774193548,0.5250000000000001,0.050000000000000024,277.79377617262475,280.17526593305575,-0.16999999999999996,255.16962344853056,37.0,8.0,6.0,4.0,53.0,108.0,0.42412938717989884,147.16962344853044,0.0,0.0,0.0,0.0,0.0,0.0,37.0,8.0,6.0,4.0,53.0,198.16962344853053,1.0,147.16962344853044,,,,964.7706302560943,990.0,0.107444189811999,0.004716962344853046,989.8878388478436,0.1542067387398704,,,,24.96300185300951,,,,0.9148387096774194,,,,0.588678493794122,,,,0.9699999999999995,,,,31.98997357357066,,,,31.98997357357066,0.1251558726125449,37.315304281568224,28.26097795302083,1,1,23800.54033873657,31,0.17772207540872587
2032.08,2032.0,8.0,2031.0,11.0,321.0,46.25806451612903,0.5250000000000001,0.050000000000000024,226.7635222842559,228.70753634317276,-0.16999999999999996,208.29538872454452,34.0,7.0,5.0,3.0,44.0,93.0,0.4486687239031979,115.29538872454465,0.0,0.0,0.0,0.0,0.0,0.0,34.0,7.0,5.0,3.0,44.0,161.29538872454458,1.0,115.29538872454465,,,,964.6172905323575,990.0,0.09487342797427659,0.001625338489762469,989.9035012335357,0.09529406260246485,,,,25.190916638575928,,,,0.8977419354838709,,,,0.4611815548981786,,,,0.9658064516129036,,,,24.73665155568488,,,,24.73665155568488,0.1182003241612778,31.19074515252337,19.059090337303296,1,1,18404.068757429548,31,0.13742584197602709
2032.09,2032.0,9.0,2031.0,12.0,351.5,50.666666666666664,0.5250000000000002,0.050000000000000024,181.50612443698043,182.7856238036056,-0.14000000000000007,169.35088045404063,30.0,6.0,4.0,2.0,30.0,72.0,0.42800584824074367,97.35088045404059,0.0,0.0,0.0,0.0,0.0,0.0,30.0,6.0,4.0,2.0,30.0,137.35088045404058,1.0,97.35088045404059,,,,964.4581028133457,990.0,0.08671052742751385,0.00042747726049444915,989.9128619953121,0.06792068828267421,,,,25.386838493683573,,,,0.8810000000000002,,,,0.38940352181616245,,,,0.9620000000000005,,,,20.60627649688347,,,,20.60627649688347,0.12088556502644811,25.154619635658175,14.924262652531025,1,1,14836.519077756097,30,0.11447931387157483
2032.1,2032.0,10.0,2032.0,1.0,16.0,2.7419354838709675,0.5250000000000001,0.050000000000000024,155.43138651289865,156.68486543638969,-0.16000000000000006,143.52333673973303,24.0,4.0,2.0,2.0,20.0,52.0,0.3627496942524143,91.523336739733,0.0,0.0,0.0,0.0,0.0,0.0,24.0,4.0,2.0,2.0,20.0,121.52333673973298,1.0,91.523336739733,,,,964.495968678315,990.0,0.08131477388854531,0.0,989.9186852261115,0.05893271053848456,,,,25.363783837257543,,,,0.8764516129032255,,,,0.366093346958932,,,,0.9600000000000006,,,,19.167219917221853,,,,19.167219917221853,0.133428294842168,20.873123534373466,15.644469594420853,1,1,14260.41161841306,31,0.10648455509567697
2032.11,2032.0,11.0,2032.0,2.0,46.5,7.066666666666666,0.5250000000000002,0.050000000000000024,170.64794164194487,172.3716582241868,-0.2000000000000001,154.27263411064718,23.0,4.0,2.0,2.0,19.0,50.0,0.32639104585188145,104.27263411064719,0.0,0.0,0.0,0.0,0.0,0.0,23.0,4.0,2.0,2.0,19.0,133.27263411064718,1.0,104.27263411064719,,,,964.481361496944,990.0,0.08532021617408425,0.0007738168148634479,989.9139059670109,0.07778951040962742,,,,25.354754959657328,,,,0.8876666666666666,,,,0.4170905364425888,,,,0.9633333333333333,,,,22.236169369579002,,,,22.236169369579002,0.1433969328395034,27.3737430929806,18.891873932404835,1,1,16010.041946096882,30,0.12353427427543891
2032.12,2032.0,12.0,2032.0,3.0,77.0,11.419354838709678,0.5250000000000001,0.050000000000000024,233.1321205982192,235.130731818678,-0.16999999999999996,214.145314003861,26.0,4.0,3.0,2.0,24.0,59.0,0.28139360069090624,155.14531400386093,0.0,0.0,0.0,0.0,0.0,0.0,26.0,4.0,3.0,2.0,24.0,188.145314003861,1.0,155.14531400386093,,,,964.6138994445635,990.0,0.10402681159222531,0.005514531400386094,989.890458657007,0.1768831572458977,,,,25.099676055198287,,,,0.9174193548387096,,,,0.6205812560154439,,,,0.9699999999999995,,,,34.02807404219917,,,,34.02807404219917,0.1574904893312634,43.788670759964674,24.941815549809647,1,1,25316.887087396182,31,0.1890448557899954
2033.01,2033.0,1.0,2032.0,4.0,108.0,15.870967741935484,0.5374999999999999,0.0625,329.8588196371348,333.6119541209959,-0.17999999999999997,301.33499755978954,29.0,5.0,4.0,2.0,33.0,73.0,0.24348671190124657,228.33499755978949,0.0,0.0,0.0,0.0,0.0,0.0,29.0,5.0,4.0,2.0,33.0,266.3349975597895,1.032258064516129,223.81714814788435,140.05333176905862,,,964.8987556925841,990.0,0.1304033558699224,0.015711891163514072,989.8538847529665,0.35895068354914206,0.13874021605726955,,,24.596178376833272,24.60877618434677,,,0.9396774193548388,0.91,,,0.8952685925915378,0.5602133270762345,,,0.9770967741935486,0.97,,,49.6082452222769,29.844588502162317,,,50.57097388363697,0.16758600020727532,60.84910416162939,40.926381036720414,2,1,37624.804569425905,31,0.2809498549090943
2033.02,2033.0,2.0,2032.0,5.0,137.5,20.071428571428573,0.5374999999999998,0.0625,458.53887984718097,463.17058570422324,-0.16000000000000006,423.33791533366013,31.0,6.0,4.0,3.0,41.0,85.0,0.2027175050890307,338.3379153336601,0.0,0.0,0.0,0.0,0.0,0.0,31.0,6.0,4.0,3.0,41.0,379.3379153336601,1.9642857142857142,174.06647602619887,170.35556668921907,,,965.3683850084735,990.0,0.16793510103331885,0.03766758306673202,989.7943973158999,0.21987474945965374,0.20831199967842032,,,24.20613755796645,24.20659525606618,,,0.9253571428571429,0.9244444444444445,,,0.6962659041047955,0.6814222667568764,,,0.9703571428571426,0.9699999999999996,,,37.136135968822714,36.26703220395991,,,72.10791702264119,0.16997252678926947,88.04036580536449,58.90108644148336,2,1,48456.520239214864,28,0.40059953901467316
2033.03,2033.0,3.0,2032.0,6.0,167.0,24.258064516129032,0.5374999999999999,0.0625,730.8378065128575,750.0580438874738,-0.4100000000000001,584.7640024657718,36.0,8.0,6.0,4.0,53.0,107.0,0.1903299791988052,477.7640024657719,0.0,0.0,0.0,0.0,0.0,0.0,36.0,8.0,6.0,4.0,53.0,527.7640024657718,2.2580645161290325,210.92084812244073,210.92084812244073,216.69893660595017,,966.072422152546,990.0,0.2324140106479763,0.07293266969945406,989.6946533196524,0.32150223853063203,0.32150223853063203,0.3353037163623749,,23.300728928575975,23.300728928575975,22.389269750480608,,0.9345161290322581,0.9345161290322581,0.9349999999999998,,0.843683392489763,0.843683392489763,0.8667957464238005,,0.974516129032258,0.974516129032258,0.9750000000000001,,43.84466342190085,43.84466342190085,43.35185842427126,,98.87690321135561,0.16835614817586833,146.12341103712401,70.33196851609429,3,2,73564.41598924856,31,0.5493161289519756
2033.04,2033.0,4.0,2032.0,7.0,197.5,28.666666666666668,0.5374999999999998,0.0625,1174.7599009044256,1196.4454751413625,-0.2899999999999999,1009.9495367037031,43.333333333333336,10.666666666666666,9.333333333333334,8.333333333333334,68.66666666666667,140.33333333333334,0.1392155419705241,869.6162033703696,0.0,0.0,0.0,0.0,0.0,0.0,43.333333333333336,10.666666666666666,9.333333333333334,8.333333333333334,68.66666666666667,932.9495367037031,3.8,230.8187679131009,230.8187679131009,230.8187679131009,221.44987453883348,967.861873736024,990.0,0.5083202925970185,0.24594676112738198,989.2457329462756,0.37987230708707825,0.37987230708707825,0.37987230708707825,0.3475007125128726,21.003986903164492,21.003986903164492,21.003986903164492,20.949259320183618,0.9386666666666668,0.9386666666666668,0.9386666666666668,0.9383333333333331,0.9232750716524035,0.9232750716524035,0.9232750716524035,0.885799498155334,0.9786666666666668,0.9786666666666668,0.9786666666666668,0.9783333333333334,43.70989560494969,43.70989560494969,43.70989560494969,41.774205429232886,164.5490511582354,0.16292100428573378,174.75315754942073,151.54463779889988,4,3,118475.31683392945,30,0.9141613953235297
2033.05,2033.0,5.0,2032.0,8.0,228.0,33.0,0.5374999999999999,0.0625,757.4847619985097,769.0200629426498,-0.24000000000000016,669.8164748230479,43.61290322580645,9.32258064516129,8.64516129032258,7.290322580645161,92.64516129032258,161.51612903225808,0.2638126432774925,508.30034579078966,0.0,0.0,0.0,0.0,0.0,0.0,43.61290322580645,9.32258064516129,8.64516129032258,7.290322580645161,92.64516129032258,569.88099095208,2.2903225806451615,220.87894993365512,216.32686901998812,234.6831912179626,,966.4370193753097,990.0,0.26566860916170526,0.0889611055897162,989.6453702852484,0.35517016038034555,0.3417397671763708,0.3953222042442516,,22.853180749558422,22.5979160551586,21.81292826295317,,0.9354838709677421,0.9338461538461539,0.9371428571428568,,0.8835157997346205,0.8653074760799525,0.9387327648718503,,0.9761290322580645,0.9753846153846152,0.9771428571428575,,45.106043372109326,43.46061364342214,45.91192301714001,,102.29129746788145,0.1499975519529981,154.7784941671361,49.46536497503763,3,1,76104.72531610378,31,0.5682849859326746
2033.06,2033.0,6.0,2032.0,9.0,258.5,37.333333333333336,0.5374999999999998,0.0625,326.6395086066967,331.6137143215194,-0.24000000000000016,288.8355451740435,39.0,9.0,7.0,5.0,59.0,119.0,0.4177770967712631,169.83554517404352,0.0,0.0,0.0,0.0,0.0,0.0,39.0,9.0,7.0,5.0,59.0,224.8355451740435,1.0,169.83554517404352,,,,964.8675028437704,990.0,0.11644634194129574,0.007484241099933414,989.8760694169584,0.21263021207306546,,,,24.795936361115526,,,,0.923,,,,0.679342180696174,,,,0.9716666666666662,,,,37.098329008514256,,,,37.098329008514256,0.12707560605768736,53.136519270184614,25.937845022937122,1,1,26710.79688613025,30,0.2061018278250791
2033.07,2033.0,7.0,2032.0,10.0,289.0,41.74193548387097,0.5374999999999999,0.0625,243.87695190396994,246.49597160224386,-0.16999999999999996,223.97240219708877,37.0,8.0,6.0,4.0,53.0,108.0,0.48408034314830767,115.97240219708883,0.0,0.0,0.0,0.0,0.0,0.0,37.0,8.0,6.0,4.0,53.0,166.97240219708874,1.0,115.97240219708883,,,,964.7215655808575,990.0,0.09680877347628027,0.001638260987588293,989.9015529655358,0.09630687352023111,,,,25.08368051115872,,,,0.897741935483871,,,,0.4638896087883553,,,,0.9651612903225811,,,,24.770402931801744,,,,24.770402931801744,0.11009628075182938,30.348844440841827,20.029762243099764,1,1,18429.179781260493,31,0.13761334962112076
2033.08,2033.0,8.0,2032.0,11.0,320.0,46.12903225806452,0.5374999999999999,0.0625,199.03559486444462,201.1730586121993,-0.16999999999999996,182.79087038150954,34.0,7.0,5.0,3.0,44.0,93.0,0.5109347109655197,89.79087038150954,0.0,0.0,0.0,0.0,0.0,0.0,34.0,7.0,5.0,3.0,44.0,135.7908703815095,1.0,89.79087038150954,,,,964.4639271047338,990.0,0.08617870581187824,0.00011086964057828276,989.9137104245476,0.057505489720658345,,,,25.392277830092684,,,,0.8716129032258065,,,,0.35916348152603816,,,,0.9600000000000006,,,,18.753714291636285,,,,18.753714291636285,0.10204616790495213,23.67835890941272,13.845878185303269,1,1,13952.763432977397,31,0.1041873016202016
2033.09,2033.0,9.0,2032.0,12.0,350.5,50.5,0.5374999999999998,0.0625,152.67424255697196,154.02193448370434,-0.14000000000000007,142.43178391380562,30.0,6.0,4.0,2.0,30.0,72.0,0.5094406881630816,70.43178391380562,0.0,0.0,0.0,0.0,0.0,0.0,30.0,6.0,4.0,2.0,30.0,110.43178391380563,1.0,70.43178391380562,,,,964.4940479652904,990.0,0.07753356269788829,0.0,989.9224664373021,0.035419750821078025,,,,25.392998721190498,,,,0.83,,,,0.28172713565522245,,,,0.9600000000000006,,,,14.086914874762313,,,,14.086914874762313,0.0977546127166304,19.62273627233732,9.575125989898023,1,1,10142.578709828862,30,0.07826063819312394
2033.1,2033.0,10.0,2033.0,1.0,16.0,2.7419354838709675,0.5374999999999999,0.0625,121.77859512017298,123.00868193956876,-0.16000000000000006,112.42993529276582,24.0,4.0,2.0,2.0,20.0,52.0,0.46312694853482306,60.4299352927658,0.0,0.0,0.0,0.0,0.0,0.0,24.0,4.0,2.0,2.0,20.0,90.42993529276582,1.0,60.4299352927658,,,,964.4982651204991,990.0,0.07071475066798834,0.0,989.9292852493314,0.025024535907989722,,,,25.405995592924917,,,,0.8025806451612901,,,,0.2417197411710633,,,,0.9600000000000006,,,,11.61714443825734,,,,11.61714443825734,0.10314764669608482,13.60090213107692,10.115386334857863,1,1,8643.15546206346,31,0.06453969132365188
2033.11,2033.0,11.0,2033.0,2.0,46.5,7.066666666666666,0.5374999999999998,0.0625,153.7402606718759,155.68633992088695,-0.2000000000000001,138.95005837939158,23.0,4.0,2.0,2.0,19.0,50.0,0.36814909935817053,88.95005837939162,0.0,0.0,0.0,0.0,0.0,0.0,23.0,4.0,2.0,2.0,19.0,117.95005837939162,1.0,88.95005837939162,,,,964.4898533402738,990.0,0.08009661081115625,0.0005855618490168978,989.9193178273398,0.058821287973156305,,,,25.370643199092704,,,,0.8656666666666664,,,,0.35580023351756646,,,,0.9623333333333335,,,,18.610321379956037,,,,18.610321379956037,0.13142758767386084,29.12425946232934,12.370382940600463,1,1,13399.43139356835,30,0.10339067433308911
2033.12,2033.0,12.0,2033.0,3.0,77.0,11.419354838709678,0.5374999999999999,0.0625,233.33157257266836,235.83734435645573,-0.16999999999999996,214.28770701588468,26.0,4.0,3.0,2.0,24.0,59.0,0.2768864641556062,155.28770701588462,0.0,0.0,0.0,0.0,0.0,0.0,26.0,4.0,3.0,2.0,24.0,188.28770701588462,1.0,155.28770701588462,,,,964.6786329140431,990.0,0.10407535466450611,0.0055287707015884615,989.8903958746337,0.17238421179846083,,,,25.039378748792178,,,,0.9187096774193553,,,,0.6211508280635385,,,,0.9699999999999995,,,,33.9995972108293,,,,33.9995972108293,0.1582942266848002,40.96187876131917,25.738897027416574,1,1,25295.70032485699,31,0.18888665117127382
2034.01,2034.0,1.0,2033.0,4.0,108.0,15.870967741935484,0.5500000000000003,0.07500000000000001,369.44818948089653,374.50399339168433,-0.17999999999999997,337.4280980459074,29.0,5.0,4.0,2.0,33.0,73.0,0.2215954703839755,264.4280980459075,0.0,0.0,0.0,0.0,0.0,0.0,29.0,5.0,4.0,2.0,33.0,302.4280980459075,1.5806451612903225,176.98832573781894,150.5907189750414,,,965.0353065805639,990.0,0.14237096420287254,0.02318533156951922,989.8344437042277,0.23192974158032867,0.16070067960862383,,,24.567207382083136,24.4924550495741,,,0.9264516129032262,0.9177777777777779,,,0.7079533029512758,0.6023628759001656,,,0.9716129032258061,0.9700000000000001,,,38.51844845402859,32.21224095559279,,,57.2223302992115,0.16877049723981638,67.65500451460197,38.525813876147424,2,1,42573.41374261335,31,0.3179018349956194
2034.02,2034.0,2.0,2033.0,5.0,137.5,20.071428571428573,0.5500000000000003,0.07499999999999998,449.8658878931983,455.32984604574733,-0.16000000000000006,415.2608195937216,31.0,6.0,4.0,3.0,41.0,85.0,0.2053622225691847,330.2608195937215,0.0,0.0,0.0,0.0,0.0,0.0,31.0,6.0,4.0,3.0,41.0,371.2608195937216,2.0,165.13040979686076,165.13040979686076,,,965.3321204099677,990.0,0.16525267071378205,0.036052163918744315,989.7986951653675,0.19400310467085768,0.19400310467085768,,,24.272571650729105,24.272571650729105,,,0.9232142857142857,0.9232142857142857,,,0.660521639187443,0.660521639187443,,,0.9699999999999996,0.9699999999999996,,,35.20834339204249,35.20834339204249,,,70.41668678408497,0.16943765419474702,78.0594133398626,61.8615217511805,2,2,47320.013518905114,28,0.39120381546713884
2034.03,2034.0,3.0,2033.0,6.0,167.0,24.258064516129032,0.5500000000000003,0.07500000000000001,582.7149448881873,600.8829306748723,-0.4100000000000001,465.3838298076887,36.0,8.0,6.0,4.0,53.0,107.0,0.2313082935181265,358.38382980768864,0.0,0.0,0.0,0.0,0.0,0.0,36.0,8.0,6.0,4.0,53.0,408.38382980768864,2.0,179.19191490384432,179.19191490384432,,,965.5481661731017,990.0,0.1775813456925903,0.04167676596153773,989.7807418883458,0.22962360391448447,0.22962360391448447,,,24.00295211132966,24.00295211132966,,,0.9267741935483872,0.9267741935483872,,,0.7167676596153771,0.7167676596153771,,,0.9703225806451609,0.9703225806451609,,,37.93766864191878,37.93766864191878,,,75.87533728383757,0.16275493764674753,90.73660949569908,61.08844046121993,2,2,56451.25093917513,31,0.4215296515768752
2034.04,2034.0,4.0,2033.0,7.0,197.5,28.666666666666668,0.5500000000000003,0.075,753.9319092669208,770.9075016470355,-0.2899999999999999,647.9477551343333,40.0,10.0,8.0,5.0,62.0,125.0,0.19360407715324401,522.9477551343333,0.0,0.0,0.0,0.0,0.0,0.0,40.0,10.0,8.0,5.0,62.0,580.9477551343333,2.3,232.98559293185508,232.98559293185508,189.9218975687436,,966.3546140278621,990.0,0.2534479739909179,0.08065248966301541,989.6658995363462,0.3906868631569092,0.3906868631569092,0.2554159625504562,,22.92059864532681,22.92059864532681,22.8059929171072,,0.939333333333333,0.939333333333333,0.9299999999999999,,0.9319423717274203,0.9319423717274203,0.7596875902749742,,0.9769999999999999,0.9769999999999999,0.9699999999999999,,48.15393615357178,48.15393615357178,38.32963564694717,,107.80676300122768,0.1663762935984122,116.54617308389606,96.50331140420143,3,2,77620.86936088394,30,0.5989264611179316
2034.05,2034.0,5.0,2033.0,8.0,228.0,33.0,0.5500000000000003,0.07500000000000001,698.0046229059662,710.902171180819,-0.24000000000000016,617.0630845849508,42.0,9.0,8.0,6.0,82.0,147.0,0.24694042038789277,470.0630845849507,0.0,0.0,0.0,0.0,0.0,0.0,42.0,9.0,8.0,6.0,82.0,529.0630845849507,2.3225806451612905,206.75150730291455,202.81915839946348,190.07527517989,,966.217202366517,990.0,0.2329050872062476,0.07008374332072673,989.697011169473,0.3116336560776858,0.29916862158814217,0.2558431262648592,,23.168175146877953,23.1091766063173,22.70714823732048,,0.9335483870967743,0.9324137931034485,0.9299999999999998,,0.8270060292116582,0.8112766335978538,0.7603011007195599,,0.973548387096774,0.9731034482758619,0.9700000000000001,,42.75912075756286,41.71683405220597,38.19398794140916,,96.5693156869462,0.155310571644886,116.22951103128773,56.91189917191253,3,1,71847.57087108797,31,0.5364961982608122
2034.06,2034.0,6.0,2033.0,9.0,258.5,37.333333333333336,0.5500000000000003,0.075,350.4616416904793,356.885582169531,-0.24000000000000016,309.776685323153,39.0,9.0,7.0,5.0,59.0,119.0,0.3904668574881457,190.77668532315298,0.0,0.0,0.0,0.0,0.0,0.0,39.0,9.0,7.0,5.0,59.0,245.77668532315298,1.0,190.77668532315298,,,,964.934224166252,990.0,0.12347789130094054,0.010437299844247913,989.866084808855,0.26916242996270284,,,,24.662698212640276,,,,0.9296666666666671,,,,0.7631067412926115,,,,0.9729999999999996,,,,41.79848463419823,,,,41.79848463419823,0.13344431291664685,60.35905756222003,29.189229534067888,1,1,30094.908936622724,30,0.2322138035233235
2034.07,2034.0,7.0,2033.0,10.0,289.0,41.74193548387097,0.5500000000000003,0.07500000000000001,256.1317122189525,259.4891091361839,-0.16999999999999996,235.2268774319507,37.0,8.0,6.0,4.0,53.0,108.0,0.46103278217780663,127.22687743195074,0.0,0.0,0.0,0.0,0.0,0.0,37.0,8.0,6.0,4.0,53.0,178.22687743195073,1.0,127.22687743195074,,,,964.7360130426894,990.0,0.10064552639725591,0.0027226877431950755,989.8966317858598,0.11596941416795238,,,,25.044649329002148,,,,0.9051612903225805,,,,0.5089075097278027,,,,0.967741935483871,,,,27.415173014224155,,,,27.415173014224155,0.11606306044935018,33.57238443743402,21.45151026335129,1,1,20396.888722582775,31,0.15230651674568976
2034.08,2034.0,8.0,2033.0,11.0,320.0,46.12903225806452,0.5500000000000003,0.07500000000000001,205.42784196614025,208.08087309814155,-0.16999999999999996,188.6253114634654,34.0,7.0,5.0,3.0,44.0,93.0,0.4951140963250854,95.62531146346535,0.0,0.0,0.0,0.0,0.0,0.0,34.0,7.0,5.0,3.0,44.0,141.62531146346535,1.0,95.62531146346535,,,,964.514463863253,990.0,0.08816771981709046,0.00037699412244548416,989.9114552860603,0.0653116678077905,,,,25.331679754999687,,,,0.8800000000000003,,,,0.38250124585386125,,,,0.9612903225806457,,,,20.131262552228716,,,,20.131262552228716,0.10620928780515623,25.06345512570297,15.97146973357594,1,1,14977.65933885816,31,0.11184034751238173
2034.09,2034.0,9.0,2033.0,12.0,350.5,50.5,0.5500000000000003,0.075,159.28533222230783,160.9896025508954,-0.14000000000000007,148.59340315447645,30.0,6.0,4.0,2.0,30.0,72.0,0.4880908903111284,76.59340315447642,0.0,0.0,0.0,0.0,0.0,0.0,30.0,6.0,4.0,2.0,30.0,116.59340315447645,1.0,76.59340315447642,,,,964.4881618465781,990.0,0.07963411471175333,0.0,989.9203658852881,0.04194283629110659,,,,25.390261202418944,,,,0.8459999999999998,,,,0.3063736126179057,,,,0.9600000000000006,,,,15.579838512120828,,,,15.579838512120828,0.10384242629262605,20.78854740084688,10.656051236246267,1,1,11217.483728727,30,0.0865546584006713
2034.1,2034.0,10.0,2034.0,1.0,16.0,2.7419354838709675,0.5500000000000003,0.07500000000000001,118.06712812592255,119.49444768074196,-0.16000000000000006,108.97893628483658,24.0,4.0,2.0,2.0,20.0,52.0,0.48030648867156056,56.97893628483663,0.0,0.0,0.0,0.0,0.0,0.0,24.0,4.0,2.0,2.0,20.0,86.97893628483658,0.7096774193548387,61.13863510555163,,,,964.4911761751249,990.0,0.06953827373346701,0.0,989.9304617262667,0.025887453001344228,,,,25.40571632730591,,,,0.8054545454545455,,,,0.24455454042220656,,,,0.9600000000000005,,,,11.82412940187664,,,,8.391317640041487,0.07377204439615971,14.763331485649712,0.0,1,0,6243.140324190868,31,0.04661843133356383
2034.11,2034.0,11.0,2034.0,2.0,46.5,7.066666666666666,0.5500000000000003,0.075,153.85957201232608,156.1916404339725,-0.2000000000000001,139.01055998623553,23.0,4.0,2.0,2.0,19.0,50.0,0.3775585022423596,89.01055998623552,0.0,0.0,0.0,0.0,0.0,0.0,23.0,4.0,2.0,2.0,19.0,118.01055998623556,0.7666666666666667,102.29107421937226,,,,964.4776718723733,990.0,0.08011723635894394,0.0006150019620804124,989.9192677616792,0.07547647323126797,,,,25.358002397146088,,,,0.8843478260869564,,,,0.40916429687748923,,,,0.9617391304347828,,,,21.745920120227368,,,,16.671872092174315,0.10843808314971758,26.262398209812694,0.0,1,0,12003.747906365503,30,0.09262151162319061
2034.12,2034.0,12.0,2034.0,3.0,77.0,11.419354838709678,0.5500000000000003,0.07500000000000001,226.20682411543757,229.14248092589685,-0.16999999999999996,207.71765895932546,26.0,4.0,3.0,2.0,24.0,59.0,0.2893207643468904,148.71765895932546,0.0,0.0,0.0,0.0,0.0,0.0,26.0,4.0,3.0,2.0,24.0,181.71765895932543,1.0,148.71765895932546,,,,964.5896188918327,990.0,0.10183479939028281,0.004891469381402434,989.8932737312283,0.16229776951813918,,,,25.141357069877365,,,,0.9148387096774198,,,,0.5948706358373022,,,,0.9699999999999995,,,,32.57807127808797,,,,32.57807127808797,0.1555678224340528,45.37744441209261,25.321940518064327,1,1,24238.08503089745,31,0.18098928487826652
2035.01,2035.0,1.0,2034.0,4.0,108.0,15.870967741935484,0.5625,0.08709677419354833,402.92921706962915,409.3475510452266,-0.17999999999999997,367.9011115018974,29.0,5.0,4.0,2.0,33.0,73.0,0.20300500427883456,294.90111150189745,0.0,0.0,0.0,0.0,0.0,0.0,29.0,5.0,4.0,2.0,33.0,332.9011115018974,1.5483870967741935,202.49030219761076,168.51382873134642,,,965.1484983804867,990.0,0.1525128023326077,0.028995372608781916,989.8184918250585,0.3032089858314602,0.20256234633790318,,,24.366784458740575,24.282673124426584,,,0.9325806451612905,0.9229411764705882,,,0.8099612087904433,0.6740553149253856,,,0.9735483870967738,0.9700000000000001,,,44.106389600762576,35.93324383551121,,,63.811716865397734,0.17286952469607003,83.5822628031536,42.865696013824675,2,1,47475.91734785592,31,0.35450953814109853
2035.02,2035.0,2.0,2034.0,5.0,137.5,20.071428571428573,0.5625,0.08749999999999995,686.8835899953459,696.6697820959935,-0.16000000000000006,633.969501707354,36.0,6.0,5.0,4.0,54.0,105.0,0.16801287019321645,528.9695017073539,0.0,0.0,0.0,0.0,0.0,0.0,36.0,6.0,5.0,4.0,54.0,575.9695017073539,2.642857142857143,202.94779132199724,202.94779132199724,191.4483185430032,,966.292326534697,990.0,0.2534435673185071,0.08592420194971763,989.6606322307322,0.29543037310362796,0.29543037310362796,0.2595515485364808,,23.072875322931313,23.072875322931313,22.870970601411855,,0.9335714285714284,0.9335714285714284,0.9299999999999999,,0.8117911652879892,0.8117911652879892,0.765793274172013,,0.971785714285714,0.971785714285714,0.9700000000000001,,41.72238394448244,41.72238394448244,38.74743164503992,,108.35383108934775,0.1707726396991665,118.15356633753458,78.93540205077163,3,2,72813.77449204167,28,0.6019657282741541
2035.03,2035.0,3.0,2034.0,6.0,167.0,24.258064516129032,0.5625,0.08749999999999995,879.419106310287,911.6014488216275,-0.4100000000000001,701.3633646871396,39.38709677419355,8.0,6.67741935483871,5.354838709677419,62.483870967741936,121.90322580645162,0.17689695190140198,579.4601388806879,0.0,0.0,0.0,0.0,0.0,0.0,39.38709677419355,8.0,6.67741935483871,5.354838709677419,62.483870967741936,633.5246550097203,2.5806451612903225,226.7750770689384,226.7750770689384,216.8449737237304,,966.5836352850298,990.0,0.2840278581707829,0.10122821907587064,989.6147439227533,0.36672731234198297,0.36672731234198297,0.33472489527838634,,22.664381325381424,22.664381325381424,22.329112692485452,,0.9380645161290324,0.9380645161290324,0.9349999999999997,,0.9071003082757539,0.9071003082757539,0.8673798948949214,,0.9770967741935485,0.9770967741935485,0.9750000000000001,,46.257169265000044,46.257169265000044,43.27742386790689,,117.64316529201052,0.16762296354716472,143.4009555131616,92.89018674829924,3,2,87526.51497725582,31,0.6535731405111695
2035.04,2035.0,4.0,2034.0,7.0,197.5,28.666666666666668,0.5625,0.08749999999999995,1243.312280031478,1276.0860748121281,-0.2899999999999999,1067.9245338583996,45.0,11.0,10.0,10.0,72.0,148.0,0.1393365782306989,919.9245338583995,0.0,0.0,0.0,0.0,0.0,0.0,45.0,11.0,10.0,10.0,72.0,985.9245338583995,3.8333333333333335,241.10927012342418,241.10927012342418,241.10927012342418,235.9160681857524,968.0827071295433,990.0,0.5636422404380524,0.28773075487281446,989.1486270046893,0.4137502106955064,0.4137502106955064,0.4137502106955064,0.39555632020174686,20.652169664450266,20.652169664450266,20.652169664450266,20.536288506015076,0.9393333333333337,0.9393333333333337,0.9393333333333337,0.9392000000000001,0.9644370804936966,0.9644370804936966,0.9644370804936966,0.9436642727430096,0.9793333333333336,0.9793333333333336,0.9793333333333336,0.9792000000000003,44.923346520048696,44.923346520048696,44.923346520048696,43.659938845790805,171.15332193163832,0.16036157791487735,186.8306909797017,152.00175169057346,4,3,123230.39179077961,30,0.9508517885091019
2035.05,2035.0,5.0,2034.0,8.0,228.0,33.0,0.5625,0.08749999999999995,1323.135836003649,1351.7223522454265,-0.24000000000000016,1169.2398346922937,47.0,10.0,10.0,10.0,115.0,192.0,0.16499213766972398,977.2398346922937,0.0,0.0,0.0,0.0,0.0,0.0,47.0,10.0,10.0,10.0,115.0,1044.2398346922937,3.967741935483871,246.4831478210129,246.4831478210129,246.4831478210129,245.7167376035636,968.462828657731,990.0,0.6322433965279192,0.34249839942758614,989.0252582040445,0.4322990347894139,0.4322990347894139,0.4322990347894139,0.42958580969963484,20.130130511524282,20.130130511524282,20.130130511524282,20.100862114655026,0.9393548387096777,0.9393548387096777,0.9393548387096777,0.9393333333333336,0.9859325912840515,0.9859325912840515,0.9859325912840515,0.9828669504142543,0.9793548387096777,0.9793548387096777,0.9793548387096777,0.9793333333333335,44.71459560763932,44.71459560763932,44.71459560763932,44.4997484273712,177.2080594945675,0.15164096405354097,185.82320736921918,153.48003304704832,4,3,131842.79626395818,31,0.9844892194142636
2035.06,2035.0,6.0,2034.0,9.0,258.5,37.333333333333336,0.5625,0.08749999999999995,757.4329273178794,773.6802117649434,-0.24000000000000016,669.233383176676,45.0,10.0,9.0,9.0,88.0,161.0,0.2643074317493833,508.233383176676,0.0,0.0,0.0,0.0,0.0,0.0,45.0,10.0,9.0,9.0,88.0,572.233383176676,2.3,221.92925137335882,215.8620612497001,231.43581122844503,207.67134405783548,966.43137795973,990.0,0.26818492460577925,0.09001334669465441,989.6418017286994,0.3583108889401639,0.3396710425563294,0.38312114896778926,0.30531258813365136,22.852112880029452,22.610904485281267,21.68709403710092,21.215435309991378,0.9356666666666666,0.9336,0.9366666666666664,0.93,0.8877170054934352,0.8634482449988,0.9257432449137801,0.830685376231342,0.9759999999999999,0.9751999999999998,0.9766666666666669,0.97,45.38904376239795,43.42805648391045,45.02032119995952,38.989593121697254,102.18652552042023,0.1498707947968442,156.62349051538138,50.9218057246136,4,1,73574.29837470259,30,0.5677029195578903
2035.07,2035.0,7.0,2034.0,10.0,289.0,41.74193548387097,0.5625,0.08749999999999995,352.3116972013102,357.72161316962564,-0.16999999999999996,323.51448391028026,42.0,9.0,8.0,6.0,70.0,135.0,0.4234193547822784,188.51448391028026,0.0,0.0,0.0,0.0,0.0,0.0,42.0,9.0,8.0,6.0,70.0,247.51448391028026,1.0,188.51448391028026,,,,964.9793525473717,990.0,0.12406661482412185,0.01006573832050149,989.8658676468555,0.2626086174078323,,,,24.62390648207597,,,,0.9293548387096777,,,,0.754057935641121,,,,0.9729032258064513,,,,41.22101856609807,,,,41.22101856609807,0.12598349830614,59.530592363101476,27.83655484911932,1,1,30668.437813176966,31,0.22900565870054485
2035.08,2035.0,8.0,2034.0,11.0,320.0,46.12903225806452,0.5625,0.08749999999999995,244.57949563942867,248.27254981797108,-0.16999999999999996,224.53148724162756,35.61290322580645,7.0,5.0,3.3225806451612905,49.16129032258065,100.09677419354838,0.44589352736055216,124.4347130480792,0.0,0.0,0.0,0.0,0.0,0.0,35.61290322580645,7.0,5.0,3.3225806451612905,49.16129032258065,172.04761627388567,1.0,124.4347130480792,,,,964.6976481314363,990.0,0.09853896009337008,0.0024434713048079202,989.8990175686017,0.11046159898273865,,,,25.090907838182925,,,,0.9041935483870964,,,,0.49773885219231684,,,,0.9683870967741934,,,,26.832725640391573,,,,26.832725640391573,0.11943399773775759,31.61710944781496,21.668899777745608,1,1,19963.54787645133,31,0.1490706980021754
2035.09,2035.0,9.0,2034.0,12.0,350.5,50.5,0.5625,0.08749999999999995,195.1265345459822,197.56505665499557,-0.14000000000000007,182.0068084434146,30.0,6.0,4.0,2.0,30.0,72.0,0.3961777919695173,110.00680844341466,0.0,0.0,0.0,0.0,0.0,0.0,30.0,6.0,4.0,2.0,30.0,150.00680844341463,1.0,110.00680844341466,,,,964.435682571882,990.0,0.09102504833298224,0.0010095321202162697,989.9079654195469,0.08567820418456519,,,,25.386604643480222,,,,0.8936666666666669,,,,0.44002723377365854,,,,0.9633333333333339,,,,23.603969319983808,,,,23.603969319983808,0.12950177081079958,27.080683337721723,20.480096266390586,1,1,16994.857910388335,30,0.1311331628887989
2035.1,2035.0,10.0,2035.0,1.0,16.0,2.7419354838709675,0.5625,0.08749999999999995,168.7861700865137,171.17230471320372,-0.16000000000000006,155.76679728901541,31.0,4.0,3.0,2.0,33.0,73.0,0.46966325017346605,82.76679728901544,0.0,0.0,0.0,0.0,0.0,0.0,31.0,4.0,3.0,2.0,33.0,120.7667972890155,1.0,82.76679728901544,,,,964.4812973870411,990.0,0.08105686271216433,2.9322001958533866e-06,989.9189402050881,0.04823994496676838,,,,25.389402873080144,,,,0.8645161290322577,,,,0.3310671891560614,,,,0.9600000000000006,,,,17.123925858553566,,,,17.123925858553566,0.10967106126045108,21.13662610657588,14.358951235583243,1,1,12740.200838763863,31,0.09513292143640878
2035.11,2035.0,11.0,2035.0,2.0,46.5,7.066666666666666,0.5625,0.08749999999999995,180.01567703213746,183.20242803690954,-0.2000000000000001,162.59215488275714,29.0,4.0,2.0,2.0,30.0,67.0,0.4141234452680565,95.59215488275724,0.0,0.0,0.0,0.0,0.0,0.0,29.0,4.0,2.0,2.0,30.0,130.59215488275717,1.0,95.59215488275724,,,,964.4700628062692,990.0,0.08440641643730364,0.000316547726486668,989.9152770358365,0.06512695855229801,,,,25.3800872710144,,,,0.8799999999999998,,,,0.3823686195310288,,,,0.9610000000000004,,,,20.167594549351858,,,,20.167594549351858,0.1234624596348611,25.2968204485438,16.39590718805915,1,1,14520.668075533331,30,0.1120421919408436
2035.12,2035.0,12.0,2035.0,3.0,77.0,11.419354838709678,0.5625,0.08749999999999995,290.7648286230595,295.17352876602286,-0.16999999999999996,266.9475600777719,27.774193548387096,4.354838709677419,3.0,2.0,28.258064516129032,65.38709677419355,0.2524251910379583,201.56046330357842,0.0,0.0,0.0,0.0,0.0,0.0,27.774193548387096,4.354838709677419,3.0,2.0,28.258064516129032,236.68949556164296,1.1935483870967742,172.8641197329438,148.26444178161185,,,964.7894778344712,990.0,0.12033660764099391,0.012749467227290668,989.8669139251315,0.22091981656375562,0.15562087672005065,,,24.8565162740971,24.502579484630626,,,0.923870967741936,0.9183333333333333,,,0.6914564789317754,0.5930577671264473,,,0.9719354838709676,0.9699999999999999,,,37.91096555559388,31.747707081516065,,,44.055683055242135,0.1636423875479829,64.20632181082131,29.134185541532165,2,1,32777.42819310015,31,0.24475379475134523
2036.01,2036.0,1.0,2035.0,4.0,108.0,15.870967741935484,0.5749999999999996,0.09959677419354844,556.3103575646743,566.4647538659175,-0.17999999999999997,507.8356518407951,41.0,6.0,4.0,3.0,66.0,120.0,0.2439886294065542,387.83565184079515,0.0,0.0,0.0,0.0,0.0,0.0,41.0,6.0,4.0,3.0,66.0,438.8356518407951,1.8709677419354838,210.70452357907973,203.3727768930807,,,965.7380271071448,990.0,0.19094960674662462,0.047739391825815415,989.7613110014278,0.3267401731448721,0.304112316475519,,,23.69654372113791,23.62681488952746,,,0.9341935483870972,0.9318518518518522,,,0.842818094316319,0.8134911075723226,,,0.9754838709677423,0.9748148148148151,,,44.63868025235251,42.74440720555643,,,81.86768007654682,0.15998578939567343,105.68351977147759,56.02970589079993,2,1,60909.553976950825,31,0.45482044486970447
2036.02,2036.0,2.0,2035.0,5.0,138.0,20.137931034482758,0.5749999999999996,0.10000000000000005,1137.1755040009634,1155.715379171268,-0.16000000000000006,1049.3895642875113,44.86206896551724,7.310344827586207,5.620689655172414,4.310344827586207,82.65517241379311,144.75862068965517,0.1540042302801025,787.2278255890388,117.40311800881732,12.852901389586071,2.5023737666319277,4.040447287960126,3.6235530249634977,94.38384253967571,57.71497035510331,9.812718594218135,9.66113694313254,7.933897852549705,177.03901495346878,864.4166514814926,3.206896551724138,244.169564910246,244.169564910246,240.5193489159733,263.20980030040937,967.8969291906278,990.0,0.5032393064438226,0.23620932099707934,989.260551372559,0.4280582176356218,0.4280582176356218,0.41623040756742924,0.49389959109979825,20.935563964295564,20.935563964295564,20.552547416910688,18.640330432381077,0.9368988772199891,0.9368988772199891,0.9345861433074866,0.9318243126708801,0.9766782596409841,0.9766782596409841,0.9620773956638934,1.0528392012016372,0.9779310344827589,0.9779310344827589,0.9775000000000004,0.9790909090909092,45.63394816690926,45.63394816690926,43.82552940718657,43.663581582859095,144.0993481677471,0.148075068702625,189.20706977043918,103.77242821487837,4,2,100293.14632475196,29,0.8005519342652615
2036.03,2036.0,3.0,2035.0,6.0,168.0,24.419354838709676,0.5749999999999996,0.10000000000000005,2611.328857836595,2722.9706546784105,-0.4100000000000001,2081.0303228379753,59.0,11.0,12.0,13.0,144.0,239.0,0.1169482951987802,1100.0,742.0303228379759,41.0,7.0,13.0,39.65369177489211,641.3766310630837,100.0,18.0,25.0,52.65369177489212,785.3766310630837,1243.0,4.0,275.0,275.0,275.0,275.0,971.3263566365338,990.0,0.9219672131147545,0.4800000000000003,988.5980327868855,0.5349347800000003,0.5349347800000003,0.5349347800000003,0.5349347800000003,16.73674137035127,16.73674137035127,16.73674137035127,16.73674137035127,0.9245162680194403,0.9245162680194403,0.9245162680194403,0.9245162680194403,1.1000000000000005,1.1000000000000005,1.1000000000000005,1.1000000000000005,0.9800000000000003,0.9800000000000003,0.9800000000000003,0.9800000000000003,40.92061701357843,40.92061701357843,40.92061701357843,40.92061701357843,163.68246805431372,0.08063014985511378,172.74717851931592,145.02105541306548,4,4,121779.75623240939,31,0.9093470447461872
2036.04,2036.0,4.0,2035.0,7.0,198.5,28.8,0.5749999999999996,0.10000000000000005,3313.2493127584958,3412.2032057245065,-0.2899999999999999,2843.218321169944,70.0,14.0,18.0,25.0,168.0,295.0,0.10396625396160422,1100.0,1448.218321169944,30.0,4.0,7.0,55.0,1352.2183211699444,100.0,18.0,25.0,80.0,1520.218321169944,1243.0,4.0,275.0,275.0,275.0,275.0,973.2601581631085,990.0,0.9219672131147545,0.4800000000000003,988.5980327868855,0.5349347800000003,0.5349347800000003,0.5349347800000003,0.5349347800000003,14.802939843776654,14.802939843776654,14.802939843776654,14.802939843776654,0.9075470589425659,0.9075470589425659,0.9075470589425659,0.9075470589425659,1.1000000000000005,1.1000000000000005,1.1000000000000005,1.1000000000000005,0.9800000000000003,0.9800000000000003,0.9800000000000003,0.9800000000000003,35.52046003176215,35.52046003176215,35.52046003176215,35.52046003176215,142.0818401270486,0.05012679892438545,147.01292160261525,137.35804864966764,4,4,102298.924891475,30,0.7893435562613812
2036.05,2036.0,5.0,2035.0,8.0,229.0,33.12903225806452,0.5749999999999996,0.10000000000000005,2517.8347801479567,2579.7487501515957,-0.24000000000000016,2223.7434226306755,65.0,14.0,17.0,23.0,202.0,321.0,0.1474201951706407,1100.0,802.7434226306752,34.99999999999999,4.0,7.999999999999999,47.26555883453528,708.4778637961399,100.0,18.0,25.0,70.26555883453527,910.4778637961399,1243.0,4.0,275.0,275.0,275.0,275.0,971.7079105793005,990.0,0.9219672131147545,0.4800000000000003,988.5980327868855,0.5349347800000003,0.5349347800000003,0.5349347800000003,0.5349347800000003,16.3551874275847,16.3551874275847,16.3551874275847,16.3551874275847,0.9217593793562058,0.9217593793562058,0.9217593793562058,0.9217593793562058,1.1000000000000005,1.1000000000000005,1.1000000000000005,1.1000000000000005,0.9800000000000003,0.9800000000000003,0.9800000000000003,0.9800000000000003,39.87021905431848,39.87021905431848,39.87021905431848,39.87021905431848,159.48087621727393,0.07386848111090531,175.927014434554,145.8651633316577,4,4,118653.77190565181,31,0.8860048678737441
2036.06,2036.0,6.0,2035.0,9.0,259.5,37.5,0.5749999999999996,0.10000000000000005,1192.4601929403448,1221.782984570025,-0.24000000000000016,1053.1769326993617,53.0,12.0,12.0,13.0,120.0,210.0,0.21680148544579708,803.7309251655962,39.446007533765524,8.003902492963869,1.1324209204759619,2.039566989494676,2.4418957044711993,25.828221426359814,61.00390249296387,13.132420920475962,14.039566989494677,15.441895704471198,145.82822142635985,891.9068155685305,3.2666666666666666,243.65268910656843,243.65268910656843,247.0067289472083,254.1074428525325,967.9686811387494,990.0,0.5230434130159393,0.2491323402714664,989.2278242467125,0.4248418696288156,0.4248418696288156,0.43685137884673003,0.46109492995601314,20.834301238334103,20.834301238334103,20.22244386221138,19.478421206230472,0.9370681079606819,0.9370681079606819,0.9361757929921933,0.9354695492546963,0.9746107564262739,0.9746107564262739,0.9880269157888333,1.01642977141013,0.9783333333333335,0.9783333333333335,0.9782608695652175,0.978666666666667,45.39618625179514,45.39618625179514,44.62780245765851,44.25373008999067,147.1338860994571,0.14163933675243395,189.230353789944,86.1571500868492,4,2,105936.39799160915,30,0.8174104783303175
2036.07,2036.0,7.0,2035.0,10.0,290.0,41.87096774193548,0.5749999999999996,0.10000000000000005,513.9870522491345,522.8759432849794,-0.16999999999999996,471.7648198288726,50.0,10.0,9.0,9.0,108.0,186.0,0.40183420588023055,285.7648198288725,0.0,0.0,0.0,0.0,0.0,0.0,50.0,10.0,9.0,9.0,108.0,354.7648198288726,1.4516129032258065,207.09053642447273,174.20734182402813,,,965.5783137629684,990.0,0.15977429440811267,0.027161255455322927,989.8130644501368,0.3136345272830078,0.21858718032680619,,,23.921116159884964,23.708989289519433,,,0.9351612903225809,0.9257142857142856,,,0.8283621456978909,0.6968293672961127,,,0.9748387096774195,0.9707142857142859,,,44.43826127361271,36.40201169039099,,,60.87787945636993,0.1277611618714907,91.24950508284441,42.60484394223939,2,1,45293.14231553923,31,0.3382104414242774
2036.08,2036.0,8.0,2035.0,11.0,321.0,46.25806451612903,0.5749999999999996,0.10000000000000005,352.81676457940836,358.91837698820785,-0.16999999999999996,323.83410563761043,51.516129032258064,8.64516129032258,7.290322580645161,5.645161290322581,100.61290322580645,173.70967741935485,0.5380754552203932,150.1244282182556,0.0,0.0,0.0,0.0,0.0,0.0,51.516129032258064,8.64516129032258,7.290322580645161,5.645161290322581,100.61290322580645,217.57604112148147,1.0,150.1244282182556,,,,964.9767791148427,990.0,0.1140153238276523,0.0050124428218255666,989.8809722333505,0.16301642994334112,,,,24.74117668856461,,,,0.9161290322580646,,,,0.6004977128730228,,,,0.9699999999999995,,,,32.39042774527289,,,,32.39042774527289,0.0996423184803557,42.47906303884011,25.566885975863705,1,1,24098.478242483045,31,0.17994682080707172
2036.09,2036.0,9.0,2035.0,12.0,351.5,50.666666666666664,0.5749999999999996,0.10000000000000005,248.1265799395001,251.6496753950305,-0.14000000000000007,231.3918765257305,40.0,6.0,4.0,3.0,65.0,118.0,0.5149302967629977,113.39187652573045,0.0,0.0,0.0,0.0,0.0,0.0,40.0,6.0,4.0,3.0,65.0,163.39187652573045,1.0,113.39187652573045,,,,964.7064733044451,990.0,0.09558813972468087,0.001734689366045999,989.9026771709092,0.09433899477543603,,,,25.101864871689045,,,,0.8926666666666667,,,,0.45356750610292185,,,,0.9643333333333338,,,,24.12591120719139,,,,24.12591120719139,0.10302307572713555,33.55021036795143,15.993561035181893,1,1,17370.656069177803,30,0.1340328400399522
2036.1,2036.0,10.0,2036.0,1.0,16.0,2.7419354838709675,0.5749999999999996,0.10000000000000005,195.54084122710677,198.72036710071816,-0.16000000000000006,180.43809332745215,31.0,4.0,3.0,2.0,33.0,73.0,0.40543138508455623,107.43809332745214,0.0,0.0,0.0,0.0,0.0,0.0,31.0,4.0,3.0,2.0,33.0,145.4380933274522,1.0,107.43809332745214,,,,964.4386648911153,990.0,0.08946753181617684,0.0008562137826780072,989.9096762544011,0.08181749978845557,,,,25.389193863497564,,,,0.8922580645161294,,,,0.4297523733098086,,,,0.9622580645161295,,,,22.995866547643168,,,,22.995866547643168,0.12719532371844863,26.198628689386886,18.183238922535864,1,1,17108.924711446514,31,0.12775481415357315
2036.11,2036.0,11.0,2036.0,2.0,46.5,7.066666666666666,0.5749999999999996,0.10000000000000005,195.35405710044353,199.34087459228928,-0.2000000000000001,176.41667401417592,29.0,4.0,2.0,2.0,30.0,67.0,0.38216042657836147,109.41667401417597,0.0,0.0,0.0,0.0,0.0,0.0,29.0,4.0,2.0,2.0,30.0,144.41667401417595,1.0,109.41667401417597,,,,964.4557970849899,990.0,0.08911932068665093,0.0011955062835754642,989.9096851730295,0.08575556849005121,,,,25.36813251955018,,,,0.8929999999999999,,,,0.4376666960567039,,,,0.9649999999999997,,,,23.523143752252377,,,,23.523143752252377,0.1326324898594833,29.501406178672678,18.71279975866946,1,1,16936.66350162171,30,0.13068413195695766
2036.12,2036.0,12.0,2036.0,3.0,77.0,11.419354838709678,0.5749999999999996,0.10000000000000005,342.3513593485043,348.27198306053344,-0.16999999999999996,314.2283967163662,35.74193548387097,5.0,3.6774193548387095,2.6774193548387095,48.193548387096776,95.29032258064517,0.30521805134352104,218.93807413572102,0.0,0.0,0.0,0.0,0.0,0.0,35.74193548387097,5.0,3.6774193548387095,2.6774193548387095,48.193548387096776,263.3574289744308,1.096774193548387,205.00644757560187,143.96014112123103,,,964.9542657501528,990.0,0.1293808280063914,0.014379072391825249,989.8562400996017,0.3069669737940516,0.14670069189775012,,,24.595007375654934,24.438824019876368,,,0.9338709677419355,0.9133333333333334,,,0.8200257903024082,0.5758405644849242,,,0.9732258064516129,0.9700000000000001,,,45.02427772753989,30.57872343207438,,,47.98350902741806,0.1523292705406082,63.288828551819,30.43503113720621,2,1,35699.73071639903,31,0.2665750501523225
2037.01,2037.0,1.0,2036.0,4.0,108.0,15.870967741935484,0.5875,0.11249999999999993,570.7814969232417,582.5787159206341,-0.17999999999999997,520.9710167120271,41.0,6.0,4.0,3.0,66.0,120.0,0.23535482418311066,400.9710167120271,0.0,0.0,0.0,0.0,0.0,0.0,41.0,6.0,4.0,3.0,66.0,451.9710167120271,2.0,200.48550835601355,200.48550835601355,,,965.7940300686636,990.0,0.1950707003026256,0.050789939791713215,989.7541393599055,0.29474563767581413,0.29474563767581413,,,23.66536365356615,23.66536365356615,,,0.9329032258064519,0.9329032258064519,,,0.8019420334240545,0.8019420334240545,,,0.9738709677419356,0.9738709677419356,,,42.22488446138136,42.22488446138136,,,84.44976892276269,0.16119476305382544,113.31436299986136,60.814043621661604,2,2,62830.62807853545,31,0.4691653829042372
2037.02,2037.0,2.0,2036.0,5.0,137.5,20.071428571428573,0.5875000000000002,0.11249999999999995,987.3299017737432,1005.4275985475999,-0.16000000000000006,910.9174042841256,43.0,7.0,5.0,4.0,78.0,137.0,0.15737051839897087,763.6882239472881,10.229180336837656,3.210618645868754,0.5226588493274715,0.37332774951962255,0.298662199615698,5.823912892506111,46.21061864586875,7.522658849327471,5.373327749519623,4.298662199615698,83.8239128925061,822.794829192004,3.25,235.08236880154237,235.08236880154237,230.5223141710611,245.5599763361162,967.4389384982229,990.0,0.43830234039150673,0.20603710277545448,989.3556605568332,0.39696764944078267,0.39696764944078267,0.3812999667203266,0.43115292437933006,21.519754409169536,21.519754409169536,21.389015820209625,20.194312525230504,0.9380545629320697,0.9380545629320697,0.9366211104839179,0.9365527762097947,0.9403294752061696,0.9403294752061696,0.9220892566842446,0.9822399053444647,0.9775000000000001,0.9775000000000001,0.9772000000000003,0.9790000000000001,45.374381187427915,45.374381187427915,44.05259005153752,44.41978902357555,145.94564242929127,0.16152093079082178,190.77773357639813,112.16004518578578,4,2,98075.47171248375,28,0.8108091246071738
2037.03,2037.0,3.0,2036.0,6.0,167.0,24.258064516129032,0.5875,0.11249999999999993,2292.257845520141,2403.1008733011568,-0.4100000000000001,1824.2539504447402,59.0,11.0,12.0,13.0,144.0,239.0,0.13321532322922683,1097.1359643035228,488.1179861412179,37.911696262749516,6.48654369906921,11.719655223932708,26.550350710610168,405.4497402448561,96.91169626274952,17.48654369906921,23.71965522393271,39.550350710610175,549.4497402448562,1235.2538594892742,4.0,274.2839910758807,274.2839910758807,274.2839910758807,274.2839910758807,970.603327792091,990.0,0.9087233729527974,0.4762767535945798,988.6149998734529,0.5322658981651016,0.5322658981651016,0.5322658981651016,0.5322658981651016,17.479406183196648,17.479406183196648,17.479406183196648,17.479406183196648,0.9288072359142636,0.9288072359142636,0.9288072359142636,0.9288072359142636,1.0971359643035234,1.0971359643035234,1.0971359643035234,1.0971359643035234,0.9800000000000003,0.9800000000000003,0.9800000000000003,0.9800000000000003,42.79959900945206,42.79959900945206,42.79959900945206,42.79959900945206,171.19839603780824,0.0958940171722858,187.7990287140625,163.35801133518714,4,4,127371.6066521293,31,0.9511022002100455
2037.04,2037.0,4.0,2036.0,7.0,197.5,28.666666666666668,0.5875000000000001,0.11249999999999995,2972.596571284085,3072.8482452865596,-0.2899999999999999,2549.3117254958624,59.333333333333336,13.333333333333334,15.333333333333334,21.0,134.0,243.0,0.0971740213768105,1100.0,1206.311725495862,40.666666666666664,4.666666666666667,9.666666666666666,59.0,1092.3117254958618,100.0,18.0,25.0,80.0,1226.311725495862,1243.0,4.0,275.0,275.0,275.0,275.0,972.5533688228699,990.0,0.9219672131147545,0.4800000000000003,988.5980327868855,0.5349347800000003,0.5349347800000003,0.5349347800000003,0.5349347800000003,15.509729184015159,15.509729184015159,15.509729184015159,15.509729184015159,0.9149480239466338,0.9149480239466338,0.9149480239466338,0.9149480239466338,1.1000000000000005,1.1000000000000005,1.1000000000000005,1.1000000000000005,0.9800000000000003,0.9800000000000003,0.9800000000000003,0.9800000000000003,37.5265841055703,37.5265841055703,37.5265841055703,37.5265841055703,150.10633642228123,0.05965310946488834,158.3160198831969,139.68962049516998,4,4,108076.56222404249,30,0.8339240912348957
2037.05,2037.0,5.0,2036.0,8.0,228.0,33.0,0.5875,0.11249999999999993,2725.557068877888,2801.189176647367,-0.24000000000000016,2406.221502740088,65.0,14.0,17.0,23.0,202.0,321.0,0.1369483865194804,1100.0,985.2215027400881,35.0,4.0,8.0,50.69995039060397,887.5215523494842,100.0,18.0,25.0,73.69995039060396,1089.5215523494844,1243.0,4.0,275.0,275.0,275.0,275.0,972.1689085422281,990.0,0.9219672131147545,0.4800000000000003,988.5980327868855,0.5349347800000003,0.5349347800000003,0.5349347800000003,0.5349347800000003,15.894189464657128,15.894189464657128,15.894189464657128,15.894189464657128,0.9176630143701535,0.9176630143701535,0.9176630143701535,0.9176630143701535,1.1000000000000005,1.1000000000000005,1.1000000000000005,1.1000000000000005,0.9800000000000003,0.9800000000000003,0.9800000000000003,0.9800000000000003,38.58252184787545,38.58252184787545,38.58252184787545,38.58252184787545,154.3300873915018,0.0666008773138464,172.86359397171998,138.6824458207577,4,4,114821.58501927732,31,0.8573893743972321
2037.06,2037.0,6.0,2036.0,9.0,258.5,37.333333333333336,0.5875000000000001,0.11249999999999995,1314.4759710762387,1350.9516660598542,-0.24000000000000016,1160.4674811454156,59.0,12.0,13.333333333333334,15.0,142.0,241.33333333333334,0.22614289536495827,824.6771479631141,94.45699984896773,12.068312681464109,1.9913101030811544,3.2267621320286475,5.880591430285928,71.2900235021079,71.06831268146409,13.991310103081155,16.560095465361982,20.880591430285925,213.29002350210789,926.2968662130212,3.3,246.8665207342752,246.8665207342752,249.23325957754295,264.10655038559526,968.3400355423473,990.0,0.5639438576592651,0.26574822622386496,989.1703079161168,0.43657347696480814,0.43657347696480814,0.4451790469011238,0.4967369453627817,20.393698896804622,20.393698896804622,19.91008175510389,18.600044912670988,0.9353347951504272,0.9353347951504272,0.9344017541805124,0.9321459896080576,0.987466082937101,0.987466082937101,0.9969330383101719,1.0564262015423809,0.9783333333333335,0.9783333333333335,0.9784000000000002,0.9792857142857146,44.83707547109921,44.83707547109921,44.1412594110016,43.8089422676848,146.90270684295265,0.13176323428311204,185.70217566153175,87.1408885924156,4,2,105769.94892692589,30,0.8161261491275146
2037.07,2037.0,7.0,2036.0,10.0,289.0,41.74193548387097,0.5875,0.11249999999999993,508.3853330909495,518.2977780970557,-0.16999999999999996,466.5327875096124,50.0,10.0,9.0,9.0,108.0,186.0,0.40800492567928665,280.5327875096124,0.0,0.0,0.0,0.0,0.0,0.0,50.0,10.0,9.0,9.0,108.0,349.53278750961243,1.4193548387096775,205.88274318383725,178.01164416146366,,,965.5564484384861,990.0,0.15811509498740126,0.026192116807846475,989.8156927882048,0.308027522881198,0.2281806765618725,,,23.951216826837296,23.66140281831485,,,0.9338709677419358,0.9261538461538461,,,0.8235309727353493,0.7120465766458548,,,0.9748387096774195,0.9707692307692308,,,44.141381965473556,37.13421193023693,,,59.71379342008903,0.12639431697567524,93.2055951939718,39.890047935952396,2,1,44427.062304546256,31,0.3317432967782725
2037.08,2037.0,8.0,2036.0,11.0,320.0,46.12903225806452,0.5875,0.11249999999999993,334.1442256528935,340.6593354432456,-0.16999999999999996,306.63598431585126,47.0,8.0,6.0,5.0,89.0,155.0,0.5111245887356216,151.63598431585137,0.0,0.0,0.0,0.0,0.0,0.0,47.0,8.0,6.0,5.0,89.0,212.63598431585135,1.0,151.63598431585137,,,,964.9203466082803,990.0,0.11233568078762755,0.005186678242424473,989.88247764097,0.16985709426046594,,,,24.792273938429382,,,,0.9148387096774192,,,,0.6065439372634054,,,,0.9683870967741934,,,,32.74552495349156,,,,32.74552495349156,0.10546236421557381,44.927986303054674,20.41704807941176,1,1,24362.670565397726,31,0.18191958307495315
2037.09,2037.0,9.0,2036.0,12.0,350.5,50.5,0.5875000000000001,0.11249999999999995,232.3512068718927,236.06929832043957,-0.14000000000000007,216.65259853358347,38.0,6.0,4.0,3.0,58.0,109.0,0.5091045440893239,107.65259853358342,0.0,0.0,0.0,0.0,0.0,0.0,38.0,6.0,4.0,3.0,58.0,155.65259853358342,1.0,107.65259853358342,,,,964.6346232869824,990.0,0.09294974950008528,0.0016895884801504553,989.9053606620197,0.08642108273061398,,,,25.184316292306512,,,,0.8839999999999997,,,,0.4306103941343339,,,,0.9663333333333335,,,,22.900231335659974,,,,22.900231335659974,0.10417226215053313,29.51325186863227,13.732777778614786,1,1,16488.16656167518,30,0.1272235074203332
2037.1,2037.0,10.0,2037.0,1.0,16.0,2.7419354838709675,0.5875,0.11249999999999993,196.31780759736898,199.91630101565082,-0.16000000000000006,181.12416872017974,33.12903225806452,4.354838709677419,3.0,2.0,39.03225806451613,81.51612903225806,0.45044159484725976,99.6080396879216,0.0,0.0,0.0,0.0,0.0,0.0,33.12903225806452,4.354838709677419,3.0,2.0,39.03225806451613,140.0919106556636,1.0,99.6080396879216,,,,964.4379348054048,990.0,0.08764496954170346,0.0005714525217620516,989.9117835779367,0.07089899463234538,,,,25.402949777898925,,,,0.8832258064516132,,,,0.3984321587516864,,,,0.9600000000000006,,,,21.085649124395893,,,,21.085649124395893,0.11632122902285304,24.108713029626827,16.815203176885614,1,1,15687.722948550547,31,0.11714249513553275
2037.11,2037.0,11.0,2037.0,2.0,46.5,7.066666666666666,0.5875000000000001,0.11249999999999995,205.0573047091921,209.77729382014533,-0.2000000000000001,185.1284617962782,31.333333333333332,4.333333333333333,2.3333333333333335,2.0,35.666666666666664,75.66666666666667,0.41236240795643214,109.46179512961159,0.0,0.0,0.0,0.0,0.0,0.0,31.333333333333332,4.333333333333333,2.3333333333333335,2.0,35.666666666666664,147.46179512961155,1.0,109.46179512961159,,,,964.4726053630012,990.0,0.0901574301578221,0.001527613715218755,989.9083149561266,0.08746131726470684,,,,25.348248275861177,,,,0.8893333333333332,,,,0.43784718051844634,,,,0.9666666666666663,,,,23.502442311746616,,,,23.502442311746616,0.12606549326454905,32.250047117968805,16.911194489673907,1,1,16921.75846445756,30,0.13056912395414785
2037.12,2037.0,12.0,2037.0,3.0,77.0,11.419354838709678,0.5875,0.11249999999999993,309.2584615499522,315.28835126795167,-0.16999999999999996,283.79892718506505,31.0,5.0,3.0,2.0,36.0,77.0,0.276536517326088,206.79892718506505,0.0,0.0,0.0,0.0,0.0,0.0,31.0,5.0,3.0,2.0,36.0,245.79892718506505,1.1290322580645162,188.51439649022956,141.70511288497508,,,964.8572666701427,990.0,0.12348327891726243,0.01274974393612303,989.8637669771465,0.25914330206046354,0.1420441157173791,,,24.74735700494339,24.57512435879763,,,0.9290322580645164,0.91,,,0.7540575859609181,0.5668204515399003,,,0.9732258064516129,0.97,,,41.458441863820454,30.1552809145367,,,45.349445852792925,0.1587724005692874,60.3105618290734,33.237941860594184,2,1,33739.987714477946,31,0.25194136584884963
2038.01,2038.0,1.0,2037.0,4.0,108.0,15.870967741935484,0.6000000000000001,0.125,457.35379039991665,467.88111549863555,-0.17999999999999997,417.34995502478324,36.25806451612903,5.32258064516129,4.0,3.0,51.774193548387096,100.35483870967742,0.24306149771968266,316.99511631510563,0.0,0.0,0.0,0.0,0.0,0.0,36.25806451612903,5.32258064516129,4.0,3.0,51.774193548387096,362.57576147639605,1.7741935483870968,187.9647580842457,166.66421271486078,,,965.3411576965917,990.0,0.16236833406965176,0.03339902326302115,989.8042326426668,0.2620430535147683,0.19762134081206648,,,24.201031892561385,24.213037628622885,,,0.9303225806451612,0.9254166666666666,,,0.7518590323369823,0.6666568508594432,,,0.9722580645161287,0.9699999999999998,,,40.48220419928258,35.543073071958865,,,67.99942206144426,0.16245338658835676,75.27257716150675,53.58733029728222,2,1,50591.57001371453,31,0.3777745670080237
2038.02,2038.0,2.0,2037.0,5.0,137.5,20.071428571428573,0.5999999999999999,0.125,686.3383177086097,700.345222151642,-0.16000000000000006,633.1120808250845,36.0,6.0,5.0,4.0,54.0,105.0,0.1706989150150607,528.1120808250846,0.0,0.0,0.0,0.0,0.0,0.0,36.0,6.0,5.0,4.0,54.0,575.1120808250846,2.4285714285714284,218.4511035441425,218.4511035441425,212.82303871919876,,966.2861107497882,990.0,0.2538620603999052,0.08603638706280944,989.6601015525372,0.34098034302274327,0.34098034302274327,0.321129536747598,,23.033010459726476,23.033010459726476,22.473428170411044,,0.9378571428571431,0.9378571428571431,0.9374999999999997,,0.8738044141765708,0.8738044141765708,0.8512921548767945,,0.9771428571428574,0.9771428571428574,0.9775000000000001,,45.23592362449292,45.23592362449292,42.99796318544389,,108.89954575703321,0.1715858418252078,131.8336836502426,74.85580140389261,3,2,73180.4947487263,28,0.6049974764279621
2038.03,2038.0,3.0,2037.0,6.0,167.0,24.258064516129032,0.6000000000000001,0.125,1185.4477461045647,1248.5946776066464,-0.4100000000000001,941.4403869154112,41.0,8.0,7.0,6.0,67.0,129.0,0.15383477900907502,723.9024405930991,88.53794632231205,9.877917393517011,1.6834960767838067,2.857753273344722,4.118044014991258,70.00073556367526,50.87791739351701,9.683496076783806,9.857753273344722,10.11804401499126,137.00073556367528,794.3216073367447,3.032258064516129,237.70465341937245,237.70465341937245,232.29537303787438,270.84326006258874,967.4885432040313,990.0,0.4324945575504477,0.19230161692662998,989.375203825523,0.4055519347330185,0.4055519347330185,0.3878560406193572,0.5196421429172716,21.481108686758574,21.481108686758574,21.15746181623379,18.26702262789177,0.93764404810902,0.93764404810902,0.9350786196551845,0.9309950701970872,0.9508186136774901,0.9508186136774901,0.9291814921514978,1.0833730402503552,0.9780645161290326,0.9780645161290326,0.9776000000000002,0.9800000000000002,45.67952850030179,45.67952850030179,43.64241615809706,44.21032467496242,136.53753044180237,0.15536458779384887,190.87491750697185,104.16194358731559,4,2,101583.92264870102,31,0.7585418357877913
2038.04,2038.0,4.0,2037.0,7.0,197.5,28.666666666666668,0.6,0.125,3053.5723445058316,3169.931975227517,-0.2899999999999999,2618.363811537929,59.333333333333336,13.333333333333334,15.333333333333334,21.0,134.0,243.0,0.09308161829060775,1100.0,1275.3638115379297,40.666666666666664,4.666666666666667,9.666666666666666,59.0,1161.3638115379297,100.0,18.0,25.0,80.0,1295.3638115379297,1243.0,4.0,275.0,275.0,275.0,275.0,972.7244682298751,990.0,0.9219672131147545,0.4800000000000003,988.5980327868855,0.5349347800000003,0.5349347800000003,0.5349347800000003,0.5349347800000003,15.33862977701013,15.33862977701013,15.33862977701013,15.33862977701013,0.9133136321150727,0.9133136321150727,0.9133136321150727,0.9133136321150727,1.1000000000000005,1.1000000000000005,1.1000000000000005,1.1000000000000005,0.9800000000000003,0.9800000000000003,0.9800000000000003,0.9800000000000003,37.04450497573201,37.04450497573201,37.04450497573201,37.04450497573201,148.17801990292804,0.05716962195328515,156.62213936060758,139.946912572521,4,4,106688.17433010817,30,0.8232112216829335
2038.05,2038.0,5.0,2037.0,8.0,228.0,33.0,0.6000000000000001,0.125,2163.8314627099985,2231.3102923688684,-0.24000000000000016,1910.0016102677516,55.0,13.0,13.0,17.0,178.0,276.0,0.1468547924345369,1100.0,534.0016102677514,42.70406970674099,4.9823573498846745,11.237384218074265,32.8914035309847,442.1863954620666,97.70406970674098,17.982357349884673,24.237384218074258,49.891403530984704,620.1863954620667,1239.9238112746996,4.0,275.0,275.0,275.0,275.0,970.8522259504747,990.0,0.9150118252030134,0.4800000000000003,988.6049881747972,0.5349347800000003,0.5349347800000003,0.5349347800000003,0.5349347800000003,17.21782744432229,17.21782744432229,17.21782744432229,17.21782744432229,0.9273858577483328,0.9273858577483328,0.9273858577483328,0.9273858577483328,1.1000000000000005,1.1000000000000005,1.1000000000000005,1.1000000000000005,0.9800000000000003,0.9800000000000003,0.9800000000000003,0.9800000000000003,42.22080484224291,42.22080484224291,42.22080484224291,42.22080484224291,168.88321936897162,0.09037560254823716,183.4425770817112,157.2761681674979,4,4,125649.11521051491,31,0.9382401076053981
2038.06,2038.0,6.0,2037.0,9.0,258.5,37.333333333333336,0.6,0.125,1096.865099465304,1130.7887623353652,-0.24000000000000016,967.9551805590725,53.0,12.0,12.0,13.0,120.0,210.0,0.23625909373940301,745.7139945824244,12.241185976647936,3.089442175058765,0.6702565343191011,0.6994963415227392,0.7577877033163009,7.02420322243103,56.08944217505877,12.670256534319101,12.69949634152274,13.7577877033163,127.02420322243103,827.1731896333253,3.1666666666666665,230.5608039104233,230.5608039104233,239.62914214867854,252.1917777856444,967.6458005809703,990.0,0.4632796301649805,0.21529188809140953,989.3214284817435,0.3840330519150898,0.3840330519150898,0.41285956700400284,0.45463102622112955,21.2915948488583,21.2915948488583,20.69137177689448,19.710738231796157,0.9353346357653459,0.9353346357653459,0.9356538727374075,0.9358365894133646,0.9222432156416931,0.9222432156416931,0.9585165685947142,1.0087671111425778,0.9766666666666666,0.9766666666666666,0.9773913043478261,0.979166666666667,43.62934532883387,43.62934532883387,44.218658573496086,44.50238149792742,138.96061482985235,0.14332586737636527,188.07631015677364,67.27848803771171,4,2,100051.64267749368,30,0.7720034157214019
2038.07,2038.0,7.0,2037.0,10.0,289.0,41.74193548387097,0.6000000000000001,0.125,456.1267659119006,466.2070174949533,-0.16999999999999996,418.6539017104681,47.16129032258065,9.64516129032258,8.64516129032258,7.935483870967742,94.51612903225806,167.90322580645162,0.40350340964862924,250.75067590401648,0.0,0.0,0.0,0.0,0.0,0.0,47.16129032258065,9.64516129032258,8.64516129032258,7.935483870967742,94.51612903225806,316.20228880724227,1.2580645161290323,208.50551091406163,163.700014336075,,,965.3530018877194,990.0,0.146967549788383,0.020208787912425943,989.8328236622992,0.31520056150081427,0.1909979271283117,,,24.164621213078842,23.84105922595596,,,0.9351612903225809,0.9225,,,0.8340220436562468,0.6548000573443,,,0.9748387096774193,0.9699999999999999,,,45.169204576632424,34.25647256885659,,,54.009584594401865,0.12885234066998275,76.35875942931999,41.42621497896472,2,1,40183.13093823499,31,0.300053247746677
2038.08,2038.0,8.0,2037.0,11.0,320.0,46.12903225806452,0.6000000000000001,0.125,301.8770300046343,308.43119285275526,-0.16999999999999996,276.9712111817743,41.58064516129032,7.32258064516129,5.32258064516129,4.32258064516129,69.35483870967742,127.90322580645162,0.4610542852139901,149.06798537532268,0.0,0.0,0.0,0.0,0.0,0.0,41.58064516129032,7.32258064516129,5.32258064516129,4.32258064516129,69.35483870967742,203.29379182693555,1.0,149.06798537532268,,,,964.8298078513563,990.0,0.10919106539554625,0.0049067985375322734,989.8859021360666,0.15908296992246454,,,,24.897011314787928,,,,0.9167741935483873,,,,0.596271941501291,,,,0.9699999999999995,,,,32.38967046302755,,,,32.38967046302755,0.11709712243782938,39.1728872809039,26.82229368753689,1,1,24097.914824492498,31,0.1799426136834864
2038.09,2038.0,9.0,2037.0,12.0,350.5,50.5,0.6,0.125,225.27303819593143,229.3192499545738,-0.14000000000000007,210.0564329583896,34.0,6.0,4.0,3.0,44.0,91.0,0.43668218271656134,119.05643295838958,0.0,0.0,0.0,0.0,0.0,0.0,34.0,6.0,4.0,3.0,44.0,163.05643295838962,1.0,119.05643295838958,,,,964.6094065098775,990.0,0.09547378396308735,0.002028562745777305,989.9024976532914,0.10253258471021659,,,,25.190558558703216,,,,0.8986666666666666,,,,0.47622573183355826,,,,0.9660000000000004,,,,25.5909190915125,,,,25.5909190915125,0.12094851510240551,33.18491549857513,18.92339131622873,1,1,18425.461745889,30,0.14217177273062498
2038.1,2038.0,10.0,2038.0,1.0,16.0,2.7419354838709675,0.6000000000000001,0.125,163.6469182414267,166.97043286577122,-0.16000000000000006,150.94127131065724,28.516129032258064,4.0,2.6451612903225805,2.0,28.387096774193548,65.54838709677419,0.4364547560460646,85.39288421388302,0.0,0.0,0.0,0.0,0.0,0.0,28.516129032258064,4.0,2.6451612903225805,2.0,28.387096774193548,120.55417453646366,1.0,85.39288421388302,,,,964.4850826346889,990.0,0.08098437768288533,3.884649501405187e-05,989.9189767758222,0.05255272272451547,,,,25.381341418408965,,,,0.8593548387096774,,,,0.3415715368555322,,,,0.9600000000000006,,,,17.64472962962884,,,,17.64472962962884,0.11620420042675808,22.37946846008561,11.662481267829833,1,1,13127.678844443853,31,0.09802627572016019
2038.11,2038.0,11.0,2038.0,2.0,46.5,7.066666666666666,0.6,0.125,168.078520333777,172.36228530712984,-0.2000000000000001,151.67881107027424,25.0,4.0,2.0,2.0,22.666666666666668,55.666666666666664,0.37900575377243484,96.0121444036076,0.0,0.0,0.0,0.0,0.0,0.0,25.0,4.0,2.0,2.0,22.666666666666668,127.01214440360759,1.0,96.0121444036076,,,,964.4904776603278,990.0,0.08318595831941168,0.000993976992272233,989.9158200646884,0.07000498703116818,,,,25.35533741732909,,,,0.8663333333333332,,,,0.3840485776144305,,,,0.9633333333333333,,,,20.196568767023997,,,,20.196568767023997,0.1299030468435001,33.38926887329449,11.805733216517597,1,1,14541.529512257277,30,0.11220315981679997
2038.12,2038.0,12.0,2038.0,3.0,77.0,11.419354838709678,0.6000000000000001,0.125,331.7176974556449,338.9489695593785,-0.16999999999999996,304.376174664322,33.483870967741936,5.0,3.3548387096774195,2.3548387096774195,42.38709677419355,86.58064516129032,0.2905563363931962,217.79552950303162,0.0,0.0,0.0,0.0,0.0,0.0,33.483870967741936,5.0,3.3548387096774195,2.3548387096774195,42.38709677419355,259.63423918045095,1.1935483870967742,189.42815102606923,146.5647887976391,,,964.9404679082661,990.0,0.12804984546951775,0.015204639635098922,989.8567455148955,0.268322138121659,0.15224509668275008,,,24.647955468507277,24.408768672156214,,,0.9287096774193548,0.9133333333333334,,,0.757712604104277,0.5862591551905564,,,0.9735483870967742,0.9699999999999999,,,41.54605646641147,31.093711081094085,,,47.56419409501033,0.15510499632501917,66.72463547419594,29.372404304809212,2,1,35387.76040668769,31,0.2642455227500574
2039.01,2039.0,1.0,2038.0,4.0,108.0,15.870967741935484,0.6125000000000004,0.13709677419354846,594.2057562028834,609.2304501119839,-0.17999999999999997,542.0627929871376,42.61290322580645,6.32258064516129,4.645161290322581,3.3225806451612905,69.2258064516129,126.12903225806451,0.23740089110531418,415.93376072907313,0.0,0.0,0.0,0.0,0.0,0.0,42.61290322580645,6.32258064516129,4.645161290322581,3.3225806451612905,69.2258064516129,469.51440589036355,2.064516129032258,201.70649582288428,201.70649582288428,194.07192079122086,,965.8863901352174,990.0,0.2028797933428334,0.05457942734404769,989.7425407793129,0.29551628319595397,0.29551628319595397,0.26676188417264557,,23.560634360899677,23.560634360899677,22.754184135526764,,0.9329032258064519,0.9329032258064519,0.93,,0.8068259832915372,0.8068259832915372,0.7762876831648835,,0.9729032258064516,0.9729032258064516,0.97,,42.27193357361437,42.27193357361437,39.076657725712835,,87.06494183921022,0.15987931111991066,119.2885272414895,64.54511325825014,3,2,64776.31672837241,31,0.48369412132894574
2039.02,2039.0,2.0,2038.0,5.0,137.5,20.071428571428573,0.6125000000000004,0.13750000000000007,1092.6392478136092,1117.3003916731905,-0.16000000000000006,1007.8049532892177,46.857142857142854,7.642857142857143,6.285714285714286,4.642857142857143,87.64285714285714,153.07142857142858,0.15936685786633098,809.0144656916539,45.719059026135554,7.136768204362036,1.3444869371553179,1.8590698888704806,1.4110820687078875,33.96765192703983,53.99391106150489,8.98734408001246,8.144784174584766,6.05393921156503,121.61050906989696,880.1405050077561,3.392857142857143,236.70846680504013,236.70846680504013,236.70846680504013,251.71762070390298,967.8021554006615,990.0,0.49289030449538995,0.23338831393278353,989.2737213815718,0.4012435511582712,0.4012435511582712,0.4012435511582712,0.4526607703473738,21.07032242975188,21.07032242975188,21.07032242975188,19.60693259589344,0.9362432916554326,0.9362432916554326,0.9362432916554326,0.9349829242138283,0.9468338672201612,0.9468338672201612,0.9468338672201612,1.0068704828156119,0.9771428571428572,0.9771428571428572,0.9771428571428572,0.9781818181818184,44.50375314069431,44.50375314069431,44.50375314069431,44.053498953668615,150.81799115388134,0.15404005828147135,190.6829930455129,120.26929051251587,4,3,101349.69005540824,28,0.837877728632674
2039.03,2039.0,3.0,2038.0,6.0,167.0,24.258064516129032,0.6125000000000004,0.13750000000000007,2874.8833004174567,3044.2241566424186,-0.4100000000000001,2279.743365305591,59.0,11.0,12.0,13.0,144.0,239.0,0.10719825493298064,1100.0,940.7433653055916,41.0,7.0,12.902890085312915,50.86944891395588,828.971026306323,100.0,18.0,24.90289008531292,63.86944891395588,972.971026306323,1242.902890085313,4.0,275.0,275.0,275.0,275.0,971.8548298392006,990.0,0.9217124985844276,0.4800000000000003,988.5982875014158,0.5349347800000003,0.5349347800000003,0.5349347800000003,0.5349347800000003,16.2085228822149,16.2085228822149,16.2085228822149,16.2085228822149,0.9206049751409501,0.9206049751409501,0.9206049751409501,0.9206049751409501,1.1000000000000005,1.1000000000000005,1.1000000000000005,1.1000000000000005,0.9800000000000003,0.9800000000000003,0.9800000000000003,0.9800000000000003,39.46271663439129,39.46271663439129,39.46271663439129,39.46271663439129,157.85086653756514,0.07147213406333197,180.61256415668444,148.27378451904116,4,4,117441.04470394849,31,0.8769492585420288
2039.04,2039.0,4.0,2038.0,7.0,197.5,28.666666666666668,0.6125000000000004,0.13750000000000007,3263.397355693113,3400.7751747251295,-0.2899999999999999,2796.712484314578,70.0,14.0,18.0,25.0,168.0,295.0,0.10597872190001416,1100.0,1401.712484314579,30.0,3.9999999999999982,7.0,55.0,1305.712484314579,100.0,18.0,25.0,80.0,1473.712484314579,1243.0,4.0,275.0,275.0,275.0,275.0,973.148004965772,990.0,0.9219672131147545,0.4800000000000003,988.5980327868855,0.5349347800000003,0.5349347800000003,0.5349347800000003,0.5349347800000003,14.915093041113245,14.915093041113245,14.915093041113245,14.915093041113245,0.9087163777325185,0.9087163777325185,0.9087163777325185,0.9087163777325185,1.1000000000000005,1.1000000000000005,1.1000000000000005,1.1000000000000005,0.9800000000000003,0.9800000000000003,0.9800000000000003,0.9800000000000003,35.839178125073985,35.839178125073985,35.839178125073985,35.839178125073985,143.35671250029594,0.05162501914099182,148.67643428152252,135.21421803201687,4,4,103216.83300021308,30,0.7964261805571997
2039.05,2039.0,5.0,2038.0,8.0,228.0,33.0,0.6125000000000004,0.13750000000000007,3049.7670872545373,3154.722152252891,-0.24000000000000016,2690.977995871716,65.0,14.0,17.0,23.0,202.0,321.0,0.12162987466418372,1100.0,1269.9779958717165,35.0,4.0,8.0,55.999456307410306,1166.9785395643057,100.0,18.0,25.0,78.9994563074103,1368.978539564306,1243.0,4.0,275.0,275.0,275.0,275.0,972.8738010152018,990.0,0.9219672131147545,0.4800000000000003,988.5980327868855,0.5349347800000003,0.5349347800000003,0.5349347800000003,0.5349347800000003,15.189296991683463,15.189296991683463,15.189296991683463,15.189296991683463,0.9109690728074566,0.9109690728074566,0.9109690728074566,0.9109690728074566,1.1000000000000005,1.1000000000000005,1.1000000000000005,1.1000000000000005,0.9800000000000003,0.9800000000000003,0.9800000000000003,0.9800000000000003,36.60375694578453,36.60375694578453,36.60375694578453,36.60375694578453,146.41502778313813,0.05601227346788067,164.16511366740437,131.3392896654803,4,4,108932.78067065477,31,0.8134168210174341
2039.06,2039.0,6.0,2038.0,9.0,258.5,37.333333333333336,0.6125000000000004,0.13750000000000007,1665.5110335599388,1722.3485352222738,-0.24000000000000016,1469.1633005445992,62.0,12.0,14.0,16.0,153.0,257.0,0.18613987826109343,994.7656391237807,217.39766142081896,19.726480170618554,3.1857703556035903,5.512937179725023,13.534484757716353,175.43798895715543,81.72648017061856,15.185770355603589,19.512937179725025,29.534484757716353,328.4379889571554,1111.190826829728,3.7666666666666666,263.32000706498997,263.32000706498997,263.32000706498997,267.13776251584017,969.443298407646,990.0,0.7476172879316366,0.3806331903250924,988.8717495217431,0.492819976621916,0.492819976621916,0.492819976621916,0.5069125980639212,18.935631137475358,18.935631137475358,18.935631137475358,18.275881142793086,0.9340918495739288,0.9340918495739288,0.9340918495739288,0.932293716835559,1.0532800282599597,1.0532800282599597,1.0532800282599597,1.0685510500633606,0.9800000000000003,0.9800000000000003,0.9800000000000003,0.9800000000000003,44.59224316686342,44.59224316686342,44.59224316686342,43.61988504038824,167.2186413648879,0.11928075897382498,188.93947294417407,134.15347407143386,4,3,120397.42178271925,30,0.9289924520271546
2039.07,2039.0,7.0,2038.0,10.0,289.0,41.74193548387097,0.6125000000000004,0.13750000000000007,706.0900698007257,723.3328945672284,-0.16999999999999996,648.0158569204161,58.0,11.0,11.0,11.0,136.0,227.0,0.3726764523152466,421.0158569204159,0.0,0.0,0.0,0.0,0.0,0.0,58.0,11.0,11.0,11.0,136.0,501.01585692041596,2.064516129032258,206.054300730148,196.82266245379103,215.5627047785911,,966.3436853501507,990.0,0.2263492352109647,0.06185954279956303,989.7117912219895,0.31003085283927295,0.2828811476289509,0.3304651456405889,,23.058075018999705,22.816154624823895,21.889544647915343,,0.9329032258064518,0.93,0.9355555555555554,,0.8242172029205922,0.7872906498151643,0.8622508191143643,,0.9745161290322579,0.9733333333333332,0.9755555555555555,,42.37599328606469,39.74829602767992,42.23217561171069,,85.40982183992644,0.12835345741414828,142.41958707364114,45.0402614778069,3,1,63544.90744890527,31,0.47449901022181357
2039.08,2039.0,8.0,2038.0,11.0,320.0,46.12903225806452,0.6125000000000004,0.13750000000000007,401.6018835297479,411.21401103775554,-0.16999999999999996,368.396352138449,54.0,9.0,8.0,6.0,107.0,184.0,0.5042227537075001,184.39635213844917,0.0,0.0,0.0,0.0,0.0,0.0,54.0,9.0,8.0,6.0,107.0,255.39635213844912,1.0,184.39635213844917,,,,965.1433235055292,990.0,0.12671432939749855,0.009288034061479846,989.863997636541,0.24972186916731848,,,,24.470952261844815,,,,0.9274193548387099,,,,0.7375854085537967,,,,0.9719354838709674,,,,39.92889288745558,,,,39.92889288745558,0.10731245835312173,53.796667871316146,27.517138307539586,1,1,29707.09630826695,31,0.22182718270808655
2039.09,2039.0,9.0,2038.0,12.0,350.5,50.5,0.6125000000000004,0.13750000000000007,290.866319816251,296.6236232613207,-0.14000000000000007,271.1881475666625,46.0,7.0,6.0,4.0,75.0,138.0,0.5131050535061379,133.18814756666242,0.0,0.0,0.0,0.0,0.0,0.0,46.0,7.0,6.0,4.0,75.0,192.18814756666242,1.0,133.18814756666242,,,,964.8143280628078,990.0,0.10540490549940697,0.0034036485874014777,989.8911914459133,0.1295986013858262,,,,24.947264781719447,,,,0.9066666666666666,,,,0.5327525902666497,,,,0.9676666666666667,,,,28.670881301355802,,,,28.670881301355802,0.1046892161741659,38.59944825564424,17.665591757754875,1,1,20643.034536976178,30,0.15928267389642112
2039.1,2039.0,10.0,2039.0,1.0,16.0,2.7419354838709675,0.6125000000000004,0.13750000000000007,211.34034073387275,216.07221851312508,-0.16000000000000006,194.8971410988389,38.29032258064516,5.32258064516129,3.3225806451612905,2.3225806451612905,51.935483870967744,101.19354838709677,0.5194661957545025,93.70359271174208,0.0,0.0,0.0,0.0,0.0,0.0,38.29032258064516,5.32258064516129,3.3225806451612905,2.3225806451612905,51.935483870967744,140.63907658270983,1.0,93.70359271174208,,,,964.5159878441839,990.0,0.08783150338046924,9.996580884116581e-05,989.9120685308109,0.06200597629185501,,,,25.33407471033506,,,,0.8770967741935486,,,,0.3748143708469684,,,,0.9600000000000006,,,,19.615433716309017,,,,19.615433716309017,0.1005718760426916,23.566075679368662,17.272098668982643,1,1,14593.882684933906,31,0.10897463175727229
2039.11,2039.0,11.0,2039.0,2.0,46.5,7.066666666666666,0.6125000000000004,0.13750000000000007,277.18703071111867,284.9862516837384,-0.2000000000000001,250.0754358524804,38.666666666666664,5.666666666666667,3.6666666666666665,2.6666666666666665,51.0,101.66666666666667,0.4157571062091068,148.4087691858137,0.0,0.0,0.0,0.0,0.0,0.0,38.666666666666664,5.666666666666667,3.6666666666666665,2.6666666666666665,51.0,196.4087691858137,1.0,148.4087691858137,,,,964.7497304350612,990.0,0.1068075405041023,0.005070433991946971,989.8881220255039,0.16676044500675388,,,,24.971631145435893,,,,0.912666666666667,,,,0.593635076743255,,,,0.969333333333333,,,,32.276313958941174,,,,32.276313958941174,0.12675877214410025,49.69802602218624,18.41507877800568,1,1,23238.946050437644,30,0.17931285532745095
2039.12,2039.0,12.0,2039.0,3.0,77.0,11.419354838709678,0.6125000000000004,0.13750000000000007,417.3976241796285,427.44014729836056,-0.16999999999999996,382.9329419609185,40.58064516129032,6.290322580645161,4.645161290322581,3.0,58.516129032258064,113.03225806451613,0.2963160048512432,269.9006838964026,0.0,0.0,0.0,0.0,0.0,0.0,40.58064516129032,6.290322580645161,4.645161290322581,3.0,58.516129032258064,321.41681292866053,1.3870967741935485,213.10698320487145,146.7170601197885,,,965.19778537689,990.0,0.1486993105667138,0.023980136779280518,989.8273205526539,0.34179076295107463,0.1525523573931766,,,24.287744412812952,24.40208033462675,,,0.9351612903225807,0.9141666666666667,,,0.8524279328194865,0.586868240479154,,,0.9761290322580642,0.9700000000000001,,,46.56827527125582,31.146089658560623,,,58.6248261068277,0.15294108796142983,67.2439212051494,49.94458961294324,2,1,43616.870623479794,31,0.3256934783712649
2040.01,2040.0,1.0,2039.0,4.0,108.0,15.870967741935484,0.625,0.1495967741935484,543.6767715717943,558.7064895930952,-0.17999999999999997,495.85200951387213,41.0,6.0,4.0,3.0,66.0,120.0,0.24313261180552193,375.852009513872,0.0,0.0,0.0,0.0,0.0,0.0,41.0,6.0,4.0,3.0,66.0,426.852009513872,2.0,187.926004756936,187.926004756936,,,965.6815839883146,990.0,0.18371468950645198,0.0451704019027744,989.7711149085907,0.2519508685190797,0.2519508685190797,,,23.83758005175752,23.83758005175752,,,0.9316129032258069,0.9316129032258069,,,0.7517040190277441,0.7517040190277441,,,0.9699999999999995,0.9699999999999995,,,39.703606739195564,39.703606739195564,,,79.40721347839113,0.15992437807037774,89.28275586565901,63.85121620798426,2,2,59078.96682792301,31,0.4411511859910619
2040.02,2040.0,2.0,2039.0,5.0,138.0,20.137931034482758,0.625,0.15,705.8207998057688,723.2424350546094,-0.16000000000000006,650.9181915491486,36.0,6.0,5.0,4.0,54.0,105.0,0.16293600949966816,545.9181915491483,0.0,0.0,0.0,0.0,0.0,0.0,36.0,6.0,5.0,4.0,54.0,592.9181915491484,2.4482758620689653,227.20964962076613,227.20964962076613,204.11291360929783,,966.3662906862435,990.0,0.2604624401291589,0.08904958970110989,989.6504879701696,0.3693070750629593,0.3693070750629593,0.29571834409817704,,22.914890208863298,22.914890208863298,22.634956627247554,,0.9368965517241378,0.9368965517241378,0.9323076923076921,,0.9088385984830647,0.9088385984830647,0.8164516544371914,,0.9765517241379309,0.9765517241379309,0.9723076923076923,,46.80800355962845,46.80800355962845,41.07953045323901,,112.03096904657095,0.1721106937779746,136.0011203285891,95.32436846748409,3,2,77973.55445641339,29,0.6223942724809498
2040.03,2040.0,3.0,2039.0,6.0,168.0,24.419354838709676,0.625,0.15000000000000002,1241.6914087071564,1323.0595724103957,-0.4100000000000001,984.0255569802314,43.83870967741935,8.35483870967742,7.709677419354839,7.064516129032258,81.19354838709677,148.16129032258064,0.153501933108786,835.8073233732559,0.0569432843948591,0.015247108936328394,0.00280048939646848,0.00280048939646848,0.00280048939646848,0.033294707269125264,43.85395678635568,8.357639199073889,7.712477908751308,7.067316618428727,81.2268430943659,895.7313972674368,3.3870967741935485,245.58520325269706,245.58520325269706,243.71924057294683,258.2776033063043,967.728369998872,990.0,0.5029154492546862,0.2539804075730434,989.2431041431718,0.43144217857860956,0.43144217857860956,0.4249329518311937,0.4726427397645523,21.08329196572172,21.08329196572172,20.975241157795846,19.843215212065164,0.9387646709559558,0.9387646709559558,0.937989820677056,0.9394074856881868,0.9823408130107883,0.9823408130107883,0.9748769622917877,1.0331104132252171,0.9780645161290324,0.9780645161290324,0.9779310344827589,0.9800000000000003,46.48409782633202,46.48409782633202,45.800250773789806,46.25805561696977,156.70432633258278,0.16057796363059948,191.45430040585038,112.38878562563535,4,2,116588.01879144162,31,0.8705795907365712
2040.04,2040.0,4.0,2039.0,7.0,198.5,28.8,0.625,0.15,1785.571829130334,1866.7766117410713,-0.2899999999999999,1528.423350863002,54.0,13.0,14.0,19.0,117.0,217.0,0.14228107488310052,1100.0,211.42335086300173,42.443033712189575,5.0,10.310339591079197,18.511721964963286,135.15825559476968,96.44303371218957,18.0,24.310339591079195,37.51172196496328,252.15825559476968,1238.7533733032687,4.0,275.0,275.0,275.0,275.0,969.705750844764,990.0,0.9121802450545645,0.4800000000000003,988.6078197549457,0.5349347800000003,0.5349347800000003,0.5349347800000003,0.5349347800000003,18.36713413018128,18.36713413018128,18.36713413018128,18.36713413018128,0.9316260220786773,0.9316260220786773,0.9316260220786773,0.9316260220786773,1.1000000000000005,1.1000000000000005,1.1000000000000005,1.1000000000000005,0.9800000000000003,0.9800000000000003,0.9800000000000003,0.9800000000000003,45.23899710855938,45.23899710855938,45.23899710855938,45.23899710855938,180.95598843423753,0.11872272189005834,185.649601317526,176.78176393467194,4,4,130288.31167265098,30,1.005311046856875
2040.05,2040.0,5.0,2039.0,8.0,229.0,33.12903225806452,0.625,0.15000000000000002,1934.4620948038655,2006.703417846335,-0.24000000000000016,1705.6979051693836,55.0,13.0,13.0,17.0,178.0,276.0,0.1621074964799467,1100.0,329.69790516938406,43.91535522779524,5.000000000000001,11.55624929729654,20.307479666230176,248.91882097806206,98.91535522779523,18.0,24.556249297296542,37.30747966623017,426.9188209780621,1241.4716045250916,4.0,275.0,275.0,275.0,275.0,970.265579449543,990.0,0.918145703509473,0.4800000000000003,988.6018542964907,0.5349347800000003,0.5349347800000003,0.5349347800000003,0.5349347800000003,17.80134006694772,17.80134006694772,17.80134006694772,17.80134006694772,0.9303644918444826,0.9303644918444826,0.9303644918444826,0.9303644918444826,1.1000000000000005,1.1000000000000005,1.1000000000000005,1.1000000000000005,0.9800000000000003,0.9800000000000003,0.9800000000000003,0.9800000000000003,43.78621173038553,43.78621173038553,43.78621173038553,43.78621173038553,175.14484692154213,0.1029320077643967,181.53954818836792,172.4439896727869,4,4,130307.76610962726,31,0.9730269273419001
2040.06,2040.0,6.0,2039.0,9.0,259.5,37.5,0.625,0.15,1271.1468205158485,1318.6170337301328,-0.24000000000000016,1120.8244786706134,56.0,12.0,12.666666666666666,14.0,131.0,225.66666666666666,0.21457038536960707,864.8765791075455,30.28123289640122,7.595010272796533,1.3114025064990638,1.730356165508641,1.874552512634361,17.769911438962616,63.59501027279653,13.311402506499064,14.397022832175308,15.874552512634361,148.76991143896262,956.1800147190164,3.466666666666667,248.65946060144702,248.65946060144702,247.86994107866835,254.56173717189773,968.2499167516997,990.0,0.5734004824610799,0.2838425595907672,989.1427569579481,0.4418916043757532,0.4418916043757532,0.4395528890808315,0.462698314050146,20.45094860187261,20.45094860187261,20.159409240873252,19.56869607048388,0.9368594157489727,0.9368594157489727,0.9363762489411221,0.9358768040260649,0.994637842405788,0.994637842405788,0.9914797643146732,1.0182469486875905,0.9790000000000002,0.9790000000000002,0.9788461538461539,0.9794444444444446,45.57651910828735,45.57651910828735,44.707336708785974,44.61115101467652,156.6660873063284,0.14027622304779908,190.26591566870042,96.0402172206658,4,2,112799.58286055646,30,0.8703671517018245
2040.07,2040.0,7.0,2039.0,10.0,290.0,41.87096774193548,0.625,0.15000000000000002,543.2999809647387,557.5166556846987,-0.16999999999999996,498.2805110181993,58.0,11.0,11.0,11.0,136.0,227.0,0.471520511480011,271.28051101819943,0.0,0.0,0.0,0.0,0.0,0.0,58.0,11.0,11.0,11.0,136.0,351.2805110181994,1.4193548387096775,194.1513889769704,183.9232910213923,,,965.6955304316267,990.0,0.15953471655992615,0.025042551396480338,989.8154227320438,0.2755423588525897,0.2471385127736448,,,23.844349941564168,23.39699446076076,,,0.9306451612903228,0.9269230769230768,,,0.7766055559078814,0.7356931640855694,,,0.9729032258064513,0.9723076923076925,,,41.154341627964904,38.01219364832337,,,57.0949389643586,0.1116142111620945,100.7545650302124,32.941656527001555,2,1,42478.63458948278,31,0.31719410535754766
2040.08,2040.0,8.0,2039.0,11.0,321.0,46.25806451612903,0.625,0.15000000000000002,343.8087810476372,352.8053166214849,-0.16999999999999996,315.3197517304522,47.0,8.0,6.0,5.0,89.0,155.0,0.49641775993339043,160.31975173045225,0.0,0.0,0.0,0.0,0.0,0.0,47.0,8.0,6.0,5.0,89.0,221.31975173045223,1.0,160.31975173045225,,,,964.9480923634889,990.0,0.11526339812940252,0.006201997498771657,989.8785346043718,0.18890334194686612,,,,24.741538898936057,,,,0.9206451612903226,,,,0.641279006921809,,,,0.9706451612903221,,,,34.81037747718152,,,,34.81037747718152,0.10927730921006688,48.63444840797534,24.36979289322588,1,1,25898.92084302305,31,0.19339098598434176
2040.09,2040.0,9.0,2039.0,12.0,351.5,50.666666666666664,0.625,0.15,251.72303997256452,257.1226148851528,-0.14000000000000007,234.62438608270196,40.0,6.0,4.0,3.0,65.0,118.0,0.5049504907778446,116.62438608270193,0.0,0.0,0.0,0.0,0.0,0.0,40.0,6.0,4.0,3.0,65.0,166.62438608270196,1.0,116.62438608270193,,,,964.734981287776,990.0,0.09669013161910293,0.001706915220445144,989.9016029531607,0.09758653459945288,,,,25.069035130785196,,,,0.9000000000000001,,,,0.4664975443308077,,,,0.9650000000000004,,,,24.954367435028892,,,,24.954367435028892,0.10583414882004684,33.5205454636213,19.478533355194443,1,1,17967.144553220805,30,0.13863537463904943
2040.1,2040.0,10.0,2040.0,1.0,16.0,2.7419354838709675,0.625,0.15000000000000002,205.50178618997424,210.5551088012031,-0.16000000000000006,189.49959792108282,37.0,5.0,3.0,2.0,50.0,97.0,0.51292624837382,92.49959792108282,0.0,0.0,0.0,0.0,0.0,0.0,37.0,5.0,3.0,2.0,50.0,137.49959792108282,1.0,92.49959792108282,,,,964.482045668869,990.0,0.08676122656400548,0.00015856779401011967,989.913080205642,0.060588964005264145,,,,25.37044557276772,,,,0.8758064516129034,,,,0.3699983916843313,,,,0.9600000000000006,,,,19.366116852424312,,,,19.366116852424312,0.1019463828524232,23.753769370640022,17.229644988922196,1,1,14408.39093820369,31,0.10758953806902398
2040.11,2040.0,11.0,2040.0,2.0,46.5,7.066666666666666,0.625,0.15,212.92798216132013,219.51338367146408,-0.2000000000000001,192.074210712531,33.666666666666664,4.666666666666667,2.6666666666666665,2.0,41.333333333333336,84.33333333333333,0.4414861031184953,107.74087737919768,0.0,0.0,0.0,0.0,0.0,0.0,33.666666666666664,4.666666666666667,2.6666666666666665,2.0,41.333333333333336,148.74087737919768,1.0,107.74087737919768,,,,964.5553575529309,990.0,0.09059348092472648,0.0013361516551788628,989.9080703674205,0.08421651518599978,,,,25.268496299303045,,,,0.8906666666666663,,,,0.4309635095167907,,,,0.966333333333333,,,,23.061643530254848,,,,23.061643530254848,0.11945494644823478,29.98523817716432,16.814754246413308,1,1,16604.383341783494,30,0.12812024183474918
2040.12,2040.0,12.0,2040.0,3.0,77.0,11.419354838709678,0.625,0.15000000000000002,307.349809642488,315.39231364031616,-0.16999999999999996,281.8818803160326,31.0,5.0,3.0,2.0,36.0,77.0,0.27776639936892056,204.88188031603258,0.0,0.0,0.0,0.0,0.0,0.0,31.0,5.0,3.0,2.0,36.0,243.88188031603258,1.064516129032258,195.84864015639766,140.01522247434102,,,964.8500799342621,990.0,0.12285338457512208,0.012257201788722246,989.8648894136364,0.2797428671866065,0.13868205833620975,,,24.735066612187463,24.59337520798436,,,0.9316129032258067,0.91,,,0.7833945606255904,0.5600608898973641,,,0.9735483870967743,0.97,,,43.16667848655935,29.817560404103396,,,45.09039206101763,0.15895094361478762,60.26837125796772,30.410098863547532,2,1,33547.25169339713,31,0.2505021781167647
2041.01,2041.0,1.0,2040.0,4.0,108.0,15.870967741935484,0.6374999999999996,0.16249999999999995,551.4898122807243,568.1069402840324,-0.17999999999999997,502.91666888643954,38.74193548387097,5.67741935483871,4.0,3.0,59.225806451612904,110.64516129032258,0.2220861613097726,392.271507596117,0.0,0.0,0.0,0.0,0.0,0.0,38.74193548387097,5.67741935483871,4.0,3.0,59.225806451612904,440.69086243482667,2.0,196.1357537980585,196.1357537980585,,,965.7159269404817,990.0,0.19025440585853776,0.048646004413518976,989.7610995897279,0.2810603804113806,0.2810603804113806,,,23.764112268834648,23.764112268834648,,,0.9300000000000004,0.9300000000000004,,,0.7845430151922339,0.7845430151922339,,,0.9735483870967743,0.9735483870967743,,,41.347115165709816,41.347115165709816,,,82.69423033141963,0.16413508855840994,108.79342387115835,58.85752415045018,2,2,61524.50736657621,31,0.4594123907301091
2041.02,2041.0,2.0,2040.0,5.0,137.5,20.071428571428573,0.6374999999999996,0.1625,887.7669632209166,911.4650546415982,-0.16000000000000006,818.4956190681551,43.0,7.0,5.0,4.0,78.0,137.0,0.17039507952453264,681.4956190681551,0.0,0.0,0.0,0.0,0.0,0.0,43.0,7.0,5.0,4.0,78.0,736.4956190681551,3.0,229.59133822076646,229.59133822076646,223.89100226838102,212.84458477606927,967.0800260665152,990.0,0.35343305777193823,0.14353790822969897,989.5030290339984,0.3780952603861132,0.3780952603861132,0.3590244519211061,0.3207601889112841,22.044907707097106,22.044907707097106,21.928431617991098,21.185829326980986,0.938214285714286,0.938214285714286,0.9366666666666666,0.9375,0.9183653528830661,0.9183653528830661,0.8955640090735243,0.851378339104277,0.9767857142857145,0.9767857142857145,0.9762500000000002,0.975,45.51033964607507,45.51033964607507,43.98710211679253,40.43662819763617,134.50057084906317,0.1642968537346436,165.1007438625932,106.44870731378359,4,2,90384.38361057044,28,0.7472253936059065
2041.03,2041.0,3.0,2040.0,6.0,167.0,24.258064516129032,0.6374999999999996,0.16249999999999995,1523.099357288394,1631.8193194465184,-0.4100000000000001,1205.3025448261849,49.0,9.0,9.0,9.0,107.0,183.0,0.1588932662091565,941.1436358587345,81.15890896745036,16.69862586502148,2.9722953366300153,3.9914217524975584,3.9914217524975584,53.505144260803746,65.69862586502148,11.972295336630014,12.991421752497558,12.991421752497558,160.50514426080372,1031.8059788128835,3.6451612903225805,257.2089286412897,257.2089286412897,257.2089286412897,262.75111739904156,968.5561906346227,990.0,0.648894353930995,0.3320989769944674,989.0190066690749,0.47068027482093405,0.47068027482093405,0.47068027482093405,0.4910794293039462,19.992135759631118,19.992135759631118,19.992135759631118,19.170713473361314,0.9367996222375439,0.9367996222375439,0.9367996222375439,0.935039414468193,1.0288357145651592,1.0288357145651592,1.0288357145651592,1.0510044695961667,0.9800000000000003,0.9800000000000003,0.9800000000000003,0.9800000000000002,46.12998391896203,46.12998391896203,46.12998391896203,45.12978639544832,167.50594297975596,0.14228592626831302,191.9896384097301,133.99826793896605,4,3,124624.42157693845,31,0.9305885721097554
2041.04,2041.0,4.0,2040.0,7.0,197.5,28.666666666666668,0.6374999999999996,0.16249999999999998,2915.191165039877,3059.3636783837096,-0.2899999999999999,2493.763818342521,59.333333333333336,13.333333333333334,15.333333333333334,21.0,134.0,243.0,0.1005476534629378,1100.0,1150.7638183425208,40.666666666666664,4.666666666666667,9.666666666666666,53.492058783688385,1042.2717595588324,100.0,18.0,25.0,74.49205878368839,1176.2717595588326,1243.0,4.0,275.0,275.0,275.0,275.0,972.3213464736149,990.0,0.9219672131147545,0.4800000000000003,988.5980327868855,0.5349347800000003,0.5349347800000003,0.5349347800000003,0.5349347800000003,15.74175153327032,15.74175153327032,15.74175153327032,15.74175153327032,0.914240092649264,0.914240092649264,0.914240092649264,0.914240092649264,1.1000000000000005,1.1000000000000005,1.1000000000000005,1.1000000000000005,0.9800000000000003,0.9800000000000003,0.9800000000000003,0.9800000000000003,38.10673663019018,38.10673663019018,38.10673663019018,38.10673663019018,152.4269465207607,0.06674865174417222,174.1357679565026,130.75675709070057,4,4,109747.40149494774,30,0.846816369559782
2041.05,2041.0,5.0,2040.0,8.0,228.0,33.0,0.6374999999999996,0.16249999999999995,3121.468088923464,3248.1457741139075,-0.24000000000000016,2751.17947067448,66.93548387096774,14.0,17.322580645161292,23.322580645161292,205.5483870967742,327.1290322580645,0.12097643538672496,1100.0,1324.0504384164142,33.064516129032256,4.0,7.67741935483871,56.18049458530258,1223.1280083472407,100.0,18.0,25.0,79.50307523046388,1428.676395444015,1243.0,4.0,275.0,275.0,275.0,275.0,973.0128280794354,990.0,0.9219672131147545,0.4800000000000003,988.5980327868855,0.5349347800000003,0.5349347800000003,0.5349347800000003,0.5349347800000003,15.050269927449813,15.050269927449813,15.050269927449813,15.050269927449813,0.9093486384417006,0.9093486384417006,0.9093486384417006,0.9093486384417006,1.1000000000000005,1.1000000000000005,1.1000000000000005,1.1000000000000005,0.9800000000000003,0.9800000000000003,0.9800000000000003,0.9800000000000003,36.20694370384533,36.20694370384533,36.20694370384533,36.20694370384533,144.82777481538133,0.05426374266704079,162.8850772384874,128.35583034278318,4,4,107751.8644626437,31,0.8045987489743407
2041.06,2041.0,6.0,2040.0,9.0,258.5,37.333333333333336,0.6374999999999996,0.16249999999999998,1757.0432105477844,1828.3488143057066,-0.24000000000000016,1548.6114457169338,62.0,12.0,14.0,16.0,153.0,257.0,0.1747348473255009,1030.258353372687,261.3530923442462,22.842465193103653,3.660057942855435,6.428589877689509,16.271009640108716,212.15096969048895,84.84246519310366,15.660057942855435,20.428589877689507,32.27100964010871,365.1509696904889,1151.1894663863359,3.8666666666666667,266.30960872185676,266.30960872185676,266.30960872185676,266.91868523898097,969.7125009244927,990.0,0.7945397303244338,0.4094531519068719,988.7960071177688,0.5035255533057387,0.5035255533057387,0.5035255533057387,0.5059989616387077,18.579980639970014,18.579980639970014,18.579980639970014,18.22653770589407,0.9332092074825272,0.9332092074825272,0.9332092074825272,0.9321644701721467,1.065238434887427,1.065238434887427,1.065238434887427,1.0676747409559237,0.9800000000000003,0.9800000000000003,0.9800000000000003,0.9800000000000003,44.26110046722645,44.26110046722645,44.26110046722645,43.457547442863756,170.44650918549456,0.11518146171344994,188.82514689666542,143.37773654629157,4,3,122721.48661355607,30,0.9469250510305253
2041.07,2041.0,7.0,2040.0,10.0,289.0,41.74193548387097,0.6374999999999996,0.16249999999999995,729.3594137502506,750.0803843684283,-0.16999999999999996,668.7904227124998,58.0,11.0,11.0,11.0,136.0,227.0,0.36318989532336665,441.7904227124999,0.0,0.0,0.0,0.0,0.0,0.0,58.0,11.0,11.0,11.0,136.0,521.7904227124998,2.064516129032258,215.65859980402413,206.86404031314552,227.26106029413978,,966.4306829190699,990.0,0.23883719801360137,0.06867279306152015,989.6924900089248,0.3404495148696649,0.3145410577313312,0.37072468525024,,22.921357574985272,22.6587314195952,21.666110278502728,,0.9348387096774194,0.9320833333333334,0.9366666666666664,,0.8626343992160962,0.827456161252582,0.9090442411765589,,0.9758064516129032,0.9745833333333332,0.9766666666666668,,44.19447526889386,41.58109727078534,44.09896576385268,,89.18921805513654,0.1298922854587913,152.53754532993594,48.574272101275426,3,1,66356.77823302157,31,0.49549565586186956
2041.08,2041.0,8.0,2040.0,11.0,320.0,46.12903225806452,0.6374999999999996,0.16249999999999995,400.99472120829296,412.386909585595,-0.16999999999999996,367.6944782592561,54.0,9.0,8.0,6.0,107.0,184.0,0.5073322724878583,183.69447825925624,0.0,0.0,0.0,0.0,0.0,0.0,54.0,9.0,8.0,6.0,107.0,254.6944782592562,1.0,183.69447825925624,,,,965.1427442669491,990.0,0.12645361236121855,0.009499082775417193,989.8640473048632,0.2518878368655081,,,,24.46941520104861,,,,0.9277419354838711,,,,0.7347779130370244,,,,0.9729032258064513,,,,39.85539014528588,,,,39.85539014528588,0.10681233798419631,57.11385258818528,25.319309022070193,1,1,29652.410268092714,31,0.22141883414047725
2041.09,2041.0,9.0,2040.0,12.0,350.5,50.5,0.6374999999999996,0.16249999999999998,271.4178561029308,277.73635825319093,-0.14000000000000007,252.94838827909354,46.0,7.0,6.0,4.0,75.0,138.0,0.5520206404240142,114.94838827909352,0.0,0.0,0.0,0.0,0.0,0.0,46.0,7.0,6.0,4.0,75.0,173.94838827909356,1.0,114.94838827909352,,,,964.7752941558649,990.0,0.099186950549691,0.0020510804397321954,989.8987619690104,0.09852636060520831,,,,25.024941452540258,,,,0.8930000000000003,,,,0.45979355311637443,,,,0.9646666666666672,,,,24.44427237119231,,,,24.44427237119231,0.09503905422170283,37.179627784328716,14.674155338020133,1,1,17599.87610725846,30,0.1358015131732906
2041.1,2041.0,10.0,2041.0,1.0,16.0,2.7419354838709675,0.6374999999999996,0.16249999999999995,205.98235396127345,211.48085622307343,-0.16000000000000006,189.90980888831987,38.29032258064516,5.32258064516129,3.3225806451612905,2.3225806451612905,51.935483870967744,101.19354838709677,0.5364382861438471,88.71626050122312,0.0,0.0,0.0,0.0,0.0,0.0,38.29032258064516,5.32258064516129,3.3225806451612905,2.3225806451612905,51.935483870967744,135.65174437219085,1.0,88.71626050122312,,,,964.5066150852032,990.0,0.0861312764905196,0.0003698411205950585,989.9134988823888,0.057330243596175876,,,,25.349553553589665,,,,0.8690322580645158,,,,0.3548650420048924,,,,0.9612903225806457,,,,18.498401784943677,,,,18.498401784943677,0.09651096243212494,30.782571873411822,13.856419279323386,1,1,13762.810927998093,31,0.10276889880524263
2041.11,2041.0,11.0,2041.0,2.0,46.5,7.066666666666666,0.6374999999999996,0.16249999999999998,220.45191437210735,227.85727583680347,-0.2000000000000001,198.80547316761107,33.666666666666664,4.666666666666667,2.6666666666666665,2.0,41.333333333333336,84.33333333333333,0.42337868939309076,114.47213983427768,0.0,0.0,0.0,0.0,0.0,0.0,33.666666666666664,4.666666666666667,2.6666666666666665,2.0,41.333333333333336,155.4721398342777,1.0,114.47213983427768,,,,964.5529012904706,990.0,0.09288822948895831,0.0014799331063958551,989.9056318374044,0.09320504625322411,,,,25.259525500680734,,,,0.8986666666666666,,,,0.4578885593371107,,,,0.9653333333333334,,,,24.636425124807438,,,,24.636425124807438,0.12411091885411492,28.883281767013685,20.077203666565367,1,1,17738.226089861357,30,0.13686902847115245
2041.12,2041.0,12.0,2041.0,3.0,77.0,11.419354838709678,0.6374999999999996,0.16249999999999995,342.3663735346655,352.0929410306369,-0.16999999999999996,313.93486854644163,35.74193548387097,5.0,3.6774193548387095,2.6774193548387095,48.193548387096776,95.29032258064517,0.30734037962314653,218.64454596579645,0.0,0.0,0.0,0.0,0.0,0.0,35.74193548387097,5.0,3.6774193548387095,2.6774193548387095,48.193548387096776,263.0639008045061,1.1290322580645162,199.21987665752098,150.5411871391351,,,964.9590324054278,990.0,0.12925280246154577,0.014779486660872967,989.8559677108777,0.29207613069532273,0.16061748993728597,,,24.60485917475415,24.36310579428514,,,0.9329032258064517,0.9175,,,0.7968795066300837,0.6021647485565405,,,0.9729032258064516,0.97,,,43.707720848062934,32.02236570620188,,,47.83963900370188,0.15169501979990715,67.046239768512,33.66566833450127,2,1,35592.69141875421,31,0.2657757722427883
2042.01,2042.0,1.0,2041.0,4.0,108.0,15.870967741935484,0.6499999999999998,0.1749999999999999,600.0893519187285,619.6069715216607,-0.17999999999999997,547.1129558536267,42.774193548387096,6.354838709677419,4.709677419354839,3.3548387096774195,69.54838709677419,126.74193548387096,0.2356274083512582,420.37102036975557,0.0,0.0,0.0,0.0,0.0,0.0,42.774193548387096,6.354838709677419,4.709677419354839,3.3548387096774195,69.54838709677419,474.209730047175,2.0,210.1855101848778,210.1855101848778,,,965.9091209671781,990.0,0.20532920978554942,0.05538192182736763,989.739288868387,0.32430610231143064,0.32430610231143064,,,23.505861798897985,23.505861798897985,,,0.9348387096774194,0.9348387096774194,,,0.8407420407395111,0.8407420407395111,,,0.9748387096774197,0.9748387096774197,,,44.076102874983384,44.076102874983384,,,88.15220574996677,0.16053480103016432,111.42188921973688,64.1228090645397,2,2,65585.24107797528,31,0.4897344763887043
2042.02,2042.0,2.0,2041.0,5.0,137.5,20.071428571428573,0.65,0.1749999999999999,1040.980297177053,1070.9673839270092,-0.16000000000000006,959.5867759986004,49.0,8.0,7.0,5.0,93.0,162.0,0.17714386625256726,781.7907895234526,15.795986475147808,4.588670178448616,0.7800487148221139,0.6825426254693497,0.4875304467638212,9.257194509643906,53.58867017844862,8.780048714822113,7.682542625469351,5.48753044676382,102.25719450964391,851.8420510421928,3.2857142857142856,236.8452059365861,236.8452059365861,234.52967242542326,252.90390911468495,967.6294183042461,990.0,0.46756909563183846,0.2207536323833976,989.311677271985,0.4029878416514442,0.4029878416514442,0.39520551490745776,0.4570263576865621,21.279271126087316,21.279271126087316,21.178908567766367,19.82488497749719,0.9367064500009235,0.9367064500009235,0.9356838692317636,0.9357780600025849,0.9473808237463446,0.9473808237463446,0.9381186897016931,1.0116156364587394,0.9771428571428572,0.9771428571428572,0.9769230769230771,0.9790000000000001,45.05601642992586,45.05601642992586,44.28645499063236,44.872658922905764,147.26111925219098,0.15491041036511782,191.83498995202012,109.30982489730522,4,2,98959.47213747236,28,0.818117329178839
2042.03,2042.0,3.0,2041.0,6.0,167.0,24.258064516129032,0.6499999999999998,0.1749999999999999,2980.8075693269598,3208.649376087467,-0.4100000000000001,2353.5443173601566,59.0,11.0,12.0,13.0,144.0,239.0,0.112888508453266,1096.6884975959715,1017.8558197641858,36.799497906856026,6.320737444635268,11.28314693653483,42.38799140732282,921.0644460688366,95.79949790685603,17.320737444635267,23.283146936534834,55.387991407322815,1065.0644460688366,1233.091879883998,4.0,274.1721243989929,274.1721243989929,274.1721243989929,274.1721243989929,971.9024728456498,990.0,0.9046049065869047,0.4757378948509712,988.6196571985624,0.5318690757563312,0.5318690757563312,0.5318690757563312,0.5318690757563312,16.1853152771558,16.1853152771558,16.1853152771558,16.1853152771558,0.9161040740938975,0.9161040740938975,0.9161040740938975,0.9161040740938975,1.0966884975959723,1.0966884975959723,1.0966884975959723,1.0966884975959723,0.9800000000000003,0.9800000000000003,0.9800000000000003,0.9800000000000003,39.13265199266156,39.13265199266156,39.13265199266156,39.13265199266156,156.53060797064623,0.07704550218270176,187.48098618672898,127.44443060411264,4,4,116458.7723301608,31,0.8696144887258125
2042.04,2042.0,4.0,2041.0,7.0,197.5,28.666666666666668,0.6499999999999999,0.1749999999999999,4004.3421560407683,4221.849053443073,-0.2899999999999999,3426.0305068690545,84.0,14.0,20.0,27.0,219.0,364.0,0.1063228529220711,1100.0,1962.030506869055,15.999999999999996,4.0,4.999999999999996,53.0,1884.0305068690548,100.0,18.0,25.0,80.0,2103.030506869055,1243.0,4.0,275.0,275.0,275.0,275.0,974.5161520582088,990.0,0.9219672131147545,0.4800000000000003,988.5980327868855,0.5349347800000003,0.5349347800000003,0.5349347800000003,0.5349347800000003,13.546945948676331,13.546945948676331,13.546945948676331,13.546945948676331,0.8900690296827911,0.8900690296827911,0.8900690296827911,0.8900690296827911,1.1000000000000005,1.1000000000000005,1.1000000000000005,1.1000000000000005,0.9800000000000003,0.9800000000000003,0.9800000000000003,0.9800000000000003,31.87968908630695,31.87968908630695,31.87968908630695,31.87968908630695,127.5187563452278,0.03726469989979018,129.56893849767857,119.68185087441867,4,4,91813.50456856402,30,0.7084375352512656
2042.05,2042.0,5.0,2041.0,8.0,228.0,33.0,0.6499999999999998,0.1749999999999999,3211.6856189984783,3353.6976013152353,-0.24000000000000016,2830.520775510059,68.87096774193549,14.0,17.64516129032258,23.64516129032258,209.09677419354838,333.258064516129,0.11977169410501391,1100.0,1397.2627109939299,31.129032258064516,4.0,7.354838709677419,56.102344304296,1298.6764957218918,100.0,18.0,25.0,79.74750559461857,1507.77326991544,1243.0,4.0,275.0,275.0,275.0,275.0,973.1949514845975,990.0,0.9219672131147545,0.4800000000000003,988.5980327868855,0.5349347800000003,0.5349347800000003,0.5349347800000003,0.5349347800000003,14.868146522287935,14.868146522287935,14.868146522287935,14.868146522287935,0.9071862588279742,0.9071862588279742,0.9071862588279742,0.9071862588279742,1.1000000000000005,1.1000000000000005,1.1000000000000005,1.1000000000000005,0.9800000000000003,0.9800000000000003,0.9800000000000003,0.9800000000000003,35.6858265520712,35.6858265520712,35.6858265520712,35.6858265520712,142.7433062082848,0.05203572824302362,162.20984560578697,126.72853306930405,4,4,106201.0198189639,31,0.7930183678238045
2042.06,2042.0,6.0,2041.0,9.0,258.5,37.333333333333336,0.6499999999999999,0.1749999999999999,1816.9455952312185,1896.60291777789,-0.24000000000000016,1600.732862604539,62.0,12.0,14.0,16.0,153.0,257.0,0.16873784900863883,1044.3176502602266,299.4152123443125,24.608646155203825,3.9500605461684826,6.939795557610384,18.640635787972766,245.27607429735707,86.60864615520383,15.950060546168483,20.939795557610385,34.64063578797277,398.27607429735707,1167.8161525192093,3.9,267.62980088603626,267.62980088603626,267.62980088603626,268.25360844679756,969.8808065257712,990.0,0.8161506863916692,0.42306406558955334,988.760785248019,0.5082548065870591,0.5082548065870591,0.5082548065870591,0.5107225060303127,18.371723915660553,18.371723915660553,18.371723915660553,18.092552911685136,0.9323338994480396,0.9323338994480396,0.9323338994480396,0.9314821104978216,1.070519203544145,1.070519203544145,1.070519203544145,1.0730144337871903,0.9796666666666669,0.9796666666666669,0.9796666666666669,0.9796296296296299,43.93652317112489,43.93652317112489,43.93652317112489,43.324864105236166,170.8019472080872,0.11171707623085989,187.17780023946116,144.5975002094829,4,3,122977.40198982277,30,0.9488997067115954
2042.07,2042.0,7.0,2041.0,10.0,289.0,41.74193548387097,0.6499999999999998,0.1749999999999999,739.3376049723613,762.4894343873757,-0.16999999999999996,678.2343518875706,58.0,11.0,11.0,11.0,136.0,227.0,0.3565470350052708,451.23435188757065,0.0,0.0,0.0,0.0,0.0,0.0,58.0,11.0,11.0,11.0,136.0,531.2343518875706,2.161290322580645,210.4669004410461,201.7115794007888,223.6450508269054,206.4844729795993,966.4712009083439,990.0,0.24315444744347411,0.07117637954741926,989.6856691730092,0.3254298522906194,0.298619011580962,0.357818937990842,0.3018257041917993,22.889038412374497,22.726135328334813,21.61605615597441,20.974306726532575,0.933225806451613,0.9307692307692309,0.9355555555555554,0.93,0.8418676017641846,0.8068463176031553,0.8945802033076217,0.8259378919183973,0.9751612903225805,0.9742307692307689,0.9755555555555555,0.97,42.97684668152739,40.61458559887936,43.247763974104245,38.32645971768427,90.83283252202695,0.1308246191544945,153.3058388707371,51.13378641939824,4,1,67579.62739638802,31,0.504626847344594
2042.08,2042.0,8.0,2041.0,11.0,320.0,46.12903225806452,0.6499999999999998,0.1749999999999999,407.99989597929425,420.5100705790199,-0.16999999999999996,374.04370778003835,54.0,9.0,8.0,6.0,107.0,184.0,0.49768708945251416,190.04370778003832,0.0,0.0,0.0,0.0,0.0,0.0,54.0,9.0,8.0,6.0,107.0,261.04370778003835,1.0,190.04370778003832,,,,965.1666435757512,990.0,0.12859330237485536,0.010361711714441477,989.8610449859106,0.26731792306764646,,,,24.427083487092073,,,,0.9296774193548392,,,,0.760174831120153,,,,0.9732258064516126,,,,41.22917050080076,,,,41.22917050080076,0.10893362448507497,58.08814222867929,27.47854698828365,1,1,30674.502852595768,31,0.2290509472266709
2042.09,2042.0,9.0,2041.0,12.0,350.5,50.5,0.6499999999999999,0.1749999999999999,280.78281122797324,287.896516100549,-0.14000000000000007,261.6979331353992,46.0,7.0,6.0,4.0,75.0,138.0,0.5322094006497504,123.69793313539911,0.0,0.0,0.0,0.0,0.0,0.0,46.0,7.0,6.0,4.0,75.0,182.69793313539915,1.0,123.69793313539911,,,,964.7919730126566,990.0,0.10216974993252241,0.002515096451086667,989.8953151536164,0.11262667199465845,,,,24.990715468965167,,,,0.9003333333333334,,,,0.49479173254159653,,,,0.9660000000000004,,,,26.464980820750178,,,,26.464980820750178,0.09992487110083305,38.267598273078534,17.64770772218489,1,1,19054.786190940133,30,0.1470276712263899
2042.1,2042.0,10.0,2042.0,1.0,16.0,2.7419354838709675,0.6499999999999998,0.1749999999999999,215.9673461485617,222.16042539535133,-0.16000000000000006,199.05574115423482,38.29032258064516,5.32258064516129,3.3225806451612905,2.3225806451612905,51.935483870967744,101.19354838709677,0.5086344006057364,97.86219276713808,0.0,0.0,0.0,0.0,0.0,0.0,38.29032258064516,5.32258064516129,3.3225806451612905,2.3225806451612905,51.935483870967744,144.79767663810583,1.0,97.86219276713808,,,,964.5604703896872,990.0,0.0892492079448088,0.00022781491606192105,989.9105229771386,0.06771611540791636,,,,25.282336472043713,,,,0.880645161290323,,,,0.3914487710685522,,,,0.9600000000000006,,,,20.52565290052627,,,,20.52565290052627,0.10304002925949192,23.448199967518555,18.308946868972367,1,1,15271.085757991536,31,0.11403140500292365
2042.11,2042.0,11.0,2042.0,2.0,46.5,7.066666666666666,0.6499999999999999,0.1749999999999999,231.52910157260504,239.87437008040564,-0.2000000000000001,208.69070196995287,33.666666666666664,4.666666666666667,2.6666666666666665,2.0,41.333333333333336,84.33333333333333,0.41861382037162,124.3573686366196,0.0,0.0,0.0,0.0,0.0,0.0,33.666666666666664,4.666666666666667,2.6666666666666665,2.0,41.333333333333336,165.35736863661955,1.0,124.3573686366196,,,,964.5554911975491,990.0,0.096222718662681,0.0030864109066020733,989.9006908704308,0.12352282824257885,,,,25.22167684463917,,,,0.8956666666666669,,,,0.4974294745464782,,,,0.9640000000000001,,,,26.728093295569025,,,,26.728093295569025,0.12457592601729671,60.70337761349261,18.439827447690014,1,1,19244.227172809693,30,0.14848940719760564
2042.12,2042.0,12.0,2042.0,3.0,77.0,11.419354838709678,0.6499999999999998,0.1749999999999999,340.17376631057755,350.6676559124906,-0.16999999999999996,311.9188799341604,38.0,5.0,4.0,3.0,54.0,104.0,0.33555939863553513,207.91887993416037,0.0,0.0,0.0,0.0,0.0,0.0,38.0,5.0,4.0,3.0,54.0,254.91887993416034,1.0,207.91887993416037,,,,964.9342879072545,990.0,0.12658409850472774,0.012302928586131355,989.8611129729092,0.3103740367102102,,,,24.616451028944837,,,,0.9370967741935486,,,,0.8316755197366416,,,,0.9741935483870969,,,,45.849840822651004,,,,45.849840822651004,0.14649005486347927,55.46091100971724,37.43988835974145,1,1,34112.28157205234,31,0.2547213379036167
2043.01,2043.0,1.0,2042.0,4.0,108.0,15.870967741935484,0.6625000000000002,0.1870967741935484,520.3669476680897,538.4892794883983,-0.17999999999999997,474.2744329094067,38.74193548387097,5.67741935483871,4.0,3.0,59.225806451612904,110.64516129032258,0.23485091781930817,363.62927161908414,0.0,0.0,0.0,0.0,0.0,0.0,38.74193548387097,5.67741935483871,4.0,3.0,59.225806451612904,412.0486264577938,1.903225806451613,194.6630098139698,187.06978985566226,,,965.5913050723644,990.0,0.17881415737023365,0.042725854323816835,989.7784599883058,0.2764857456256113,0.25266079215833914,,,23.910669170315895,23.875220097414864,,,0.9316129032258068,0.9296428571428574,,,0.7786520392558789,0.7482791594226489,,,0.9729032258064515,0.9721428571428571,,,41.435355273155935,39.57607620984918,,,77.18148862398746,0.16263567973933252,96.28932297588268,58.02860110483958,2,1,57423.02753624665,31,0.4287860479110413
2043.02,2043.0,2.0,2042.0,5.0,137.5,20.071428571428573,0.6625,0.1875,794.6875353982989,819.3567831057493,-0.16000000000000006,732.5049640965402,43.0,7.0,5.0,4.0,78.0,137.0,0.18956318024966518,595.50496409654,0.0,0.0,0.0,0.0,0.0,0.0,43.0,7.0,5.0,4.0,78.0,650.50496409654,2.642857142857143,228.4999375916581,228.4999375916581,215.4523605316814,,966.7188651297773,990.0,0.29423584875264736,0.1064237609743576,989.599340390273,0.3739836496601933,0.3739836496601933,0.33135809933507254,,22.50649161083503,22.50649161083503,22.28191135420591,,0.9382142857142861,0.9382142857142861,0.9355555555555554,,0.9139997503666324,0.9139997503666324,0.8618094421267255,,0.9767857142857146,0.9767857142857146,0.9750000000000001,,46.27933315115998,46.27933315115998,42.92241285764584,,120.15164599652087,0.1638931853431711,146.9053699911122,95.43689927949805,3,2,80741.90610966204,28,0.6675091444251161
2043.03,2043.0,3.0,2042.0,6.0,167.0,24.258064516129032,0.6625000000000002,0.1875,1173.5077704205482,1269.604966430091,-0.4100000000000001,924.748517423518,49.0,9.0,9.0,9.0,107.0,183.0,0.19956733605862428,741.7485174235179,0.0,0.0,0.0,0.0,0.0,0.0,49.0,9.0,9.0,9.0,107.0,808.748517423518,3.193548387096774,234.13178613162012,234.13178613162012,232.91412170917945,212.94423552760298,967.519948874523,990.0,0.4021961491995537,0.16792088639608027,989.4298829644044,0.3909891636108108,0.3909891636108108,0.38674812815230936,0.32099101355342075,21.518944926270237,21.518944926270237,21.488318162168994,20.992734065178883,0.9393548387096778,0.9393548387096778,0.9393333333333337,0.9399999999999997,0.9365271445264803,0.9365271445264803,0.931656486836718,0.8517769421104119,0.9793548387096778,0.9793548387096778,0.9793333333333336,0.9800000000000002,45.46538187712655,45.46538187712655,45.15149837290782,40.397763043930794,143.74783770569664,0.15537517763207445,162.08005623634492,109.76377400737728,4,2,106948.3912530383,31,0.7985990983649813
2043.04,2043.0,4.0,2042.0,7.0,197.5,28.666666666666668,0.6625000000000001,0.1875,1242.2408263229452,1314.7969810460668,-0.2899999999999999,1062.1916110625912,48.0,11.666666666666666,11.333333333333334,13.0,87.0,171.0,0.16039069270764286,891.1916110625913,0.0,0.0,0.0,0.0,0.0,0.0,48.0,11.666666666666666,11.333333333333334,13.0,87.0,962.1916110625913,4.0,222.79790276564782,222.79790276564782,222.79790276564782,222.79790276564782,968.0644054173306,990.0,0.5351158189019759,0.2629532888500729,989.2019308922481,0.35148167781223766,0.35148167781223766,0.35148167781223766,0.35148167781223766,20.786043797104853,20.786043797104853,20.786043797104853,20.786043797104853,0.9400000000000003,0.9400000000000003,0.9400000000000003,0.9400000000000003,0.8911916110625915,0.8911916110625915,0.8911916110625915,0.8911916110625915,0.9800000000000003,0.9800000000000003,0.9800000000000003,0.9800000000000003,41.84877428981026,41.84877428981026,41.84877428981026,41.84877428981026,167.39509715924103,0.15773304227533522,173.15777382397746,161.1003063935351,4,4,120524.4699546535,30,0.9299727619957832
2043.05,2043.0,5.0,2042.0,8.0,228.0,33.0,0.6625000000000002,0.1875,1272.502246173202,1332.8779113228934,-0.24000000000000016,1120.9503234225535,47.0,10.0,10.0,10.0,115.0,192.0,0.17157850328204147,928.9503234225535,0.0,0.0,0.0,0.0,0.0,0.0,47.0,10.0,10.0,10.0,115.0,995.9503234225535,4.0,232.23758085563838,232.23758085563838,232.23758085563838,232.23758085563838,968.2861801833476,990.0,0.5674657344660871,0.29316025873804263,989.1393740067958,0.3826385056005199,0.3826385056005199,0.3826385056005199,0.3826385056005199,20.470555317847438,20.470555317847438,20.470555317847438,20.470555317847438,0.9393548387096777,0.9393548387096777,0.9393548387096777,0.9393548387096777,0.9289503234225536,0.9289503234225536,0.9289503234225536,0.9289503234225536,0.9793548387096777,0.9793548387096777,0.9793548387096777,0.9793548387096777,42.87875707723202,42.87875707723202,42.87875707723202,42.87875707723202,171.51502830892804,0.1530252820413255,179.05640766954548,154.8843750356255,4,4,127607.18106184251,31,0.952861268382934
2043.06,2043.0,6.0,2042.0,9.0,258.5,37.333333333333336,0.6625000000000001,0.1875,833.9912355940207,873.2892519309119,-0.24000000000000016,734.4362608738968,53.0,12.0,12.0,13.0,120.0,210.0,0.30481838578929393,524.4362608738966,0.0,0.0,0.0,0.0,0.0,0.0,53.0,12.0,12.0,13.0,120.0,601.4362608738967,2.4,217.30182305212418,213.85884874470545,230.42752641438705,,966.7129916069528,990.0,0.27958776476628894,0.09200172992060876,989.6284105053132,0.3466134160218635,0.3357388798801461,0.3808758638591226,,22.56880548233845,22.48578409341425,21.67930566779852,,0.9339999999999999,0.9328571428571429,0.9371428571428568,,0.8692072922084971,0.8554353949788222,0.9217101056575484,,0.9753333333333332,0.9749999999999998,0.9771428571428575,,43.68235027066944,42.69230241453166,44.7883552050864,,104.42973161993932,0.1395986697444233,151.941237456098,56.58970596305574,3,1,75189.4067663563,30,0.5801651756663295
2043.07,2043.0,7.0,2042.0,10.0,289.0,41.74193548387097,0.6625000000000002,0.1875,429.43659808697,443.812514822455,-0.16999999999999996,393.8281303405761,42.0,9.0,8.0,6.0,70.0,135.0,0.3465192231659186,258.82813034057597,0.0,0.0,0.0,0.0,0.0,0.0,42.0,9.0,8.0,6.0,70.0,317.828130340576,1.3225806451612903,208.8977064688756,154.7843140022712,,,965.2459474719576,990.0,0.1475074971610769,0.021765626068115194,989.8307268767707,0.3215080694636768,0.17025311529222723,,,24.263271335349472,24.176633481937397,,,0.9354838709677423,0.917,,,0.8355908258755025,0.6191372560090848,,,0.9748387096774194,0.97,,,45.504920707733774,32.650058837172836,,,56.03719775198308,0.141732129406111,72.52551354691583,44.092869171921905,2,1,41691.675127475406,31,0.31131776528879485
2043.08,2043.0,8.0,2042.0,11.0,320.0,46.12903225806452,0.6625000000000002,0.1875,308.71900764141577,318.8834165437478,-0.16999999999999996,282.9691717555083,39.0,7.0,5.0,4.0,60.0,115.0,0.40968177928109917,167.9691717555081,0.0,0.0,0.0,0.0,0.0,0.0,39.0,7.0,5.0,4.0,60.0,218.9691717555081,1.0,167.9691717555081,,,,964.8458236657945,990.0,0.11448906524508784,0.006975333017825074,989.8785356017371,0.20440932047808436,,,,24.828302615464704,,,,0.9222580645161291,,,,0.6718766870220323,,,,0.9706451612903221,,,,36.65670959385448,,,,36.65670959385448,0.12875251148090897,48.852154185197065,29.420697240937553,1,1,27272.59193782773,31,0.20364838663252485
2043.09,2043.0,9.0,2042.0,12.0,350.5,50.5,0.6625000000000001,0.1875,233.1532664210802,239.4928200807153,-0.14000000000000007,217.27986101822898,36.0,6.0,4.0,3.0,51.0,100.0,0.46771276743753776,117.27986101822896,0.0,0.0,0.0,0.0,0.0,0.0,36.0,6.0,4.0,3.0,51.0,163.27986101822898,1.0,117.27986101822896,,,,964.6147277524486,990.0,0.0955499526198508,0.002196043138172266,989.902254004242,0.10383392611371196,,,,25.18369232567964,,,,0.8926666666666666,,,,0.4691194440729157,,,,0.9643333333333338,,,,25.08387552402905,,,,25.08387552402905,0.11354913780906334,35.954506863937524,15.783715623627453,1,1,18060.390377300908,30,0.13935486402238353
2043.1,2043.0,10.0,2043.0,1.0,16.0,2.7419354838709675,0.6625000000000002,0.1875,171.03058669301132,176.2953763845363,-0.16000000000000006,157.60806648777552,31.0,4.0,3.0,2.0,33.0,73.0,0.46494954948956096,84.60806648777547,0.0,0.0,0.0,0.0,0.0,0.0,31.0,4.0,3.0,2.0,33.0,122.60806648777549,1.0,84.60806648777547,,,,964.4780389008582,990.0,0.08168456812083254,2.4542931500082716e-05,989.9182908889479,0.0507369652331893,,,,25.38951502285652,,,,0.8661290322580648,,,,0.33843226595110204,,,,0.9600000000000006,,,,17.554868569442803,,,,17.554868569442803,0.11090388752016182,22.322641414295806,14.319014728479385,1,1,13060.822215665452,31,0.09752704760801562
2043.11,2043.0,11.0,2043.0,2.0,46.5,7.066666666666666,0.6625000000000001,0.1875,207.45255579416184,215.49146495285794,-0.2000000000000001,186.93884584660427,27.0,4.0,2.0,2.0,26.333333333333332,61.333333333333336,0.33429554786444426,125.60551251327094,0.0,0.0,0.0,0.0,0.0,0.0,27.0,4.0,2.0,2.0,26.333333333333332,158.60551251327095,1.0,125.60551251327094,,,,964.5678470532937,990.0,0.09395642472043324,0.002696306659964806,989.9033472686195,0.11858490046647858,,,,25.216915314859552,,,,0.9000000000000001,,,,0.5024220500530837,,,,0.9639999999999999,,,,27.06936332966239,,,,27.06936332966239,0.14300536171651268,41.477273022104505,18.253477657313155,1,1,19489.94159735692,30,0.1503853518314577
2043.12,2043.0,12.0,2043.0,3.0,77.0,11.419354838709678,0.6625000000000002,0.1875,326.23143818524005,337.0264687469495,-0.16999999999999996,299.0688627043244,35.74193548387097,5.0,3.6774193548387095,2.6774193548387095,48.193548387096776,95.29032258064517,0.32599610161364584,203.7785401236792,0.0,0.0,0.0,0.0,0.0,0.0,35.74193548387097,5.0,3.6774193548387095,2.6774193548387095,48.193548387096776,248.1978949623889,1.032258064516129,198.62094117328877,159.8855674621036,,,964.9053321405256,990.0,0.12425698592888755,0.012613289557305825,989.8631297245134,0.29196014384551444,0.1809398634041121,,,24.66583744014252,24.254301309977432,,,0.930967741935484,0.92,,,0.7944837646931551,0.6395422698484143,,,0.9748387096774196,0.97,,,43.70230640007684,33.948969817162364,,,44.79743445869499,0.1480967807743384,67.89793963432471,29.442022882049518,2,1,33329.29123726906,31,0.24887463588163874
2044.01,2044.0,1.0,2043.0,4.0,108.0,15.870967741935484,0.6750000000000004,0.19959677419354852,595.4904621978121,617.6431140109086,-0.17999999999999997,542.5994756585832,40.354838709677416,6.0,4.645161290322581,3.3225806451612905,62.45161290322581,116.7741935483871,0.2179816572738412,425.825282110196,0.0,0.0,0.0,0.0,0.0,0.0,40.354838709677416,6.0,4.645161290322581,3.3225806451612905,62.45161290322581,476.8252821101961,2.096774193548387,203.73956026339008,203.73956026339008,189.57700302863032,,965.8889654477372,990.0,0.20461678235683542,0.05665959750411737,989.738723620139,0.2991106568478591,0.2991106568478591,0.2545574754063343,,23.55064751555428,23.55064751555428,22.838243824231252,,0.9345161290322581,0.9345161290322581,0.93,,0.8149582410535601,0.8149582410535601,0.7583080121145213,,0.9732258064516128,0.9732258064516128,0.9700000000000001,,42.79762326832204,42.79762326832204,38.312529923634976,,89.3029107228023,0.1642713454395306,117.82449168456024,64.68314663798347,3,2,66441.36557776491,31,0.4961272817933461
2044.02,2044.0,2.0,2043.0,5.0,138.0,20.137931034482758,0.6750000000000004,0.2000000000000001,965.1116505617165,997.13233969679,-0.16000000000000006,889.4420470095364,49.0,8.0,7.0,5.0,93.0,162.0,0.18373778387962256,727.4420470095365,0.0,0.0,0.0,0.0,0.0,0.0,49.0,8.0,7.0,5.0,93.0,791.4420470095364,3.0,242.48068233651227,242.48068233651227,242.48068233651227,,967.377140750713,990.0,0.38914579861666343,0.15867468782446617,989.4521795135588,0.42108023795311267,0.42108023795311267,0.42108023795311267,,21.653958524892737,21.653958524892737,21.653958524892737,,0.9386206896551728,0.9386206896551728,0.9386206896551728,,0.9699227293460488,0.9699227293460488,0.9699227293460488,,0.9782758620689658,0.9782758620689658,0.9782758620689658,,47.1995000797343,47.1995000797343,47.1995000797343,,141.59850023920282,0.15913712797839413,155.54382619637948,113.40086007670315,3,3,98552.5561664852,29,0.7866583346622382
2044.03,2044.0,3.0,2043.0,6.0,168.0,24.419354838709676,0.6750000000000004,0.2000000000000001,1611.1121120335956,1755.0240871825663,-0.4100000000000001,1269.321171054791,49.0,9.0,9.0,9.0,107.0,183.0,0.15313975764206528,956.9078392389189,129.4133318158721,17.94890760129376,3.1900890195924685,5.039815887037281,6.364590089305185,96.86992921864343,66.94890760129375,12.190089019592468,14.03981588703728,15.364590089305183,203.86992921864345,1050.0866517468426,3.7419354838709675,254.6216900747373,254.6216900747373,254.6216900747373,260.188079976344,968.7679460226855,990.0,0.6714266851681543,0.3464900550820998,988.9820832597499,0.4620239924365312,0.4620239924365312,0.4620239924365312,0.4822900923486229,19.752113244627747,19.752113244627747,19.752113244627747,19.091070045414423,0.9356067368623361,0.9356067368623361,0.9356067368623361,0.9340786453361922,1.0184867602989498,1.0184867602989498,1.0184867602989498,1.0407523199053765,0.9796774193548391,0.9796774193548391,0.9796774193548391,0.9795652173913045,44.976313190265934,44.976313190265934,44.976313190265934,44.38674960229851,167.86104411443864,0.1375253066558176,189.59025211103963,132.84112925597591,4,3,124888.61682114235,31,0.9325613561913257
2044.04,2044.0,4.0,2043.0,7.0,198.5,28.8,0.6750000000000004,0.2000000000000001,2587.1179279844655,2746.4096900047416,-0.2899999999999999,2208.799993186312,54.0,13.0,14.0,19.0,117.0,217.0,0.09835186888781845,1100.0,891.7999931863125,46.0,5.0,11.0,60.96496627781418,768.8350269084984,100.0,18.0,25.0,79.96496627781418,885.8350269084983,1243.0,4.0,275.0,275.0,275.0,275.0,971.7014953615565,990.0,0.9219672131147545,0.4800000000000003,988.5980327868855,0.5349347800000003,0.5349347800000003,0.5349347800000003,0.5349347800000003,16.36160264532851,16.36160264532851,16.36160264532851,16.36160264532851,0.9228214621499454,0.9228214621499454,0.9228214621499454,0.9228214621499454,1.1000000000000005,1.1000000000000005,1.1000000000000005,1.1000000000000005,0.9800000000000003,0.9800000000000003,0.9800000000000003,0.9800000000000003,39.918929411593595,39.918929411593595,39.918929411593595,39.918929411593595,159.67571764637438,0.07240320068910361,165.85366761979785,157.24088492831478,4,4,114966.51670538956,30,0.8870873202576355
2044.05,2044.0,5.0,2043.0,8.0,229.0,33.12903225806452,0.6750000000000004,0.2000000000000001,2370.520682056218,2490.0427332523295,-0.24000000000000016,2086.6558104654523,55.0,13.0,13.0,17.0,178.0,276.0,0.13281458963118542,1100.0,710.6558104654522,45.0,5.0,12.0,43.772278180843074,604.8835322846091,100.0,18.0,25.0,60.77227818084308,782.8835322846094,1243.0,4.0,275.0,275.0,275.0,275.0,971.3667381659301,990.0,0.9219672131147545,0.4800000000000003,988.5980327868855,0.5349347800000003,0.5349347800000003,0.5349347800000003,0.5349347800000003,16.69635984095517,16.69635984095517,16.69635984095517,16.69635984095517,0.9249921632261062,0.9249921632261062,0.9249921632261062,0.9249921632261062,1.1000000000000005,1.1000000000000005,1.1000000000000005,1.1000000000000005,0.9800000000000003,0.9800000000000003,0.9800000000000003,0.9800000000000003,40.832932197018096,40.832932197018096,40.832932197018096,40.832932197018096,163.33172878807238,0.07872165842913377,171.17922930636638,158.29465322110553,4,4,121518.80621832583,31,0.9073984932670687
2044.06,2044.0,6.0,2043.0,9.0,259.5,37.5,0.6750000000000004,0.2000000000000001,1497.7854428424973,1573.3040365992617,-0.24000000000000016,1318.4287826701814,62.0,12.0,14.0,16.0,153.0,257.0,0.2064362730806754,946.6996606269165,114.72912204326491,14.357413537390544,2.3272413298175247,3.9542029381263353,7.1426690766234975,86.947595161307,76.35741353739054,14.327241329817525,17.954202938126333,23.1426690766235,239.94759516130702,1055.338518432251,3.7333333333333334,251.6366927079511,251.6366927079511,251.6366927079511,261.5312488678134,968.9441945961676,990.0,0.6839827428814375,0.3443891525960401,988.9716281045223,0.4530769457674055,0.4530769457674055,0.4530769457674055,0.48685073622301345,19.574356562587283,19.574356562587283,19.574356562587283,18.839023410493233,0.9350493665989531,0.9350493665989531,0.9350493665989531,0.9346127726349358,1.0065467708318045,1.0065467708318045,1.0065467708318045,1.0461249954712537,0.9786666666666668,0.9786666666666668,0.9786666666666668,0.9795454545454547,43.89910894971956,43.89910894971956,43.89910894971956,44.078372683595454,164.0214668171287,0.12788305725193422,188.3899666767655,111.25697711717098,4,3,118095.45610833264,30,0.9112303712062704
2044.07,2044.0,7.0,2043.0,10.0,290.0,41.87096774193548,0.6750000000000004,0.2000000000000001,591.8866978754053,612.7191489393432,-0.16999999999999996,542.4096265985535,58.0,11.0,11.0,11.0,136.0,227.0,0.43880790233549716,315.40962659855336,0.0,0.0,0.0,0.0,0.0,0.0,58.0,11.0,11.0,11.0,136.0,395.4096265985534,1.5806451612903225,203.09472516420252,193.14938434877112,195.68589744226995,,965.8874976343853,990.0,0.17798082086701664,0.03486557223801273,989.787153606895,0.30157255171788494,0.27435035281463294,0.2713241196224756,,23.598083420791717,23.150726067484214,22.250955136511607,,0.9329032258064518,0.9287499999999999,0.93,,0.81237890065681,0.7725975373950843,0.78274358976908,,0.9741935483870967,0.9731250000000002,0.97,,42.759649008382446,39.577634879373136,38.52772346466091,,65.67247497610155,0.11758005219650496,118.39530414566984,36.10182593475648,3,1,48860.32138221954,31,0.3648470832005641
2044.08,2044.0,8.0,2043.0,11.0,321.0,46.25806451612903,0.6750000000000004,0.2000000000000001,349.3279941952819,361.6231823967721,-0.16999999999999996,320.1269222167425,49.25806451612903,8.32258064516129,6.645161290322581,5.32258064516129,94.80645161290323,164.3548387096774,0.5164741710071511,155.77208350706508,0.0,0.0,0.0,0.0,0.0,0.0,49.25806451612903,8.32258064516129,6.645161290322581,5.32258064516129,94.80645161290323,219.99788995867797,1.0,155.77208350706508,,,,964.9670909958999,990.0,0.11483078324194823,0.005599452442247187,989.8795697643155,0.1769536458512732,,,,24.735525122564592,,,,0.9187096774193547,,,,0.6230883340282606,,,,0.9693548387096771,,,,33.69514729644803,,,,33.69514729644803,0.10453456883546039,44.72934622570639,22.949118123560734,1,1,25069.18958855732,31,0.18719526275804452
2044.09,2044.0,9.0,2043.0,12.0,351.5,50.666666666666664,0.6750000000000004,0.2000000000000001,246.64636121108222,253.7514004229241,-0.14000000000000007,229.77189308295775,40.0,6.0,4.0,3.0,65.0,118.0,0.5178563857319084,111.77189308295769,0.0,0.0,0.0,0.0,0.0,0.0,40.0,6.0,4.0,3.0,65.0,161.7718930829577,1.0,111.77189308295769,,,,964.7127733555612,990.0,0.09503587264191743,0.0015044079541775327,989.9034597194039,0.0912654146122984,,,,25.099420949230282,,,,0.892,,,,0.4470875723318311,,,,0.9636666666666671,,,,23.733900774602738,,,,23.733900774602738,0.10221759972583679,31.57703595846711,15.951440567047243,1,1,17088.40855771397,30,0.13185500430334854
2044.1,2044.0,10.0,2044.0,1.0,16.0,2.7419354838709675,0.6750000000000004,0.2000000000000001,218.75131285307634,225.9827612118557,-0.16000000000000006,201.57662300097527,38.41935483870968,5.354838709677419,3.3548387096774195,2.3548387096774195,52.12903225806452,101.61290322580645,0.5042851754958884,99.96371977516881,0.0,0.0,0.0,0.0,0.0,0.0,38.41935483870968,5.354838709677419,3.3548387096774195,2.3548387096774195,52.12903225806452,147.09275203323335,1.0,99.96371977516881,,,,964.5496298785284,990.0,0.09003162001132954,0.00030595037889700365,989.90966242961,0.07068435916834646,,,,25.289348191912634,,,,0.8835483870967743,,,,0.399854879100675,,,,0.9600000000000006,,,,21.043969708665177,,,,21.043969708665177,0.10435478927175797,23.85630125547039,18.07480305588369,1,1,15656.713463246897,31,0.11691094282591769
2044.11,2044.0,11.0,2044.0,2.0,46.5,7.066666666666666,0.6750000000000004,0.2000000000000001,265.4153534900585,276.4743265521442,-0.2000000000000001,239.15029246760471,38.666666666666664,5.666666666666667,3.6666666666666665,2.6666666666666665,51.0,101.66666666666667,0.4285172679267525,137.48362580093809,0.0,0.0,0.0,0.0,0.0,0.0,38.666666666666664,5.666666666666667,3.6666666666666665,2.6666666666666665,51.0,185.48362580093803,1.0,137.48362580093809,,,,964.7510900958326,990.0,0.10311895650428365,0.0037483625800938092,989.8931326809155,0.13767340176758297,,,,25.004369183315557,,,,0.909666666666667,,,,0.5499345032037524,,,,0.9689999999999995,,,,29.77085132946893,,,,29.77085132946893,0.12362828802867007,40.87561058656415,22.86866811288806,1,1,21435.012957217634,30,0.16539361849704964
2044.12,2044.0,12.0,2044.0,3.0,77.0,11.419354838709678,0.6750000000000004,0.2000000000000001,439.0034575971878,454.4549250488486,-0.16999999999999996,402.3062223994932,42.0,7.0,5.0,3.0,61.0,118.0,0.3019511408755503,284.3062223994932,0.0,0.0,0.0,0.0,0.0,0.0,42.0,7.0,5.0,3.0,61.0,338.30622239949315,1.4838709677419355,200.60171049850732,172.98932459537068,,,965.2883521439956,990.0,0.15430833954226716,0.026989005154900398,989.8187026553028,0.2941495146005587,0.2143725789867662,,,24.23620099670668,24.029329451521146,,,0.9329032258064516,0.9246666666666665,,,0.8024068419940293,0.6919572983814827,,,0.9732258064516125,0.9700000000000002,,,43.42507579177756,36.56275099425067,,,61.11672949867305,0.15050571719757003,82.44782633283228,40.395329935254004,2,1,45470.84674701276,31,0.33953738610373924
2045.01,2045.0,1.0,2044.0,4.0,108.0,15.870967741935484,0.6875,0.2125000000000001,811.8984774807021,844.1886950670155,-0.17999999999999997,739.7203440524721,46.0,7.0,6.0,4.0,76.0,139.0,0.20064554388443914,599.3587384366821,1.3616056157903336,0.4506032973119089,0.068570066982247,0.0587743431276403,0.039182895418426865,0.7444750129501104,46.450603297311915,7.0685700669822475,6.058774343127641,4.039182895418427,76.74447501295012,658.9366861441038,2.6451612903225805,225.1147278067191,225.1147278067191,227.5680014027351,241.8975492959051,966.7274124927667,990.0,0.3205190956999181,0.12841645974944993,989.5510644445507,0.36405478931424146,0.36405478931424146,0.37213884113572937,0.4182581554863602,22.459597162469894,22.459597162469894,21.569989237483824,20.362744008014992,0.9377969664701683,0.9377969664701683,0.9367803973716805,0.9383411921150422,0.9004589112268766,0.9004589112268766,0.9102720056109405,0.9675901971836204,0.9764516129032259,0.9764516129032259,0.9766666666666669,0.978,45.28919296233785,45.28919296233785,43.86842248148461,44.18909025008433,118.93231458508511,0.16062807176310223,190.22527782751988,78.34328240776891,4,2,88485.64205130331,31,0.6607350810282505
2045.02,2045.0,2.0,2044.0,5.0,137.5,20.071428571428573,0.6875,0.21250000000000008,3307.8393405188813,3424.2643276592967,-0.16000000000000006,3047.5952516167745,52.857142857142854,9.285714285714286,8.928571428571429,6.928571428571429,106.5,184.5,0.06653986361491833,1100.0,1763.0952516167742,47.142857142857146,8.668400808160019,15.53226299342053,51.175709892690556,1640.5760207796461,100.0,17.954115093874304,24.460834421991958,58.10428132126198,1747.0760207796461,1242.414949515866,4.0,275.0,275.0,275.0,275.0,973.4832502920517,990.0,0.9204326544678463,0.4800000000000003,988.5995673455324,0.5349347800000003,0.5349347800000003,0.5349347800000003,0.5349347800000003,14.58138227348084,14.58138227348084,14.58138227348084,14.58138227348084,0.8972186264110162,0.8972186264110162,0.8972186264110162,0.8972186264110162,1.1000000000000005,1.1000000000000005,1.1000000000000005,1.1000000000000005,0.9800000000000003,0.9800000000000003,0.9800000000000003,0.9800000000000003,34.74832947831995,34.74832947831995,34.74832947831995,34.74832947831995,138.99331791327978,0.0551732341777269,184.1301818061285,110.74104880695744,4,4,93403.50963772406,28,0.7721850995182213
2045.03,2045.0,3.0,2044.0,6.0,167.0,24.258064516129032,0.6875,0.2125000000000001,3978.15251862672,4357.8283101483985,-0.4100000000000001,3129.465455225319,68.0,14.0,17.0,21.0,195.0,315.0,0.101601098929162,1100.0,1714.4654552253194,32.00000000000001,4.0,8.000000000000002,59.0,1611.4654552253191,100.0,18.0,25.0,80.0,1806.4654552253194,1243.0,4.0,275.0,275.0,275.0,275.0,973.8784358119533,990.0,0.9219672131147545,0.4800000000000003,988.5980327868855,0.5349347800000003,0.5349347800000003,0.5349347800000003,0.5349347800000003,14.184662194931839,14.184662194931839,14.184662194931839,14.184662194931839,0.8989903344695666,0.8989903344695666,0.8989903344695666,0.8989903344695666,1.1000000000000005,1.1000000000000005,1.1000000000000005,1.1000000000000005,0.9800000000000003,0.9800000000000003,0.9800000000000003,0.9800000000000003,33.72913980518142,33.72913980518142,33.72913980518142,33.72913980518142,134.91655922072567,0.043750054701678504,144.8799209311415,124.04027724549611,4,4,100377.92006021991,31,0.7495364401151428
2045.04,2045.0,4.0,2044.0,7.0,197.5,28.666666666666668,0.6875,0.21250000000000008,3291.235132492777,3507.3772558868027,-0.2899999999999999,2808.0939154943694,70.0,14.0,18.0,25.0,168.0,295.0,0.10539442333075444,1100.0,1413.09391549437,30.0,4.0,7.0,55.0,1317.0939154943703,100.0,18.0,25.0,80.0,1485.0939154943703,1243.0,4.0,275.0,275.0,275.0,275.0,973.1773410117331,990.0,0.9219672131147545,0.4800000000000003,988.5980327868855,0.5349347800000003,0.5349347800000003,0.5349347800000003,0.5349347800000003,14.885756995152319,14.885756995152319,14.885756995152319,14.885756995152319,0.908465638894411,0.908465638894411,0.908465638894411,0.908465638894411,1.1000000000000005,1.1000000000000005,1.1000000000000005,1.1000000000000005,0.9800000000000003,0.9800000000000003,0.9800000000000003,0.9800000000000003,35.756681242135485,35.756681242135485,35.756681242135485,35.756681242135485,143.02672496854194,0.05118526508099008,150.5565196719687,138.6987577779737,4,4,102979.2419773502,30,0.7945929164918997
2045.05,2045.0,5.0,2044.0,8.0,228.0,33.0,0.6875,0.2125000000000001,2503.3697030478643,2637.902742937686,-0.24000000000000016,2202.648790352968,65.0,14.0,17.0,23.0,202.0,321.0,0.14769000391473405,1100.0,781.6487903529678,35.0,4.0,7.999999999999999,48.55148861977343,686.0973017331945,100.0,18.0,25.0,71.55148861977342,888.0973017331943,1243.0,4.0,275.0,275.0,275.0,275.0,971.6646034120475,990.0,0.9219672131147545,0.4800000000000003,988.5980327868855,0.5349347800000003,0.5349347800000003,0.5349347800000003,0.5349347800000003,16.39849459483756,16.39849459483756,16.39849459483756,16.39849459483756,0.9224689486371148,0.9224689486371148,0.9224689486371148,0.9224689486371148,1.1000000000000005,1.1000000000000005,1.1000000000000005,1.1000000000000005,0.9800000000000003,0.9800000000000003,0.9800000000000003,0.9800000000000003,40.001585561073085,40.001585561073085,40.001585561073085,40.001585561073085,160.00634224429234,0.0740135214444874,173.21718669387084,148.9424239575301,4,4,119044.7186297535,31,0.8889241235794019
2045.06,2045.0,6.0,2044.0,9.0,258.5,37.333333333333336,0.6875,0.21250000000000008,1404.476976846673,1479.9546647488648,-0.24000000000000016,1235.7621450653023,62.0,12.0,14.0,16.0,153.0,257.0,0.21884408929384327,907.7776195968836,70.98452546841867,10.446640623814812,1.7058014110609314,2.826795527850958,4.419270068072758,51.586017837619224,72.44664062381482,13.70580141106093,16.826795527850958,20.41927006807276,204.5860178376192,1010.7568571596101,3.6,250.18990687066963,250.18990687066963,250.18990687066963,262.0131649747915,968.6596546555842,990.0,0.6307901051788022,0.31055573385050955,989.0586541609705,0.44789369005043866,0.44789369005043866,0.44789369005043866,0.48801477495416773,19.951105815336316,19.951105815336316,19.951105815336316,18.956671297628404,0.9357594803588728,0.9357594803588728,0.9357594803588728,0.9351546894870096,1.0007596274826784,1.0007596274826784,1.0007596274826784,1.0480526598991657,0.9783333333333334,0.9783333333333334,0.9783333333333334,0.9794444444444446,44.555638591627904,44.555638591627904,44.555638591627904,44.49688747476991,160.3650482597456,0.1323159763009248,187.00073248478714,113.90287183148226,4,3,115462.83474701685,30,0.8909169347763646
2045.07,2045.0,7.0,2044.0,10.0,289.0,41.74193548387097,0.6875,0.2125000000000001,680.1055810471235,705.5952079337295,-0.16999999999999996,623.1287680064747,58.0,11.0,11.0,11.0,136.0,227.0,0.37641022125089285,396.1287680064747,0.0,0.0,0.0,0.0,0.0,0.0,58.0,11.0,11.0,11.0,136.0,476.1287680064747,2.0,201.54131979241282,193.34164298417915,202.9966335157708,,966.2405643488866,990.0,0.20936266590352903,0.05225496256202604,989.7383823715343,0.2997158357443929,0.2747893313693471,0.2922454905304531,,23.198102186903608,23.119508093620592,22.11868074530944,,0.9316129032258067,0.9296296296296298,0.9325000000000001,,0.8061652791696511,0.7733665719367164,0.8119865340630832,,0.9738709677419353,0.9729629629629627,0.9724999999999999,,41.618377547186135,39.57969483041907,39.94191748850704,,81.24481078510044,0.12843617957221598,126.75493098789082,52.35948737602583,3,1,60446.13922411474,31,0.4513600599172248
2045.08,2045.0,8.0,2044.0,11.0,320.0,46.12903225806452,0.6875,0.2125000000000001,431.283694936861,447.44774471467883,-0.16999999999999996,395.15228955115055,54.0,9.0,8.0,6.0,107.0,184.0,0.4696768287435378,211.15228955115066,0.0,0.0,0.0,0.0,0.0,0.0,54.0,9.0,8.0,6.0,107.0,282.1522895511506,1.032258064516129,206.62840646625315,140.24037563182225,,,965.2504945248261,990.0,0.1356521789245562,0.013207748527107266,989.8511400725482,0.3116708507498798,0.13911241872219368,,,24.28897469697277,24.13318981916009,,,0.9345161290322581,0.91,,,0.8265136258650129,0.5609615025272889,,,0.9735483870967738,0.97,,,44.82802618582318,29.3069031519078,,,45.77341015846536,0.11496049364913315,59.16517570405173,32.77540535143705,2,1,34055.41715789821,31,0.2542967231025852
2045.09,2045.0,9.0,2044.0,12.0,350.5,50.5,0.6875,0.21250000000000008,315.10675756781717,324.768624135859,-0.14000000000000007,293.5096440627825,46.0,7.0,6.0,4.0,75.0,138.0,0.47314557381234906,155.50964406278266,0.0,0.0,0.0,0.0,0.0,0.0,46.0,7.0,6.0,4.0,75.0,214.5096440627826,1.0,155.50964406278266,,,,964.875379065775,990.0,0.1129859603992529,0.005561403184732262,989.881452636416,0.17505034078454235,,,,24.83102322985645,,,,0.9176666666666666,,,,0.6220385762511303,,,,0.9699999999999995,,,,33.742183090833834,,,,33.742183090833834,0.11427038133953947,44.5786074394891,25.59639235044169,1,1,24294.371825400365,30,0.18745657272685468
2045.1,2045.0,10.0,2045.0,1.0,16.0,2.7419354838709675,0.6875,0.2125000000000001,259.7990027229143,268.94306700094637,-0.16000000000000006,239.35932963084232,41.0,6.0,4.0,3.0,56.0,110.0,0.4599734590453542,129.35932963084227,0.0,0.0,0.0,0.0,0.0,0.0,41.0,6.0,4.0,3.0,56.0,180.3593296308423,1.0,129.35932963084227,,,,964.7391187410258,990.0,0.10137249873778707,0.0029359329630842287,989.8956915682987,0.11864480491951239,,,,25.037928022353945,,,,0.9096774193548387,,,,0.5174373185233692,,,,0.9699999999999995,,,,28.03559803813515,,,,28.03559803813515,0.117040267961934,31.278854088934,25.22473046688412,1,1,20858.484940372557,31,0.1557533224340842
2045.11,2045.0,11.0,2045.0,2.0,46.5,7.066666666666666,0.6875,0.21250000000000008,279.0053682832392,291.38941857257356,-0.2000000000000001,251.32337351884468,40.0,6.0,4.0,3.0,53.0,106.0,0.42667172506624584,145.32337351884468,0.0,0.0,0.0,0.0,0.0,0.0,40.0,6.0,4.0,3.0,53.0,195.3233735188447,1.0,145.32337351884468,,,,964.7717623402121,990.0,0.10646520203794521,0.0045323373518844695,989.8890024606103,0.15475791158081506,,,,24.96248220881723,,,,0.9143333333333337,,,,0.581293494075379,,,,0.9693333333333329,,,,31.58451296106686,,,,31.58451296106686,0.12450517965488359,42.96678337321945,22.598416211555037,1,1,22740.849331968144,30,0.17546951645037148
2045.12,2045.0,12.0,2045.0,3.0,77.0,11.419354838709678,0.6875,0.2125000000000001,501.1061081887252,519.8870270405654,-0.16999999999999996,459.1252307551994,42.0,7.0,5.0,3.0,61.0,118.0,0.2742332137396462,341.12523075519954,0.0,0.0,0.0,0.0,0.0,0.0,42.0,7.0,5.0,3.0,61.0,395.1252307551994,1.6774193548387097,210.320526749733,190.89308255109376,206.2901127499233,,965.5324303304257,990.0,0.1786501588742923,0.040672474311802216,989.7806773668138,0.3246419158623646,0.26857493109718944,0.3012877552889877,,23.923605120525632,23.61428133419669,22.534126075850864,,0.9345161290322582,0.9277777777777776,0.93,,0.8412821069989325,0.7635723302043751,0.825160450999693,,0.9751612903225806,0.9727777777777779,0.9700000000000001,,45.073244596188204,39.82530538552263,41.13727901149132,,72.1786424663134,0.15483840004054975,124.13445096113834,41.483557825239146,3,1,53700.909994937174,31,0.4009924581461856
2046.01,2046.0,1.0,2045.0,4.0,108.0,15.870967741935484,0.6999999999999996,0.22499999999999987,1204.5404391008265,1255.3834696204553,-0.17999999999999997,1097.2051524482772,49.0,8.0,7.0,5.0,81.0,150.0,0.1483070039400153,861.7804991499744,85.42465329830321,19.041148927236893,3.437820898646169,3.9864838205874835,2.8474884432767738,56.111711208555896,68.0411489272369,11.437820898646171,10.986483820587484,7.847488443276775,137.11171120855587,952.2459527964446,3.4838709677419355,244.1991787848695,244.1991787848695,244.1991787848695,266.97812311042276,968.1297244661451,990.0,0.5820597471776174,0.28531736247605494,989.1326228903462,0.42865180750587073,0.42865180750587073,0.42865180750587073,0.5070212809172286,20.574246616695273,20.574246616695273,20.574246616695273,18.966906292386508,0.9348849402743943,0.9348849402743943,0.9348849402743943,0.9334288765670816,0.9767967151394786,0.9767967151394786,0.9767967151394786,1.067912492441691,0.9780645161290324,0.9780645161290324,0.9780645161290324,0.9800000000000003,44.657002609687545,44.657002609687545,44.657002609687545,45.29073017803489,155.88587727004727,0.1471767593922294,191.9614027073082,117.31967852885937,4,3,115979.09268891519,31,0.8660326515002628
2046.02,2046.0,2.0,2045.0,5.0,137.5,20.071428571428573,0.6999999999999996,0.2249999999999999,2498.0816301421983,2591.370985624687,-0.16000000000000006,2301.137435234723,52.857142857142854,9.285714285714286,8.928571428571429,6.928571428571429,106.5,184.5,0.08418904692591613,1100.0,1016.637435234723,47.142857142857146,8.714285714285714,16.071428571428573,37.725400555578766,906.9834632505725,100.0,18.0,25.0,44.6539719841502,1013.4834632505723,1243.0,4.0,275.0,275.0,275.0,275.0,971.8616224987476,990.0,0.9219672131147545,0.4800000000000003,988.5980327868855,0.5349347800000003,0.5349347800000003,0.5349347800000003,0.5349347800000003,16.201475508137598,16.201475508137598,16.201475508137598,16.201475508137598,0.9190998700707029,0.9190998700707029,0.9190998700707029,0.9190998700707029,1.1000000000000005,1.1000000000000005,1.1000000000000005,1.1000000000000005,0.9800000000000003,0.9800000000000003,0.9800000000000003,0.9800000000000003,39.405911712848535,39.405911712848535,39.405911712848535,39.405911712848535,157.62364685139414,0.0732151169081484,176.3867156645473,135.4086086034484,4,4,105923.09068413686,28,0.8756869269521896
2046.03,2046.0,3.0,2045.0,6.0,167.0,24.258064516129032,0.6999999999999996,0.22499999999999987,2950.032924809645,3243.1475820929604,-0.4100000000000001,2312.3642260322813,61.903225806451616,11.96774193548387,13.612903225806452,15.580645161290322,160.4516129032258,263.51612903225805,0.1136025327878655,1100.0,948.8480970000232,38.09677419354838,6.032258064516129,11.387096774193548,52.615672457035906,840.7162955107293,100.0,18.0,25.0,68.19631761832623,1001.1679084139553,1243.0,4.0,275.0,275.0,275.0,275.0,971.9714321372229,990.0,0.9219672131147545,0.4800000000000003,988.5980327868855,0.5349347800000003,0.5349347800000003,0.5349347800000003,0.5349347800000003,16.09166586966229,16.09166586966229,16.09166586966229,16.09166586966229,0.9206597365502392,0.9206597365502392,0.9206597365502392,0.9206597365502392,1.1000000000000005,1.1000000000000005,1.1000000000000005,1.1000000000000005,0.9800000000000003,0.9800000000000003,0.9800000000000003,0.9800000000000003,39.16926559752785,39.16926559752785,39.16926559752785,39.16926559752785,156.6770623901114,0.06794709179958142,160.5711584272081,150.4633141489896,4,4,116567.7344182428,31,0.8704281243895072
2046.04,2046.0,4.0,2045.0,7.0,197.5,28.666666666666668,0.6999999999999996,0.2249999999999999,3034.8362703215525,3249.754637607548,-0.2899999999999999,2590.0544461732143,70.0,14.0,18.0,25.0,168.0,295.0,0.1140032640182449,1100.0,1195.054446173215,30.0,4.000000000000001,7.0,55.0,1099.054446173215,100.0,18.0,25.0,80.0,1267.0544461732154,1243.0,4.0,275.0,275.0,275.0,275.0,972.6676652289782,990.0,0.9219672131147545,0.4800000000000003,988.5980327868855,0.5349347800000003,0.5349347800000003,0.5349347800000003,0.5349347800000003,15.395432777907194,15.395432777907194,15.395432777907194,15.395432777907194,0.914258245115798,0.914258245115798,0.914258245115798,0.914258245115798,1.1000000000000005,1.1000000000000005,1.1000000000000005,1.1000000000000005,0.9800000000000003,0.9800000000000003,0.9800000000000003,0.9800000000000003,37.21346712157423,37.21346712157423,37.21346712157423,37.21346712157423,148.85386848629693,0.057550407358831775,152.6568772799841,145.74798577371172,4,4,107174.78531013381,30,0.8269659360349831
2046.05,2046.0,5.0,2045.0,8.0,228.0,33.0,0.6999999999999996,0.22499999999999987,2403.7135962547786,2542.0945647583158,-0.24000000000000016,2115.0226778789197,55.0,13.0,13.0,17.0,178.0,276.0,0.13218699343516305,1100.0,739.0226778789191,45.00000000000001,5.0,12.0,44.70884815430659,632.3138297246124,100.0,18.0,25.0,61.708848154306594,810.3138297246124,1243.0,4.0,275.0,275.0,275.0,275.0,971.4297527240526,990.0,0.9219672131147545,0.4800000000000003,988.5980327868855,0.5349347800000003,0.5349347800000003,0.5349347800000003,0.5349347800000003,16.63334528283243,16.63334528283243,16.63334528283243,16.63334528283243,0.9241423907861068,0.9241423907861068,0.9241423907861068,0.9241423907861068,1.1000000000000005,1.1000000000000005,1.1000000000000005,1.1000000000000005,0.9800000000000003,0.9800000000000003,0.9800000000000003,0.9800000000000003,40.64679992113694,40.64679992113694,40.64679992113694,40.64679992113694,162.58719968454776,0.07825595599395072,174.48597726130225,150.22109149565682,4,4,120964.87656530355,31,0.9032622204697099
2046.06,2046.0,6.0,2045.0,9.0,258.5,37.333333333333336,0.6999999999999996,0.2249999999999999,1373.3288372677232,1451.7218152935764,-0.24000000000000016,1207.8325503242552,62.0,12.0,14.0,16.0,153.0,257.0,0.2237949351125517,893.3036166356785,57.52893368857699,9.324214679798645,1.5386044948359798,2.468776188110612,3.5815678560981783,40.615770469733576,71.32421467979864,13.538604494835981,16.46877618811061,19.58156785609818,193.61577046973358,994.6352119984239,3.533333333333333,251.1516443711309,251.1516443711309,250.71301755416363,262.31366633716243,968.5607644790068,990.0,0.6143997972180609,0.3014715912658682,989.0841286115158,0.4508838734870587,0.4508838734870587,0.44944571385277404,0.48931329468708973,20.072480259021802,20.072480259021802,19.99890216343561,19.002951621690766,0.9364326177606876,0.9364326177606876,0.9363096045800217,0.9354693254600365,1.0046065774845234,1.0046065774845234,1.0028520702166541,1.0492546653486496,0.9786666666666669,0.9786666666666669,0.9786206896551726,0.9794117647058826,45.0842342878731,45.0842342878731,44.8128953924454,44.67238282878488,158.80195105808818,0.1336138754719469,188.53225430662968,105.906124510553,4,2,114337.40476182352,30,0.8822330614338234
2046.07,2046.0,7.0,2045.0,10.0,289.0,41.74193548387097,0.6999999999999996,0.22499999999999987,587.0808651346276,610.9123603525392,-0.16999999999999996,538.2137894705872,58.0,11.0,11.0,11.0,136.0,227.0,0.438447418046456,311.213789470587,0.0,0.0,0.0,0.0,0.0,0.0,58.0,11.0,11.0,11.0,136.0,391.2137894705871,1.5483870967741935,205.47251728913136,192.83705475682515,192.5865615159249,,965.8693785873628,990.0,0.17520727350134369,0.03313075417508846,989.7916619723234,0.30806590810826284,0.27253402213540917,0.26258163426856496,,23.614217476852566,23.21965905944157,22.307435012597047,,0.9335483870967743,0.9281249999999999,0.93,,0.8218900691565253,0.7713482190273006,0.7703462460636997,,0.9738709677419354,0.9731250000000002,0.97,,43.32352246195799,39.61856353201492,38.01887886827685,,64.9982287645553,0.11786254076453148,114.05663660483056,36.855884303929926,3,1,48358.68220082911,31,0.36110127091419586
2046.08,2046.0,8.0,2045.0,11.0,320.0,46.12903225806452,0.6999999999999996,0.22499999999999987,376.47833759770947,391.45135180422096,-0.16999999999999996,344.86864093951885,54.0,9.0,8.0,6.0,107.0,184.0,0.5374239668005985,160.86864093951863,0.0,0.0,0.0,0.0,0.0,0.0,54.0,9.0,8.0,6.0,107.0,231.86864093951866,1.0,160.86864093951863,,,,965.0518196595284,990.0,0.11883356187238207,0.0061664137292657415,989.8750000243984,0.1892205754194095,,,,24.63395978945094,,,,0.9206451612903226,,,,0.6434745637580745,,,,0.9699999999999995,,,,34.74532412813125,,,,34.74532412813125,0.09986861875643643,45.99404539428897,24.21283370885035,1,1,25850.52115132964,31,0.193029578489618
2046.09,2046.0,9.0,2045.0,12.0,350.5,50.5,0.6999999999999996,0.2249999999999999,276.872612118425,285.9561963348295,-0.14000000000000007,257.9324890940162,44.0,6.666666666666667,5.333333333333333,3.6666666666666665,71.66666666666667,131.33333333333334,0.5104492125772478,126.59915576068293,0.0,0.0,0.0,0.0,0.0,0.0,44.0,6.666666666666667,5.333333333333333,3.6666666666666665,71.66666666666667,182.59915576068292,1.0,126.59915576068293,,,,964.7817841078567,990.0,0.10213607582750552,0.00265991557606829,989.8952040085968,0.11512591101862232,,,,24.99829398972079,,,,0.9059999999999998,,,,0.5063966230427317,,,,0.9670000000000002,,,,27.229475671981113,,,,27.229475671981113,0.10521912128788516,36.11915973172307,22.21553632552405,1,1,19605.22248382639,30,0.15127486484433944
2046.1,2046.0,10.0,2046.0,1.0,16.0,2.7419354838709675,0.6999999999999996,0.22499999999999987,197.2765265083318,204.6063796775992,-0.16000000000000006,181.6904651537081,36.16129032258065,4.967741935483871,3.3225806451612905,2.3225806451612905,45.903225806451616,92.6774193548387,0.5077817203515631,89.01304579886944,0.0,0.0,0.0,0.0,0.0,0.0,36.16129032258065,4.967741935483871,3.3225806451612905,2.3225806451612905,45.903225806451616,133.46465870209522,1.0,89.01304579886944,,,,964.4687056723498,990.0,0.08538567910298699,5.0389414227534294e-05,989.9145639314826,0.05616515861600284,,,,25.38969310051656,,,,0.8732258064516124,,,,0.35605218319547777,,,,0.9600000000000006,,,,18.603017726174777,,,,18.603017726174777,0.10287528943931729,23.423753884389612,15.4047011227917,1,1,13840.645188274035,31,0.10335009847874876
2046.11,2046.0,11.0,2046.0,2.0,46.5,7.066666666666666,0.6999999999999996,0.2249999999999999,259.8044200092317,271.9834131213684,-0.2000000000000001,233.9057352843768,33.666666666666664,4.666666666666667,2.6666666666666665,2.0,41.333333333333336,84.33333333333333,0.36150690674119235,149.5724019510435,0.0,0.0,0.0,0.0,0.0,0.0,33.666666666666664,4.666666666666667,2.6666666666666665,2.0,41.333333333333336,190.57240195104345,1.0,149.5724019510435,,,,964.696324099492,990.0,0.10485031423285886,0.0049716849745164585,989.8901780007926,0.16245819875291675,,,,25.03139570254775,,,,0.9150000000000004,,,,0.598289607804174,,,,0.9693333333333329,,,,32.60731741306783,,,,32.60731741306783,0.13907532734945235,45.120433177234055,22.493775043217937,1,1,23477.268537408836,30,0.18115176340593236
2046.12,2046.0,12.0,2046.0,3.0,77.0,11.419354838709678,0.6999999999999996,0.22499999999999987,511.45375106280346,531.8745498165111,-0.16999999999999996,468.58147838834634,41.41935483870968,6.709677419354839,5.032258064516129,3.3548387096774195,59.806451612903224,116.3225806451613,0.25290171465534594,352.25889774318495,0.0,0.0,0.0,0.0,0.0,0.0,41.41935483870968,6.709677419354839,5.032258064516129,3.3548387096774195,59.806451612903224,405.4201880657656,1.8709677419354838,190.3306698390773,185.91759500101253,,,965.569085481236,990.0,0.17673300091335917,0.04045177954863703,989.7828152195381,0.2614445512837622,0.24911019517595337,,,23.95228518701844,23.865617300670003,,,0.9303225806451616,0.9288888888888892,,,0.7613226793563093,0.7436703800040502,,,0.9719354838709676,0.9714814814814814,,,40.46186810998365,39.26242385736413,,,74.65817275994596,0.1586314384248206,96.56528307464666,45.383455248815146,2,1,55545.68053339978,31,0.41476762644414417
2047.01,2047.0,1.0,2046.0,4.0,108.0,15.870967741935484,0.7124999999999998,0.23709677419354827,880.0212996692708,919.2186294464611,-0.17999999999999997,801.3288402199526,46.0,7.0,6.0,4.0,76.0,139.0,0.17920483935451786,662.3288402199524,0.0,0.0,0.0,0.0,0.0,0.0,46.0,7.0,6.0,4.0,76.0,721.3288402199524,2.870967741935484,233.69486014255514,233.69486014255514,225.91987278377232,216.46589825348178,967.0021249483837,990.0,0.3477061577045261,0.139828719632903,989.5124651226623,0.3908901659117536,0.3908901659117536,0.3656291733376248,0.3318232194389658,22.11945000836703,22.11945000836703,21.73495945494222,21.0816615747096,0.9390322580645164,0.9390322580645164,0.9371428571428572,0.9383333333333331,0.9347794405702207,0.9347794405702207,0.9036794911350893,0.865863593013927,0.9780645161290326,0.9780645161290326,0.9771428571428574,0.9783333333333332,46.602644228182946,46.602644228182946,44.05729731330884,41.09618375036977,131.00465445900156,0.16335592839151547,168.36493685858815,95.95195298327737,4,2,97467.46291749715,31,0.727803635883342
2047.02,2047.0,2.0,2046.0,5.0,137.5,20.071428571428573,0.7125,0.23749999999999988,1561.1337754214826,1623.0091036915521,-0.16000000000000006,1437.986065870715,49.0,8.0,7.0,5.0,93.0,162.0,0.11832164423554872,1047.6083800575248,228.37768581319025,25.65303774653218,4.845685462990677,7.047513609527162,7.048694006579945,183.7827549875603,74.65303774653218,12.845685462990676,14.047513609527162,12.048694006579947,276.7827549875603,1149.154616876575,4.0,261.9020950143812,261.9020950143812,261.9020950143812,261.9020950143812,969.3497073898836,990.0,0.7799313706187087,0.421442647288299,988.7986259820931,0.48782052844396206,0.48782052844396206,0.48782052844396206,0.48782052844396206,18.96109806376537,18.96109806376537,18.96109806376537,18.96109806376537,0.9339039367969286,0.9339039367969286,0.9339039367969286,0.9339039367969286,1.0476083800575253,1.0476083800575253,1.0476083800575253,1.0476083800575253,0.9800000000000003,0.9800000000000003,0.9800000000000003,0.9800000000000003,44.403499540334046,44.403499540334046,44.403499540334046,44.403499540334046,177.61399816133618,0.13013217004368213,191.7199000687102,161.2813323333794,4,4,119356.6067644179,28,0.9867444342296453
2047.03,2047.0,3.0,2046.0,6.0,167.0,24.258064516129032,0.7124999999999998,0.23749999999999988,4608.9645005428965,5100.810424784124,-0.4100000000000001,3610.7361794440617,62.193548387096776,12.064516129032258,13.774193548387096,15.838709677419354,162.09677419354838,265.96774193548384,0.07885945453702779,1100.0,2244.7684375085773,37.806451612903224,5.935483870967742,11.225806451612904,58.53129457604296,2131.2694009970505,100.0,18.0,25.0,74.37000425346231,2293.3661751905993,1243.0,4.0,275.0,275.0,275.0,275.0,974.6958331365485,990.0,0.9219672131147545,0.4800000000000003,988.5980327868855,0.5349347800000003,0.5349347800000003,0.5349347800000003,0.5349347800000003,13.367264870336767,13.367264870336767,13.367264870336767,13.367264870336767,0.8807865011809638,0.8807865011809638,0.8807865011809638,0.8807865011809638,1.1000000000000005,1.1000000000000005,1.1000000000000005,1.1000000000000005,0.9800000000000003,0.9800000000000003,0.9800000000000003,0.9800000000000003,31.288556342112425,31.288556342112425,31.288556342112425,31.288556342112425,125.1542253684497,0.04058579406091358,172.38827710561625,103.3164685482667,4,4,93114.74367412656,31,0.6953012520469426
2047.04,2047.0,4.0,2046.0,7.0,197.5,28.666666666666668,0.7124999999999999,0.23749999999999988,4570.205619781424,4914.448995757476,-0.2899999999999999,3899.0009720090884,84.0,14.0,20.0,27.0,219.0,364.0,0.09539379518043262,1100.0,2435.0009720090875,15.999999999999995,4.000000000000002,5.000000000000001,53.0,2357.000972009087,100.0,18.0,25.0,80.0,2576.0009720090875,1243.0,4.0,275.0,275.0,275.0,275.0,975.3862196206964,990.0,0.9219672131147545,0.4800000000000003,988.5980327868855,0.5349347800000003,0.5349347800000003,0.5349347800000003,0.5349347800000003,12.676878386188754,12.676878386188754,12.676878386188754,12.676878386188754,0.8734933519892416,0.8734933519892416,0.8734933519892416,0.8734933519892416,1.1000000000000005,1.1000000000000005,1.1000000000000005,1.1000000000000005,0.9800000000000003,0.9800000000000003,0.9800000000000003,0.9800000000000003,29.33012286302882,29.33012286302882,29.33012286302882,29.33012286302882,117.32049145211528,0.03122625711346995,137.9034755175787,98.2144928566527,4,4,84470.753845523,30,0.651780508067307
2047.05,2047.0,5.0,2046.0,8.0,228.0,33.0,0.7124999999999998,0.23749999999999988,2650.0505721507534,2811.7536318163075,-0.24000000000000016,2330.943760775719,65.0,14.0,17.0,23.0,202.0,321.0,0.14082685991636187,1100.0,909.9437607757188,35.0,4.0,8.000000000000002,50.04301154045333,812.9007492352657,100.0,18.0,25.0,73.04301154045334,1014.9007492352657,1243.0,4.0,275.0,275.0,275.0,275.0,971.9831565938148,990.0,0.9219672131147545,0.4800000000000003,988.5980327868855,0.5349347800000003,0.5349347800000003,0.5349347800000003,0.5349347800000003,16.079941413070415,16.079941413070415,16.079941413070415,16.079941413070415,0.9194601471913548,0.9194601471913548,0.9194601471913548,0.9194601471913548,1.1000000000000005,1.1000000000000005,1.1000000000000005,1.1000000000000005,0.9800000000000003,0.9800000000000003,0.9800000000000003,0.9800000000000003,39.10633316418279,39.10633316418279,39.10633316418279,39.10633316418279,156.42533265673117,0.06927260306264549,171.11600408023432,135.41840304560102,4,4,116380.44749660796,31,0.8690296258707285
2047.06,2047.0,6.0,2046.0,9.0,258.5,37.333333333333336,0.7124999999999999,0.23749999999999988,1488.083856421043,1578.0316611039686,-0.24000000000000016,1308.18824705519,62.0,12.0,14.0,16.0,153.0,257.0,0.2068592356316099,944.391282797313,106.79696425787711,13.410352622825213,2.1891005076435897,3.679407650756808,6.648838241735541,80.86926523491599,75.41035262282522,14.18910050764359,17.679407650756804,22.64883824173554,233.86926523491596,1051.6701435785387,3.7,253.91547547084696,253.91547547084696,253.91547547084696,260.92122340681715,968.9125232763539,990.0,0.6758363564156691,0.3383505128534933,988.9858131307309,0.4602549883694774,0.4602549883694774,0.4602549883694774,0.48506139597867903,19.613034866007467,19.613034866007467,19.613034866007467,18.867736276491215,0.9356800266157356,0.9356800266157356,0.9356800266157356,0.9343047999272409,1.0156619018833877,1.0156619018833877,1.0156619018833877,1.0436848936272682,0.9790000000000002,0.9790000000000002,0.9790000000000002,0.9790476190476192,44.49934657199142,44.49934657199142,44.49934657199142,43.9943086443937,164.29405576704985,0.12906425788647705,188.4724284202444,116.75014151584463,4,3,118291.72015227593,30,0.9127447542613883
2047.07,2047.0,7.0,2046.0,10.0,289.0,41.74193548387097,0.7124999999999998,0.23749999999999988,657.8886779952007,686.1328411936191,-0.16999999999999996,603.0250008040418,58.0,11.0,11.0,11.0,136.0,227.0,0.3931068131832431,376.025000804042,0.0,0.0,0.0,0.0,0.0,0.0,58.0,11.0,11.0,11.0,136.0,456.025000804042,1.8387096774193548,211.42194885676915,194.8992773750459,201.96195709789905,,966.151422948615,990.0,0.20255318680657897,0.04850039740174532,989.7489464157917,0.32646341101768817,0.27638837365149094,0.28979149195492754,,23.27106005615924,23.01072768306034,22.137830002113674,,0.9348387096774193,0.9299999999999999,0.932,,0.8456877954270766,0.7795971095001837,0.8078478283915963,,0.9751612903225808,0.9728571428571429,0.9719999999999999,,44.099372866749945,39.7450570657618,39.72287991743548,,77.4303598979814,0.12580960901914862,130.1746660042117,46.5824127651326,3,1,57608.18776409816,31,0.4301686660998967
2047.08,2047.0,8.0,2046.0,11.0,320.0,46.12903225806452,0.7124999999999998,0.23749999999999988,403.3106348803018,420.2794163139787,-0.16999999999999996,369.3730720129481,54.0,9.0,8.0,6.0,107.0,184.0,0.5043855397372243,185.37307201294797,0.0,0.0,0.0,0.0,0.0,0.0,54.0,9.0,8.0,6.0,107.0,256.37307201294806,1.0,185.37307201294797,,,,965.1486853982768,990.0,0.1270223541621781,0.009686175731968264,989.8632914701057,0.255121661303324,,,,24.459484410525665,,,,0.9277419354838713,,,,0.7414922880517917,,,,0.9732258064516126,,,,40.20083829771643,,,,40.20083829771643,0.107421755113641,54.956258234501426,27.413078639357124,1,1,29909.42369350102,31,0.223337990542869
2047.09,2047.0,9.0,2046.0,12.0,350.5,50.5,0.7124999999999999,0.23749999999999988,285.16451745443544,295.058352728871,-0.14000000000000007,265.62628204416615,46.0,7.0,6.0,4.0,75.0,138.0,0.5230471141761125,127.62628204416613,0.0,0.0,0.0,0.0,0.0,0.0,46.0,7.0,6.0,4.0,75.0,186.62628204416612,1.0,127.62628204416613,,,,964.7990080045364,990.0,0.10350861827488729,0.0027745098334327487,989.8937168718917,0.11862657748923865,,,,24.976082289865584,,,,0.9043333333333333,,,,0.5105051281766646,,,,0.9663333333333336,,,,27.382150172449556,,,,27.382150172449556,0.10222945340058259,38.739346005627645,20.069158003222007,1,1,19715.148124163672,30,0.15212305651360858
2047.1,2047.0,10.0,2047.0,1.0,16.0,2.7419354838709675,0.7124999999999998,0.23749999999999988,224.1245908090916,232.93707514239864,-0.16000000000000006,206.38224857616527,41.0,6.0,4.0,3.0,56.0,110.0,0.5339773066943179,96.38224857616524,0.0,0.0,0.0,0.0,0.0,0.0,41.0,6.0,4.0,3.0,56.0,147.38224857616518,1.0,96.38224857616524,,,,964.569445517279,990.0,0.09013031201460184,0.00027662962929200167,989.9095930583558,0.06585673424589353,,,,25.27429080683099,,,,0.8799999999999997,,,,0.38552899430466103,,,,0.9606451612903232,,,,20.216551628784174,,,,20.216551628784174,0.09771215389264533,24.971332817121247,18.05295254708036,1,1,15041.11441181542,31,0.1123141757154676
2047.11,2047.0,11.0,2047.0,2.0,46.5,7.066666666666666,0.7124999999999999,0.23749999999999988,284.92579596754246,299.0562765906562,-0.2000000000000001,256.44075717648764,38.666666666666664,5.666666666666667,3.6666666666666665,2.6666666666666665,51.0,101.66666666666667,0.4035519195900893,154.77409050982095,0.0,0.0,0.0,0.0,0.0,0.0,38.666666666666664,5.666666666666667,3.6666666666666665,2.6666666666666665,51.0,202.77409050982098,1.0,154.77409050982095,,,,964.7950230680849,990.0,0.10894874147266372,0.005879155987593696,989.8851721025396,0.1796099337411574,,,,24.910539100713827,,,,0.9166666666666672,,,,0.6190963620392842,,,,0.9703333333333332,,,,33.72054830055219,,,,33.72054830055219,0.12973004671263064,51.742547166105034,23.001160493764157,1,1,24278.794776397575,30,0.18733637944751216
2047.12,2047.0,12.0,2047.0,3.0,77.0,11.419354838709678,0.7124999999999998,0.23749999999999988,460.6213328490668,480.099599589649,-0.16999999999999996,421.94753558935275,42.0,7.0,5.0,3.0,61.0,118.0,0.2834304429462776,303.9475355893527,0.0,0.0,0.0,0.0,0.0,0.0,42.0,7.0,5.0,3.0,61.0,357.9475355893527,1.6129032258064515,201.88700748275443,166.51980901602897,,,965.3635805185498,990.0,0.16083128488207282,0.03078950711787055,989.8083792079999,0.304828938206868,0.19960093751446822,,,24.1399697512436,24.106719342711664,,,0.9319354838709681,0.9221052631578948,,,0.8075480299310175,0.6660792360641158,,,0.9738709677419352,0.97,,,43.58100892422424,35.213227278833266,,,65.1633095144769,0.1539056778786418,85.41989567517635,52.72448846221607,2,1,48481.50227877081,31,0.3620183861915383
2048.01,2048.0,1.0,2047.0,4.0,108.0,15.870967741935484,0.7250000000000002,0.2495967741935484,773.7500199054407,810.1149703460883,-0.17999999999999997,704.3949667159238,46.0,7.0,6.0,4.0,76.0,139.0,0.20255517991574631,565.3949667159237,0.0,0.0,0.0,0.0,0.0,0.0,46.0,7.0,6.0,4.0,76.0,624.3949667159237,2.4838709677419355,228.87149143496814,228.87149143496814,222.48076661504075,,966.5944624652408,990.0,0.28133473695687056,0.09791659276260417,989.6207486702806,0.3746996140934366,0.3746996140934366,0.3535908827107285,,22.651586590946458,22.651586590946458,22.13856396636362,,0.938709677419355,0.938709677419355,0.9366666666666663,,0.9154859657398724,0.9154859657398724,0.889923066460163,,0.9770967741935485,0.9770967741935485,0.9766666666666669,,46.63490028586781,46.63490028586781,44.15294587290107,,114.63412921991356,0.16235520361073402,150.74598760496045,81.07558756545862,3,2,85287.79213961566,31,0.636856273443964
2048.02,2048.0,2.0,2047.0,5.0,138.0,20.137931034482758,0.7250000000000001,0.25,1624.6584360778443,1692.5453401741909,-0.16000000000000006,1496.2100807139848,49.0,8.0,7.0,5.0,93.0,162.0,0.1187637636464152,1015.1400301851585,319.0700505288262,25.55802296172141,4.892407295276505,7.900126941674522,9.847841065704513,270.87165226444927,74.5580229617214,12.892407295276504,14.900126941674522,14.847841065704516,363.8716522644493,1117.4905873838309,3.896551724137931,260.64805762410435,260.64805762410435,260.64805762410435,260.10307161817366,969.488166877185,990.0,0.7491197535939602,0.39365040421917114,988.8572298421872,0.4842078987074511,0.4842078987074511,0.4842078987074511,0.4825861711784248,18.88485506629461,18.88485506629461,18.88485506629461,18.61626739156193,0.9324686256096599,0.9324686256096599,0.9324686256096599,0.9315996208723133,1.0425922304964181,1.0425922304964181,1.0425922304964181,1.040412286472695,0.9793103448275865,0.9793103448275865,0.9793103448275865,0.9792307692307696,43.85681393169577,43.85681393169577,43.85681393169577,43.047680064936756,170.16491357744437,0.1246743671567174,191.69657541584442,151.3027602380476,4,3,118434.77984990127,29,0.945360630985802
2048.03,2048.0,3.0,2047.0,6.0,168.0,24.419354838709676,0.7250000000000002,0.25,4335.882268319842,4831.066594228238,-0.4100000000000001,3395.0320490938943,65.09677419354838,13.03225806451613,15.387096774193548,18.419354838709676,178.5483870967742,290.48387096774195,0.08660562006940602,1100.0,2004.5481781261517,34.903225806451616,4.967741935483871,9.612903225806452,59.48095946470572,1895.5833476937044,100.0,18.0,25.0,77.90031430341541,2074.1317347904787,1243.0,4.0,275.0,275.0,275.0,275.0,974.3894139105976,990.0,0.9219672131147545,0.4800000000000003,988.5980327868855,0.5349347800000003,0.5349347800000003,0.5349347800000003,0.5349347800000003,13.673684096287728,13.673684096287728,13.673684096287728,13.673684096287728,0.8899280392928176,0.8899280392928176,0.8899280392928176,0.8899280392928176,1.1000000000000005,1.1000000000000005,1.1000000000000005,1.1000000000000005,0.9800000000000003,0.9800000000000003,0.9800000000000003,0.9800000000000003,32.222579315554874,32.222579315554874,32.222579315554874,32.222579315554874,128.89031726221953,0.04010387798177229,162.06145933465802,115.72605361301176,4,4,95894.39604309134,31,0.716057318123442
2048.04,2048.0,4.0,2047.0,7.0,198.5,28.8,0.7250000000000001,0.25,4639.426627078771,5002.077225960939,-0.2899999999999999,3950.3904892026503,84.0,14.0,20.0,27.0,219.0,364.0,0.09266920976381524,1100.0,2486.390489202652,15.999999999999998,4.0,5.0,53.0,2408.390489202652,100.0,18.0,25.0,80.0,2627.3904892026517,1243.0,4.0,275.0,275.0,275.0,275.0,975.5190926663181,990.0,0.9219672131147545,0.4800000000000003,988.5980327868855,0.5349347800000003,0.5349347800000003,0.5349347800000003,0.5349347800000003,12.544005340566992,12.544005340566992,12.544005340566992,12.544005340566992,0.8722515079313307,0.8722515079313307,0.8722515079313307,0.8722515079313307,1.1000000000000005,1.1000000000000005,1.1000000000000005,1.1000000000000005,0.9800000000000003,0.9800000000000003,0.9800000000000003,0.9800000000000003,28.94243555161232,28.94243555161232,28.94243555161232,28.94243555161232,115.76974220644928,0.02959690362284638,124.56301073567171,106.5265729110627,4,4,83354.21438864346,30,0.6431652344802736
2048.05,2048.0,5.0,2047.0,8.0,229.0,33.12903225806452,0.7250000000000002,0.25,3824.4515130540867,4068.565439419242,-0.24000000000000016,3360.6350529602946,71.0,14.0,18.0,24.0,213.0,340.0,0.10378816628257866,1100.0,1920.6350529602933,29.0,3.9999999999999996,7.0,56.0,1824.6350529602933,100.0,18.0,25.0,80.0,2037.6350529602933,1243.0,4.0,275.0,275.0,275.0,275.0,974.3284361769499,990.0,0.9219672131147545,0.4800000000000003,988.5980327868855,0.5349347800000003,0.5349347800000003,0.5349347800000003,0.5349347800000003,13.734661829935574,13.734661829935574,13.734661829935574,13.734661829935574,0.8912443225986447,0.8912443225986447,0.8912443225986447,0.8912443225986447,1.1000000000000005,1.1000000000000005,1.1000000000000005,1.1000000000000005,0.9800000000000003,0.9800000000000003,0.9800000000000003,0.9800000000000003,32.410873293496,32.410873293496,32.410873293496,32.410873293496,129.643493173984,0.040198738002137885,151.12077106422282,106.4345276572487,4,4,96454.7589214441,31,0.7202416287443556
2048.06,2048.0,6.0,2047.0,9.0,259.5,37.5,0.7250000000000001,0.25,2130.938959953071,2266.956340375608,-0.24000000000000016,1872.5059371502516,67.0,13.0,15.0,17.0,181.0,293.0,0.16162813215363478,1096.1905498332949,483.3153873169575,27.91824384105919,4.294584625877156,8.263261185964998,28.042189707809822,414.7971079562464,94.9182438410592,17.294584625877157,23.263261185964996,45.04218970780981,595.7971079562465,1231.6666394861961,4.0,274.0476374583237,274.0476374583237,274.0476374583237,274.0476374583237,970.7200559686371,990.0,0.9018085233202204,0.4750477147832833,988.6231437618966,0.5313162329572836,0.5313162329572836,0.5313162329572836,0.5313162329572836,17.371771560302154,17.371771560302154,17.371771560302154,17.371771560302154,0.9280991634518112,0.9280991634518112,0.9280991634518112,0.9280991634518112,1.0961905498332951,1.0961905498332951,1.0961905498332951,1.0961905498332951,0.9800000000000003,0.9800000000000003,0.9800000000000003,0.9800000000000003,42.47461975519618,42.47461975519618,42.47461975519618,42.47461975519618,169.89847902078472,0.09470343626134375,186.53979633288898,152.38906451377287,4,4,122326.90489496499,30,0.9438804390043595
2048.07,2048.0,7.0,2047.0,10.0,290.0,41.87096774193548,0.7250000000000002,0.25,1011.450955935331,1056.3456458854632,-0.16999999999999996,926.1510450300797,63.0,12.0,13.0,13.0,155.0,256.0,0.2898949488125743,670.1510450300798,0.0,0.0,0.0,0.0,0.0,0.0,63.0,12.0,13.0,13.0,155.0,758.1510450300798,2.870967741935484,233.0067794572722,233.0067794572722,232.1875582635558,239.58730782175553,967.5001155275023,990.0,0.3895306437345327,0.158643871047387,989.4518254852181,0.3888995157565491,0.3888995157565491,0.38645672710989865,0.4092093057153451,21.56281044195893,21.56281044195893,20.89906516607874,20.00275487622412,0.9377419354838712,0.9377419354838712,0.9373684210526313,0.9387499999999998,0.9320271178290883,0.9320271178290883,0.9287502330542228,0.9583492312870221,0.9770967741935485,0.9770967741935485,0.9768421052631581,0.9787500000000001,45.06682053656005,45.06682053656005,43.45000707804401,43.10700372741,127.88867863125289,0.13703145699569283,185.10070222571892,80.31394619498901,4,2,95149.17690165214,31,0.710492659062516
2048.08,2048.0,8.0,2047.0,11.0,321.0,46.25806451612903,0.7250000000000002,0.25,532.4180944749896,556.0502292166994,-0.16999999999999996,487.5170384657412,58.0,10.0,10.0,7.0,117.0,202.0,0.42141907041214544,285.5170384657412,0.0,0.0,0.0,0.0,0.0,0.0,58.0,10.0,10.0,7.0,117.0,363.5170384657412,1.5161290322580645,197.99693421004147,169.5702019954183,,,965.6467228330399,990.0,0.16268093528382557,0.02713238509502935,989.8101866796212,0.286697563537658,0.2062763604813278,,,23.87676628304369,23.693475670304576,,,0.9322580645161294,0.924375,,,0.7919877368401658,0.678280807981673,,,0.9735483870967743,0.9700000000000002,,,42.22127472042158,35.33055062055196,,,60.456397621351634,0.1227982092846984,86.84446578354263,41.703519677856775,2,1,44979.55983028561,31,0.33586887567417567
2048.09,2048.0,9.0,2047.0,12.0,351.5,50.666666666666664,0.7250000000000001,0.25,354.5349904277885,367.39377246402944,-0.14000000000000007,330.1033045589307,48.0,8.0,7.0,4.0,79.0,146.0,0.44772835285445944,184.10330455893052,0.0,0.0,0.0,0.0,0.0,0.0,48.0,8.0,7.0,4.0,79.0,247.10330455893052,1.0,184.10330455893052,,,,965.0010104664228,990.0,0.12393121882252202,0.009337720766555592,989.866731060411,0.249358147969438,,,,24.616362446018417,,,,0.9280000000000003,,,,0.7364132182357224,,,,0.9726666666666665,,,,40.1744000928297,,,,40.1744000928297,0.12043386890754938,55.44120620502397,28.60761551999413,1,1,28925.568066837375,30,0.2231911116268316
2048.1,2048.0,10.0,2048.0,1.0,16.0,2.7419354838709675,0.7250000000000002,0.25,250.43867351503135,260.87361824482434,-0.16000000000000006,230.61227852842455,41.96774193548387,6.32258064516129,4.645161290322581,3.0,57.29032258064516,113.2258064516129,0.4931344644376679,117.3864720768118,0.0,0.0,0.0,0.0,0.0,0.0,41.96774193548387,6.32258064516129,4.645161290322581,3.0,57.29032258064516,170.32195594777946,1.0,117.3864720768118,,,,964.733029817762,990.0,0.09795066680037934,0.0017655548791307275,989.9002837783208,0.0991326312874352,,,,25.068121329271204,,,,0.8983870967741936,,,,0.4695458883072471,,,,0.9651612903225811,,,,25.08541442128573,,,,25.08541442128573,0.1081742835656962,33.22256344710694,20.19418543046028,1,1,18663.548329436584,31,0.1393634134515874
2048.11,2048.0,11.0,2048.0,2.0,46.5,7.066666666666666,0.7250000000000001,0.25,261.74675070799526,275.52289548210035,-0.2000000000000001,235.57207563719578,37.333333333333336,5.333333333333333,3.3333333333333335,2.3333333333333335,49.0,97.33333333333333,0.41995077635874317,138.23874230386238,0.0,0.0,0.0,0.0,0.0,0.0,37.333333333333336,5.333333333333333,3.3333333333333335,2.3333333333333335,49.0,184.23874230386244,1.0,138.23874230386238,,,,964.7442079359911,990.0,0.10269502578540762,0.003823874230386242,989.8934810999841,0.14152100308376908,,,,25.00775216090953,,,,0.9083333333333337,,,,0.5529549692154495,,,,0.9666666666666663,,,,29.88266054062043,,,,29.88266054062043,0.12518656614101203,41.26843851662579,21.380839883342567,1,1,21515.515589246712,30,0.16601478078122464
2048.12,2048.0,12.0,2048.0,3.0,77.0,11.419354838709678,0.7250000000000002,0.25,453.74408970720214,473.8841667960334,-0.16999999999999996,415.4779432384225,40.70967741935484,6.354838709677419,4.67741935483871,3.0,58.74193548387097,113.48387096774194,0.282225279716009,301.9940722706805,0.0,0.0,0.0,0.0,0.0,0.0,40.70967741935484,6.354838709677419,4.67741935483871,3.0,58.74193548387097,353.7360077545515,1.4838709677419355,211.6010734285685,186.81219760703144,,,965.3463154919918,990.0,0.15970222491361497,0.03040419163730857,989.8098935834493,0.32575121334625967,0.253975718379842,,,24.137826878111092,23.851970959422328,,,0.9358064516129034,0.9286666666666664,,,0.8464042937142737,0.7472487904281258,,,0.9754838709677418,0.9726666666666668,,,45.84935302426352,39.463842520042725,,,64.94476069525193,0.15497954841292785,99.79620216740012,43.33523902136261,2,1,48318.90195726745,31,0.36080422608473306
2049.01,2049.0,1.0,2048.0,4.0,108.0,15.870967741935484,0.7375000000000004,0.26250000000000007,1273.5917923107631,1336.7533899876812,-0.17999999999999997,1159.2993774668164,48.03225806451613,7.67741935483871,6.67741935483871,4.67741935483871,79.38709677419355,146.4516129032258,0.14289303165917294,857.6079916834503,155.23977288014026,17.82946908945002,3.4507625636495094,5.64262200774382,5.174659096004676,123.14226012329225,65.86172715396614,11.128181918488218,12.32004136258253,9.852078450843385,202.5293568974858,946.9179421184873,3.4516129032258065,246.0377600422031,246.0377600422031,245.94475188928627,261.47373921590315,968.313081152366,990.0,0.5845085955524487,0.2860400191528368,989.1294513852948,0.4344711516216939,0.4344711516216939,0.4347045143762374,0.4874387639521634,20.381899081307,20.381899081307,20.104367944391633,18.79473313328952,0.9343587806474283,0.9343587806474283,0.9337543642882241,0.9326542470629575,0.9841510401688128,0.9841510401688128,0.9837790075571455,1.0458949568636127,0.9780645161290324,0.9780645161290324,0.9778571428571432,0.9794117647058824,44.54280628632411,44.54280628632411,43.82514417485118,43.78508044945353,152.68078691253675,0.14150635231110695,190.2666438488812,97.02500217187101,4,2,113594.50546292732,31,0.8482265939585374
2049.02,2049.0,2.0,2048.0,5.0,137.5,20.071428571428573,0.7375000000000004,0.2625000000000001,2841.9828624137663,2966.579188323347,-0.16000000000000006,2616.5228441011923,55.0,10.0,10.0,8.0,114.0,197.0,0.07906708468008529,1100.0,1319.522844101192,45.0,8.0,15.0,50.02717133878611,1201.4956727624062,100.0,18.0,25.0,58.02717133878611,1315.4956727624062,1243.0,4.0,275.0,275.0,275.0,275.0,972.6399670855243,990.0,0.9219672131147545,0.4800000000000003,988.5980327868855,0.5349347800000003,0.5349347800000003,0.5349347800000003,0.5349347800000003,15.423130921360961,15.423130921360961,15.423130921360961,15.423130921360961,0.9117120392251126,0.9117120392251126,0.9117120392251126,0.9117120392251126,1.1000000000000005,1.1000000000000005,1.1000000000000005,1.1000000000000005,0.9800000000000003,0.9800000000000003,0.9800000000000003,0.9800000000000003,37.22901688772571,37.22901688772571,37.22901688772571,37.22901688772571,148.91606755090285,0.061133535058178166,169.96813629591432,125.78705681044764,4,4,100071.59739420669,28,0.8273114863939045
2049.03,2049.0,3.0,2048.0,6.0,167.0,24.258064516129032,0.7375000000000004,0.26250000000000007,3835.5047888321824,4298.086330110305,-0.4100000000000001,2998.4524760432005,68.0,14.0,17.0,21.0,195.0,315.0,0.1050691097665968,1100.0,1583.4524760432007,32.0,4.0,8.0,59.0,1480.452476043201,100.0,18.0,25.0,80.0,1675.4524760432007,1243.0,4.0,275.0,275.0,275.0,275.0,973.6126148019943,990.0,0.9219672131147545,0.4800000000000003,988.5980327868855,0.5349347800000003,0.5349347800000003,0.5349347800000003,0.5349347800000003,14.450483204890816,14.450483204890816,14.450483204890816,14.450483204890816,0.9032182202129041,0.9032182202129041,0.9032182202129041,0.9032182202129041,1.1000000000000005,1.1000000000000005,1.1000000000000005,1.1000000000000005,0.9800000000000003,0.9800000000000003,0.9800000000000003,0.9800000000000003,34.506872245599475,34.506872245599475,34.506872245599475,34.506872245599475,138.0274889823979,0.04604306222244287,139.0546951742656,136.0216455508515,4,4,102692.45180290403,31,0.7668193832355439
2049.04,2049.0,4.0,2048.0,7.0,197.5,28.666666666666668,0.7375000000000004,0.2625000000000001,4196.18723745693,4541.942619355355,-0.2899999999999999,3570.534641640731,84.0,14.0,20.0,27.0,219.0,364.0,0.1020478032726155,1100.0,2106.5346416407297,15.999999999999995,4.0,5.000000000000002,53.0,2028.5346416407297,100.0,18.0,25.0,80.0,2247.5346416407297,1243.0,4.0,275.0,275.0,275.0,275.0,974.8048770076149,990.0,0.9219672131147545,0.4800000000000003,988.5980327868855,0.5349347800000003,0.5349347800000003,0.5349347800000003,0.5349347800000003,13.258220999269982,13.258220999269982,13.258220999269982,13.258220999269982,0.8853443772462934,0.8853443772462934,0.8853443772462934,0.8853443772462934,1.1000000000000005,1.1000000000000005,1.1000000000000005,1.1000000000000005,0.9800000000000003,0.9800000000000003,0.9800000000000003,0.9800000000000003,31.035283879069837,31.035283879069837,31.035283879069837,31.035283879069837,124.14113551627935,0.034826414137684066,128.99141250785974,121.00804819936016,4,4,89381.61757172116,30,0.689672975090441
2049.05,2049.0,5.0,2048.0,8.0,228.0,33.0,0.7375000000000004,0.26250000000000007,3545.7173772760198,3784.116731351141,-0.24000000000000016,3114.3280699019897,71.0,14.0,18.0,24.0,213.0,340.0,0.11106593789416348,1100.0,1674.3280699019897,29.000000000000007,4.0,7.000000000000001,56.0,1578.3280699019901,100.0,18.0,25.0,80.0,1791.3280699019901,1243.0,4.0,275.0,275.0,275.0,275.0,973.8306097233979,990.0,0.9219672131147545,0.4800000000000003,988.5980327868855,0.5349347800000003,0.5349347800000003,0.5349347800000003,0.5349347800000003,14.23248828348732,14.23248828348732,14.23248828348732,14.23248828348732,0.8991578664504426,0.8991578664504426,0.8991578664504426,0.8991578664504426,1.1000000000000005,1.1000000000000005,1.1000000000000005,1.1000000000000005,0.9800000000000003,0.9800000000000003,0.9800000000000003,0.9800000000000003,33.85973045399565,33.85973045399565,33.85973045399565,33.85973045399565,135.4389218159826,0.044684407316741136,154.52172286624173,122.86286578837186,4,4,100766.5578310911,31,0.752438454533237
2049.06,2049.0,6.0,2048.0,9.0,258.5,37.333333333333336,0.7375000000000004,0.2625000000000001,1905.483673574497,2033.6005054156853,-0.24000000000000016,1673.653215957109,67.0,13.0,15.0,17.0,181.0,293.0,0.18458761243182648,1048.0335881096332,332.6196278474754,21.763008831507065,3.364838905398256,6.361671598477406,19.298749738590725,281.831358773502,88.76300883150705,16.364838905398255,21.361671598477404,36.29874973859072,462.8313587735019,1174.5231074450162,3.933333333333333,266.4276849324051,266.4276849324051,266.4276849324051,266.5184285490193,970.1002918998682,990.0,0.8228403663872006,0.42531778286806904,988.7518418507448,0.5040587365558007,0.5040587365558007,0.5040587365558007,0.504522567677845,18.14749121432057,18.14749121432057,18.14749121432057,17.96669027846855,0.9314438411307646,0.9314438411307646,0.9314438411307646,0.9308326869258191,1.0657107397296206,1.0657107397296206,1.0657107397296206,1.0660737141960774,0.9800000000000003,0.9800000000000003,0.9800000000000003,0.9800000000000003,43.15479403017146,43.15479403017146,43.15479403017146,42.69825499629881,169.31608675372658,0.10672584099383445,185.6131574376257,146.5639056632647,4,3,121907.58246268312,30,0.940644926409592
2049.07,2049.0,7.0,2048.0,10.0,289.0,41.74193548387097,0.7375000000000004,0.26250000000000007,875.0941952517779,915.9693264443573,-0.16999999999999996,801.1296721413961,63.0,12.0,13.0,13.0,155.0,256.0,0.3337940858399718,545.129672141396,0.0,0.0,0.0,0.0,0.0,0.0,63.0,12.0,13.0,13.0,155.0,633.1296721413962,2.5161290322580645,214.8674348255363,214.8674348255363,225.50569742128988,210.07955665098348,966.9964121505324,990.0,0.29546029077597236,0.0977156424342673,989.6068240667897,0.334578673428175,0.334578673428175,0.3641436488140585,0.3124326886217085,22.27583324282911,22.27583324282911,21.42128892596765,20.76633955903099,0.9338709677419356,0.9338709677419356,0.9364285714285712,0.935,0.8594697393021454,0.8594697393021454,0.9020227896851596,0.8403182266039341,0.9748387096774193,0.9748387096774193,0.975714285714286,0.97,42.62011577592544,42.62011577592544,43.25643099301978,38.81528725057366,107.27960601647749,0.13204474128108962,156.8695166265732,64.32660617823733,4,2,79816.02687625928,31,0.5959978112026529
2049.08,2049.0,8.0,2048.0,11.0,320.0,46.12903225806452,0.7375000000000004,0.26250000000000007,500.00656783715493,523.3615782673348,-0.16999999999999996,457.74512039206775,58.0,10.0,10.0,7.0,117.0,202.0,0.44652668635058645,255.74512039206763,0.0,0.0,0.0,0.0,0.0,0.0,58.0,10.0,10.0,7.0,117.0,333.74512039206775,1.3548387096774193,200.0166705944047,157.05290397523203,,,965.5162920256504,990.0,0.15279358241802987,0.02133197206425692,989.8258744455178,0.29397458429182044,0.17531228014655928,,,24.015607835575416,23.848980160196508,,,0.9322580645161292,0.9190909090909092,,,0.8000666823776187,0.628211615900928,,,0.9741935483870966,0.97,,,42.93162668790741,32.75532444162732,,,54.55448374783968,0.11827432858521912,73.42323128745124,39.02391600469127,2,1,40588.53590839272,31,0.303080465265776
2049.09,2049.0,9.0,2048.0,12.0,350.5,50.5,0.7375000000000004,0.2625000000000001,354.6548109995109,368.18563301272866,-0.14000000000000007,330.17046640416436,48.0,8.0,7.0,4.0,79.0,146.0,0.4456338627700596,184.1704664041644,0.0,0.0,0.0,0.0,0.0,0.0,48.0,8.0,7.0,4.0,79.0,247.17046640416444,1.0,184.1704664041644,,,,964.9983632081127,990.0,0.12398368514679112,0.009044779193308459,989.8669715356597,0.24607601350455488,,,,24.62253231404262,,,,0.9290000000000003,,,,0.7366818656166573,,,,0.972333333333333,,,,40.21446995812975,,,,40.21446995812975,0.1209930284713032,51.6928378233513,28.599747694138753,1,1,28954.418369853414,30,0.22341372198960968
2049.1,2049.0,10.0,2049.0,1.0,16.0,2.7419354838709675,0.7375000000000004,0.26250000000000007,274.3794424188733,286.4086037775295,-0.16000000000000006,252.61238853178105,42.935483870967744,6.645161290322581,5.290322580645161,3.0,58.58064516129032,116.45161290322581,0.46190053002978454,136.16077562855523,0.0,0.0,0.0,0.0,0.0,0.0,42.935483870967744,6.645161290322581,5.290322580645161,3.0,58.58064516129032,191.03174337049072,1.0,136.16077562855523,,,,964.7676194695125,990.0,0.10501082160357636,0.0036160775628555236,989.8913731008332,0.13220489537395727,,,,24.991548735947298,,,,0.9109677419354837,,,,0.5446431025142211,,,,0.9699999999999995,,,,29.505155639230427,,,,29.505155639230427,0.11658293595003957,33.21224453931104,24.547500627388715,1,1,21951.835795587434,31,0.1639175313290579
2049.11,2049.0,11.0,2049.0,2.0,46.5,7.066666666666666,0.7375000000000004,0.2625000000000001,297.4088773173865,313.8879971687458,-0.2000000000000001,267.5895175863557,40.0,6.0,4.0,3.0,53.0,106.0,0.40224307143793575,161.5895175863557,0.0,0.0,0.0,0.0,0.0,0.0,40.0,6.0,4.0,3.0,53.0,211.58951758635573,1.0,161.5895175863557,,,,964.8116236079763,990.0,0.1119804414428687,0.006331667855954231,989.8816878907013,0.19249134076281801,,,,24.877572941961677,,,,0.9210000000000002,,,,0.646358070345423,,,,0.9706666666666663,,,,35.31323323998967,,,,35.31323323998967,0.13049681762273152,50.857204197297705,24.318709557621304,1,1,25425.52793279256,30,0.1961846291110537
2049.12,2049.0,12.0,2049.0,3.0,77.0,11.419354838709678,0.7375000000000004,0.26250000000000007,504.35516438495017,527.9132951824677,-0.16999999999999996,461.7261657989658,42.0,7.0,5.0,3.0,61.0,118.0,0.26009899741694487,343.72616579896584,0.0,0.0,0.0,0.0,0.0,0.0,42.0,7.0,5.0,3.0,61.0,397.7261657989658,1.8064516129032258,196.7561460580712,182.24282447870925,,,965.5351612430701,990.0,0.1740419000808374,0.03874523315979316,989.7872128667594,0.28354482575275,0.23903669417414186,,,23.968506797936666,23.913410921073005,,,0.9322580645161294,0.9284000000000003,,,0.7870245842322848,0.7289712979148372,,,0.9729032258064514,0.9712,,,42.06280739664556,38.53886318017735,,,73.14253576775633,0.1576904942977776,94.01317943144728,52.694797843482704,2,1,54418.0466112107,31,0.40634742093197956
2050.01,2050.0,1.0,2049.0,4.0,108.0,15.870967741935484,0.75,0.27500000000000013,838.755537776956,882.4361260146829,-0.17999999999999997,763.3072490027008,46.0,7.0,6.0,4.0,76.0,139.0,0.18755559439835146,624.3072490027007,0.0,0.0,0.0,0.0,0.0,0.0,46.0,7.0,6.0,4.0,76.0,683.3072490027008,2.7419354838709675,229.82192026978223,229.82192026978223,223.69925143855252,210.193544528724,966.8443035756459,990.0,0.31951088768472147,0.12087389937775427,989.5596152129376,0.37778816912064933,0.37778816912064933,0.3580829357020422,0.31279742695625723,22.33752346817113,22.33752346817113,21.9450152490379,21.2421975621566,0.9387096774193551,0.9387096774193551,0.9369999999999997,0.9333333333333332,0.919287681079129,0.919287681079129,0.8947970057542103,0.840774178114896,0.9774193548387099,0.9774193548387099,0.9770000000000001,0.9733333333333333,46.217089988702725,46.217089988702725,44.04320005149778,39.793134259470406,124.7000962292882,0.16314753081892322,162.74499791902232,86.4942973890751,4,2,92776.87159459047,31,0.6927783123849348
2050.02,2050.0,2.0,2049.0,5.0,137.5,20.071428571428573,0.75,0.27500000000000013,1567.9043220358656,1640.0672824642952,-0.16000000000000006,1443.2592085685797,49.0,8.0,7.0,5.0,93.0,162.0,0.1165097443838525,1051.414485127633,229.84472344094638,30.889730116402628,5.966975096929097,9.029152656985763,7.093972945708221,176.86489262492069,79.88973011640262,13.966975096929096,16.02915265698576,12.093972945708218,269.8648926249206,1161.3003429979508,4.0,262.85362128190826,262.85362128190826,262.85362128190826,262.85362128190826,969.3867274872812,990.0,0.8016576398524294,0.42742897556921794,988.7709133845783,0.4918356723272434,0.4918356723272434,0.4918356723272434,0.4918356723272434,18.892350224969817,18.892350224969817,18.892350224969817,18.892350224969817,0.9338314816552872,0.9338314816552872,0.9338314816552872,0.9338314816552872,1.0514144851276337,1.0514144851276337,1.0514144851276337,1.0514144851276337,0.9792857142857146,0.9792857142857146,0.9792857142857146,0.9792857142857146,44.3526193061337,44.3526193061337,44.3526193061337,44.3526193061337,177.4104772245348,0.1273924330924014,191.64961398246118,160.28660436544368,4,4,119219.84069488732,28,0.985613762358526
2050.03,2050.0,3.0,2049.0,6.0,167.0,24.258064516129032,0.75,0.27500000000000013,2315.551691303424,2604.680209138881,-0.4100000000000001,1803.7410448286753,59.0,11.0,12.0,13.0,144.0,239.0,0.1338762946382894,1100.0,464.74104482867506,40.32643372405743,6.895196227393978,12.458820079743264,25.278801601559735,379.7817931959208,99.32643372405744,17.895196227393978,24.458820079743266,38.27880160155974,523.7817931959207,1241.6804500311946,4.0,275.0,275.0,275.0,275.0,970.5497629403023,990.0,0.9191544267623162,0.4800000000000003,988.600845573238,0.5349347800000003,0.5349347800000003,0.5349347800000003,0.5349347800000003,17.516147852935248,17.516147852935248,17.516147852935248,17.516147852935248,0.9289908796064728,0.9289908796064728,0.9289908796064728,0.9289908796064728,1.1000000000000005,1.1000000000000005,1.1000000000000005,1.1000000000000005,0.9800000000000003,0.9800000000000003,0.9800000000000003,0.9800000000000003,43.02368420804946,43.02368420804946,43.02368420804946,43.02368420804946,172.09473683219784,0.09673039440614006,185.08576812735404,162.69835847774362,4,4,128038.48420315517,31,0.9560818712899878
2050.04,2050.0,4.0,2049.0,7.0,197.5,28.666666666666668,0.75,0.27500000000000013,3169.238916773599,3447.5423810649067,-0.2899999999999999,2697.7019131832885,70.0,14.0,18.0,25.0,168.0,295.0,0.11032870175256498,1100.0,1302.7019131832892,30.000000000000004,4.0,7.0,55.0,1206.7019131832892,100.0,18.0,25.0,80.0,1374.701913183289,1243.0,4.0,275.0,275.0,275.0,275.0,972.9093543231214,990.0,0.9219672131147545,0.4800000000000003,988.5980327868855,0.5349347800000003,0.5349347800000003,0.5349347800000003,0.5349347800000003,15.15374368376386,15.15374368376386,15.15374368376386,15.15374368376386,0.9111965438867929,0.9111965438867929,0.9111965438867929,0.9111965438867929,1.1000000000000005,1.1000000000000005,1.1000000000000005,1.1000000000000005,0.9800000000000003,0.9800000000000003,0.9800000000000003,0.9800000000000003,36.51595438817649,36.51595438817649,36.51595438817649,36.51595438817649,146.06381755270596,0.05486841984829303,156.48173861621416,137.63650812121188,4,4,105165.94863794827,30,0.8114656530705885
2050.05,2050.0,5.0,2049.0,8.0,228.0,33.0,0.75,0.27500000000000013,2844.77454496877,3047.602695522458,-0.24000000000000016,2499.0342103284156,65.0,14.0,17.0,23.0,202.0,321.0,0.13135591956345433,1100.0,1078.0342103284147,35.0,4.000000000000001,8.0,53.438527228309056,977.595683100106,100.0,18.0,25.0,76.43852722830906,1179.595683100106,1243.0,4.0,275.0,275.0,275.0,275.0,972.4061742233044,990.0,0.9219672131147545,0.4800000000000003,988.5980327868855,0.5349347800000003,0.5349347800000003,0.5349347800000003,0.5349347800000003,15.656923783580726,15.656923783580726,15.656923783580726,15.656923783580726,0.9156473005978955,0.9156473005978955,0.9156473005978955,0.9156473005978955,1.1000000000000005,1.1000000000000005,1.1000000000000005,1.1000000000000005,0.9800000000000003,0.9800000000000003,0.9800000000000003,0.9800000000000003,37.9229075980806,37.9229075980806,37.9229075980806,37.9229075980806,151.6916303923224,0.06270741814476267,169.02369042689682,135.01189546872854,4,4,112858.57301188786,31,0.8427312799573466
2050.06,2050.0,6.0,2049.0,9.0,258.5,37.333333333333336,0.75,0.27500000000000013,1468.9195562548186,1572.719010979463,-0.24000000000000016,1289.6295890031604,62.0,12.0,14.0,16.0,153.0,257.0,0.21360627896260556,915.1488488218245,117.48074018133542,13.687978907417518,2.206699960568633,3.785994540909118,7.313976042417769,90.48609073002237,75.68797890741753,14.206699960568633,17.78599454090912,23.31397604241777,243.48609073002237,1022.8295222307198,3.6,252.37998091054246,252.37998091054246,252.00752909729022,263.3393824316198,968.8312174248325,990.0,0.651453866882835,0.3212892778639962,989.0272568552533,0.4555219599769455,0.4555219599769455,0.45433239116444446,0.4932822631051301,19.74051747044377,19.74051747044377,19.655155339939505,18.69297622764706,0.9352437300586688,0.9352437300586688,0.935079720750347,0.9335427316715816,1.0095199236421695,1.0095199236421695,1.0080301163891605,1.0533575297264792,0.9790000000000002,0.9790000000000002,0.9789655172413795,0.9794736842105265,44.45438637938288,44.45438637938288,44.16530682737204,43.99821758293616,159.46744049441824,0.1277660425529501,188.29037635956647,105.67538677539459,4,2,114816.55715598121,30,0.8859302249689908
2050.07,2050.0,7.0,2049.0,10.0,289.0,41.74193548387097,0.75,0.27500000000000013,615.0939951465875,645.855439031705,-0.16999999999999996,563.5088705551628,58.0,11.0,11.0,11.0,136.0,227.0,0.41568204366724315,336.5088705551626,0.0,0.0,0.0,0.0,0.0,0.0,58.0,11.0,11.0,11.0,136.0,416.5088705551627,1.6774193548387097,207.15796568597494,190.98293039949394,190.21944295493745,,965.9799827755288,990.0,0.18419877687767133,0.03816984879569808,989.7776313743267,0.315329947727475,0.2692461299404226,0.2561677888763456,,23.48231865107046,23.25419057943737,22.350704792154183,,0.9338709677419356,0.9284999999999999,0.93,,0.8286318627438998,0.7639317215979757,0.7608777718197498,,0.9748387096774195,0.9730000000000001,0.97,,43.511436253421515,39.28992049375833,37.62442038073485,,70.07346303586993,0.12219162496344763,112.87326114220451,44.115283299046965,3,1,52134.65649868723,31,0.3892970168659441
2050.08,2050.0,8.0,2049.0,11.0,320.0,46.12903225806452,0.75,0.27500000000000013,407.7087464442353,427.7039039540889,-0.16999999999999996,373.17165619994256,54.0,9.0,8.0,6.0,107.0,184.0,0.49745299367014945,189.1716561999426,0.0,0.0,0.0,0.0,0.0,0.0,54.0,9.0,8.0,6.0,107.0,260.1716561999426,1.0,189.1716561999426,,,,965.1618977819868,990.0,0.12831405400998044,0.009908997592131678,989.8617769483976,0.26181009952719797,,,,24.43806906688391,,,,0.9296774193548389,,,,0.7566866247997702,,,,0.9729032258064513,,,,41.04992097768151,,,,41.04992097768151,0.10900752294793194,52.69632321670343,27.566145182213678,1,1,30541.141207395038,31,0.22805511654267502
2050.09,2050.0,9.0,2049.0,12.0,350.5,50.5,0.75,0.27500000000000013,294.8346019227294,306.74227106023886,-0.14000000000000007,274.53433259891375,46.0,7.0,6.0,4.0,75.0,138.0,0.5066169647200456,136.53433259891378,0.0,0.0,0.0,0.0,0.0,0.0,46.0,7.0,6.0,4.0,75.0,195.53433259891375,1.0,136.53433259891378,,,,964.8225913426561,990.0,0.10654278560891747,0.0036534332598913795,989.8898037811309,0.1360464377548149,,,,24.93116600072036,,,,0.9096666666666664,,,,0.5461373303956553,,,,0.9676666666666667,,,,29.45022801134978,,,,29.45022801134978,0.10632151015521511,39.58963928191035,21.223610955547866,1,1,21204.164168171843,30,0.16361237784083213
2050.1,2050.0,10.0,2050.0,1.0,16.0,2.7419354838709675,0.75,0.27500000000000013,237.18143339277606,248.04914128414882,-0.16000000000000006,218.28324433005093,41.0,6.0,4.0,3.0,56.0,110.0,0.5047727743269326,108.28324433005089,0.0,0.0,0.0,0.0,0.0,0.0,41.0,6.0,4.0,3.0,56.0,159.2832443300509,1.0,108.28324433005089,,,,964.7139420677958,990.0,0.09418746965797183,0.0009187603167237523,989.9048937700253,0.08319940127304339,,,,25.107752300957067,,,,0.8919354838709675,,,,0.4331329773202038,,,,0.9645161290322586,,,,22.97045068723274,,,,22.97045068723274,0.10499764524923129,25.855574387874736,19.901961984621963,1,1,17090.015311301155,31,0.12761361492907075
2050.11,2050.0,11.0,2050.0,2.0,46.5,7.066666666666666,0.75,0.27500000000000013,288.96620108551184,305.69224573119203,-0.2000000000000001,259.8384088715131,40.0,6.0,4.0,3.0,53.0,106.0,0.4148963334409469,153.8384088715132,0.0,0.0,0.0,0.0,0.0,0.0,40.0,6.0,4.0,3.0,53.0,203.8384088715131,1.0,153.8384088715132,,,,964.7950280004455,990.0,0.10935825388004092,0.0053980117437715525,989.885243734376,0.1752437205692084,,,,24.914972013361368,,,,0.917,,,,0.6153536354860528,,,,0.9689999999999996,,,,33.487071742251786,,,,33.487071742251786,0.12720023170515518,44.10301601262631,19.94881128871257,1,1,24110.691654421287,30,0.1860392874569544
2050.12,2050.0,12.0,2050.0,3.0,77.0,11.419354838709678,0.75,0.27500000000000013,488.44434606068944,512.49974984866,-0.16999999999999996,447.156031742956,42.0,7.0,5.0,3.0,61.0,118.0,0.27751294790817876,329.1560317429559,0.0,0.0,0.0,0.0,0.0,0.0,42.0,7.0,5.0,3.0,61.0,383.156031742956,1.6129032258064515,209.10844753095537,195.8671110827379,,,965.4808605964678,990.0,0.1713467169370969,0.03640146647344464,989.7922518165896,0.32057912620416595,0.2836815650841856,,,23.990812093917544,23.728573537364984,,,0.9341935483870968,0.9294736842105261,,,0.8364337901238212,0.7834684443309514,,,0.9748387096774194,0.9736842105263159,,,44.867691916095815,41.2005640255114,,,70.119650512377,0.15458098148851054,112.5368854679615,42.94678173792131,2,1,52169.0199812085,31,0.3895536139576501
2051.01,2051.0,1.0,2050.0,4.0,108.0,15.870967741935484,0.7624999999999996,0.28709677419354823,1175.7416494559907,1239.7754043568839,-0.17999999999999997,1069.6162301089014,49.0,8.0,7.0,5.0,81.0,150.0,0.15485885382640033,819.5153399991066,100.10089010979513,10.699098855855823,2.0706889507914714,3.2211603994671596,3.3366963369931706,80.7732455666875,59.69909885585583,10.070688950791471,10.22116039946716,8.336696336993171,161.7732455666875,899.506288205221,3.3548387096774195,243.5957694005369,243.5957694005369,241.29681120667342,253.26622309658282,968.0008676527469,990.0,0.5204209385048337,0.24709835269593686,989.2324807087992,0.4251568205921386,0.4251568205921386,0.4174393129990591,0.45879330639434396,20.80645623546014,20.80645623546014,20.60748574985393,19.25556696024071,0.9370525432762795,0.9370525432762795,0.9360224586273093,0.9341877743974758,0.9743830776021478,0.9743830776021478,0.965187244826694,1.0130648923863312,0.9783870967741938,0.9783870967741938,0.978214285714286,0.9785714285714288,45.32883554489872,45.32883554489872,44.327895588918985,43.41649951876376,150.30322172697237,0.14877443865617673,193.0166328363284,106.26111793467258,4,2,111825.59696486747,31,0.83501789848318
2051.02,2051.0,2.0,2050.0,5.0,137.5,20.071428571428573,0.7624999999999996,0.2874999999999998,3083.1426414759553,3232.310780882566,-0.16000000000000006,2837.9688656148937,55.0,10.0,10.0,8.0,114.0,197.0,0.0706768348999416,1100.0,1540.9688656148942,45.0,8.0,15.0,60.34933347433019,1412.6195321405642,100.0,18.0,25.0,68.3493334743302,1526.6195321405642,1243.0,4.0,275.0,275.0,275.0,275.0,973.2177406384551,990.0,0.9219672131147545,0.4800000000000003,988.5980327868855,0.5349347800000003,0.5349347800000003,0.5349347800000003,0.5349347800000003,14.845357368430271,14.845357368430271,14.845357368430271,14.845357368430271,0.9070896012206328,0.9070896012206328,0.9070896012206328,0.9070896012206328,1.1000000000000005,1.1000000000000005,1.1000000000000005,1.1000000000000005,0.9800000000000003,0.9800000000000003,0.9800000000000003,0.9800000000000003,35.62330042306911,35.62330042306911,35.62330042306911,35.62330042306911,142.49320169227644,0.051608135826688585,164.08433985809305,131.7953832491443,4,4,95755.43153720978,28,0.7916288982904247
2051.03,2051.0,3.0,2050.0,6.0,167.0,24.258064516129032,0.7624999999999996,0.2874999999999998,3394.059835874473,3837.8728760117024,-0.4100000000000001,2638.057868148544,64.80645161290323,12.935483870967742,15.225806451612904,18.161290322580644,176.90322580645162,288.03225806451616,0.10880784984720207,1100.0,1250.0256100840272,35.193548387096776,5.064516129032258,9.774193548387096,59.65566449928251,1140.3376875202289,100.0,18.0,25.0,77.81695482186315,1317.2409133266804,1243.0,4.0,275.0,275.0,275.0,275.0,972.7788685799479,990.0,0.9219672131147545,0.4800000000000003,988.5980327868855,0.5349347800000003,0.5349347800000003,0.5349347800000003,0.5349347800000003,15.284229426937399,15.284229426937399,15.284229426937399,15.284229426937399,0.9129605089261069,0.9129605089261069,0.9129605089261069,0.9129605089261069,1.1000000000000005,1.1000000000000005,1.1000000000000005,1.1000000000000005,0.9800000000000003,0.9800000000000003,0.9800000000000003,0.9800000000000003,36.894684456905956,36.894684456905956,36.894684456905956,36.894684456905956,147.5787378276238,0.056206023673942555,153.78443363771774,142.74016512245126,4,4,109798.58094375212,31,0.8198818768201324
2051.04,2051.0,4.0,2050.0,7.0,197.5,28.666666666666668,0.7624999999999996,0.2874999999999998,3034.200969576486,3314.534936479959,-0.2899999999999999,2581.6083986508283,70.0,14.0,18.0,25.0,168.0,295.0,0.1142948243310194,1100.0,1186.6083986508283,30.0,4.000000000000001,7.0,55.0,1090.6083986508283,100.0,18.0,25.0,80.0,1258.6083986508283,1243.0,4.0,275.0,275.0,275.0,275.0,972.6485681988828,990.0,0.9219672131147545,0.4800000000000003,988.5980327868855,0.5349347800000003,0.5349347800000003,0.5349347800000003,0.5349347800000003,15.41452980800252,15.41452980800252,15.41452980800252,15.41452980800252,0.9144964613578929,0.9144964613578929,0.9144964613578929,0.9144964613578929,1.1000000000000005,1.1000000000000005,1.1000000000000005,1.1000000000000005,0.9800000000000003,0.9800000000000003,0.9800000000000003,0.9800000000000003,37.26857845232313,37.26857845232313,37.26857845232313,37.26857845232313,149.07431380929253,0.05776335747051102,150.8431338328124,145.88520941355134,4,4,107333.5059426906,30,0.8281906322738471
2051.05,2051.0,5.0,2050.0,8.0,228.0,33.0,0.7624999999999996,0.2874999999999998,2317.2900953079,2490.630602130034,-0.24000000000000016,2034.8452019402375,61.45161290322581,13.64516129032258,15.580645161290322,20.870967741935484,193.48387096774192,305.03225806451616,0.1528413856291378,1100.0,629.812943875721,35.73797728246429,4.234995211255838,8.568738356938587,39.02735701876921,542.243876006293,97.18959018569008,17.88015650157842,24.14938351822891,59.8983247607047,735.7277469740353,1239.2191302054975,4.0,275.0,275.0,275.0,275.0,971.1835188276988,990.0,0.9143161846694864,0.4800000000000003,988.6056838153307,0.5349347800000003,0.5349347800000003,0.5349347800000003,0.5349347800000003,16.88723020763204,16.88723020763204,16.88723020763204,16.88723020763204,0.9249144053450021,0.9249144053450021,0.9249144053450021,0.9249144053450021,1.1000000000000005,1.1000000000000005,1.1000000000000005,1.1000000000000005,0.9800000000000003,0.9800000000000003,0.9800000000000003,0.9800000000000003,41.308096739281694,41.308096739281694,41.308096739281694,41.308096739281694,165.23238695712678,0.08463017955305,185.23147058918502,148.02172113555616,4,4,122932.89589610232,31,0.917957705317371
2051.06,2051.0,6.0,2050.0,9.0,258.5,37.333333333333336,0.7624999999999996,0.2874999999999998,1033.9006395975496,1110.5270027900638,-0.24000000000000016,907.3005612794822,53.0,12.0,12.0,13.0,120.0,210.0,0.24584359284036136,693.7492061964381,3.551355083044215,0.8962943781016351,0.20293457617395513,0.20293457617395513,0.2198457908551181,2.0293457617395516,53.896294378101636,12.202934576173956,12.202934576173956,13.219845790855118,122.02934576173955,772.0513697268876,2.933333333333333,234.5691812668788,234.5691812668788,235.68099817928038,253.08816828685087,967.4167760166267,990.0,0.40702941419641336,0.17807389585965158,989.4148966899437,0.3944467058832438,0.3944467058832438,0.39848278607181925,0.4570554673563396,21.603673967434126,21.603673967434126,20.982802887843697,19.757408725437248,0.9371332157166006,0.9371332157166006,0.9361998235749003,0.9367495589372512,0.9382767250675149,0.9382767250675149,0.9427239927171215,1.0123526731474033,0.977,0.977,0.977,0.9787500000000001,45.34310356910875,45.34310356910875,44.1544357216507,44.840161505701296,132.0798740208383,0.14524419701729488,190.11156801378812,79.59187319512931,4,2,95097.50929500355,30,0.7337770778935458
2051.07,2051.0,7.0,2050.0,10.0,289.0,41.74193548387097,0.7624999999999996,0.2874999999999998,507.20358916965114,533.7491860489608,-0.16999999999999996,464.56194780736416,50.0,10.0,9.0,9.0,108.0,186.0,0.40918666163250517,278.5619478073642,0.0,0.0,0.0,0.0,0.0,0.0,50.0,10.0,9.0,9.0,108.0,347.56194780736416,1.5161290322580645,191.68260608151152,168.3287245938397,,,965.5479540424478,990.0,0.15738219668879255,0.025851859168280783,989.816765944143,0.26774398414693484,0.20390433452621892,,,24.001067917548163,23.78204305649861,,,0.9293548387096776,0.9225,,,0.7667304243260463,0.6733148983753587,,,0.9725806451612902,0.9706250000000002,,,40.89618909161344,35.15292973129326,,,59.039636694861585,0.1255279369410496,89.92101984528227,40.95298983849768,2,1,43925.489700977014,31,0.3279979816381199
2051.08,2051.0,8.0,2050.0,11.0,320.0,46.12903225806452,0.7624999999999996,0.2874999999999998,358.0304591968209,376.42839710534463,-0.16999999999999996,327.6338661305643,51.74193548387097,8.67741935483871,7.354838709677419,5.67741935483871,101.19354838709677,174.6451612903226,0.5396709327148442,152.98870484024175,0.0,0.0,0.0,0.0,0.0,0.0,51.74193548387097,8.67741935483871,7.354838709677419,5.67741935483871,101.19354838709677,220.76289838862886,1.0,152.98870484024175,,,,964.9889021409368,990.0,0.11505512945627286,0.00558215466073066,989.8793627158831,0.17669977218759708,,,,24.71376080275834,,,,0.9161290322580642,,,,0.6119548193609671,,,,0.9703225806451611,,,,33.074728744768805,,,,33.074728744768805,0.09941279932839212,48.46352245641549,19.788579972979164,1,1,24607.59818610799,31,0.18374849302649335
2051.09,2051.0,9.0,2050.0,12.0,350.5,50.5,0.7624999999999996,0.2874999999999998,266.94778596299903,278.23922955661817,-0.14000000000000007,248.53719180144927,42.0,6.333333333333333,4.666666666666667,3.3333333333333335,68.33333333333333,124.66666666666667,0.5022305438682211,123.87052513478262,0.0,0.0,0.0,0.0,0.0,0.0,42.0,6.333333333333333,4.666666666666667,3.3333333333333335,68.33333333333333,176.87052513478258,1.0,123.87052513478262,,,,964.7609594984781,990.0,0.10018313356867588,0.00238705251347826,989.8974298139179,0.10951833862312067,,,,25.026951976816708,,,,0.9039999999999998,,,,0.49548210053913044,,,,0.9676666666666667,,,,26.63121478432116,,,,26.63121478432116,0.10695037605917648,32.41052256997211,20.921451680237613,1,1,19174.474644711234,30,0.14795119324622866
2051.1,2051.0,10.0,2051.0,1.0,16.0,2.7419354838709675,0.7624999999999996,0.2874999999999998,210.2410049124749,220.33137594719355,-0.16000000000000006,193.45094808163586,37.0,5.0,3.0,2.0,50.0,97.0,0.5035430900808906,96.45094808163591,0.0,0.0,0.0,0.0,0.0,0.0,37.0,5.0,3.0,2.0,50.0,141.4509480816359,1.0,96.45094808163591,,,,964.5288832896804,990.0,0.08810827775510317,0.00044562511712952,989.9114460971277,0.0665206720121022,,,,25.31604213543465,,,,0.8803225806451616,,,,0.3858037923265441,,,,0.9619354838709683,,,,20.31364798534809,,,,20.31364798534809,0.10447866419712729,25.08103862636835,17.192525398266547,1,1,15113.354101098976,31,0.11285359991860047
2051.11,2051.0,11.0,2051.0,2.0,46.5,7.066666666666666,0.7624999999999996,0.2874999999999998,245.43061079654052,260.3144384741593,-0.2000000000000001,220.61648660684995,36.0,5.0,3.0,2.0,47.0,93.0,0.4262041436272395,127.61648660684995,0.0,0.0,0.0,0.0,0.0,0.0,36.0,5.0,3.0,2.0,47.0,171.61648660684995,1.0,127.61648660684995,,,,964.6870953356996,990.0,0.09839198407051704,0.0028025840391943213,989.8988054318902,0.11896904920582614,,,,25.0927410469847,,,,0.9033333333333338,,,,0.5104659464274001,,,,0.9656666666666663,,,,27.476560617230916,,,,27.476560617230916,0.12334876516959505,39.20559853045609,19.65317297247936,1,1,19783.12364440626,30,0.1526475589846162
2051.12,2051.0,12.0,2051.0,3.0,77.0,11.419354838709678,0.7624999999999996,0.2874999999999998,528.9711120947313,556.2538726864224,-0.16999999999999996,484.1494644394447,40.70967741935484,6.354838709677419,4.67741935483871,3.0,58.74193548387097,113.48387096774194,0.24977083593479452,370.6655934717029,0.0,0.0,0.0,0.0,0.0,0.0,40.70967741935484,6.354838709677419,4.67741935483871,3.0,58.74193548387097,422.4075289555738,1.935483870967742,195.46846304914467,185.50649870517222,195.7910148350343,,965.6419603691373,990.0,0.1903338869353276,0.04785405084696296,989.7618120622175,0.28347511967466593,0.25632259898295606,0.2716056915323709,,23.836376573405957,23.65304923575566,22.729200776495226,,0.9303225806451613,0.9270833333333331,0.93,,0.7818738521965786,0.7420259948206885,0.7831640593401372,,0.9732258064516127,0.9720833333333333,0.97,,41.40928244017871,38.69693979878455,39.37717685100174,,77.71936113133474,0.1585095454727486,122.34892104024576,42.821560327283024,3,1,57823.204681713076,31,0.4317742285074154
2052.01,2052.0,1.0,2051.0,4.0,108.0,15.870967741935484,0.7749999999999997,0.29959677419354835,798.4803492869263,843.9109204200738,-0.17999999999999997,726.1853470214736,46.96774193548387,7.32258064516129,6.32258064516129,4.32258064516129,77.61290322580645,142.5483870967742,0.1979588467603139,583.6369599246995,0.0,0.0,0.0,0.0,0.0,0.0,46.96774193548387,7.32258064516129,6.32258064516129,4.32258064516129,77.61290322580645,644.249863150506,2.5806451612903225,231.31887222277714,231.31887222277714,208.38753776963867,,966.6933659807189,990.0,0.29049955060084887,0.1020068919038704,989.6074935574952,0.3855521719807782,0.3855521719807782,0.31031431463878917,,22.52857540479556,22.52857540479556,22.39056918707316,,0.9383870967741935,0.9383870967741935,0.9333333333333331,,0.925275488891109,0.925275488891109,0.8335501510785548,,0.9761290322580645,0.9761290322580645,0.9733333333333335,,46.903634907162825,46.903634907162825,41.54540438850563,,117.93040784636116,0.16230480121057914,145.9035901534759,106.60508164307508,3,2,87740.22343769271,31,0.6551689324797842
2052.02,2052.0,2.0,2051.0,5.0,138.0,20.137931034482758,0.7749999999999998,0.3,1405.405344760237,1476.4955819518589,-0.16000000000000006,1293.4101297898283,49.0,8.0,7.0,5.0,93.0,162.0,0.13061629318559292,999.3617411825873,132.04838860724087,20.538975436695825,3.8149488397701834,5.143617963504774,4.075567549606199,98.47527881766388,69.53897543669582,11.814948839770182,12.143617963504772,9.0755675496062,191.47527881766388,1092.859283422558,3.896551724137931,256.6510309656696,256.6510309656696,256.6510309656696,255.8788769339146,968.8691926384613,990.0,0.7119803039717184,0.37636860956483625,988.9116510864635,0.46978206889101626,0.46978206889101626,0.46978206889101626,0.4673359368198971,19.572676379111332,19.572676379111332,19.572676379111332,19.378863735530125,0.9354049331773228,0.9354049331773228,0.9354049331773228,0.9348747331593217,1.0266041238626789,1.0266041238626789,1.0266041238626789,1.023515507735659,0.9793103448275865,0.9793103448275865,0.9793103448275865,0.9792307692307696,44.94428536038667,44.94428536038667,44.94428536038667,44.29544527740336,174.5460139160734,0.13957805122777797,191.60223173495254,147.77612978703354,4,3,121484.02568558705,29,0.9697000773115186
2052.03,2052.0,3.0,2051.0,6.0,168.0,24.419354838709676,0.7749999999999997,0.30000000000000004,2362.7670822383147,2694.1471861326295,-0.4100000000000001,1838.0819177389862,55.45161290322581,10.290322580645162,10.935483870967742,11.580645161290322,130.8709677419355,219.1290322580645,0.12361488933412997,1100.0,518.9528854809217,44.54838709677419,7.709677419354839,13.762990858460746,26.5753636879349,426.3564664183971,100.0,18.0,24.69847472942849,38.15600884922523,557.2274341603327,1242.6984747294284,4.0,275.0,275.0,275.0,275.0,970.6325973968969,990.0,0.9211763271591571,0.4800000000000003,988.598823672841,0.5349347800000003,0.5349347800000003,0.5349347800000003,0.5349347800000003,17.431291495943903,17.431291495943903,17.431291495943903,17.431291495943903,0.9281089598188873,0.9281089598188873,0.9281089598188873,0.9281089598188873,1.1000000000000005,1.1000000000000005,1.1000000000000005,1.1000000000000005,0.9800000000000003,0.9800000000000003,0.9800000000000003,0.9800000000000003,42.78088350187161,42.78088350187161,42.78088350187161,42.78088350187161,171.12353400748643,0.09576073648263639,181.03742613155444,150.69276162388294,4,4,127315.90930156989,31,0.9506863000415912
2052.04,2052.0,4.0,2051.0,7.0,198.5,28.8,0.7749999999999998,0.3,3451.002916819876,3779.8498541291087,-0.2899999999999999,2930.328599413591,70.0,14.0,18.0,25.0,168.0,295.0,0.1007225702360633,1100.0,1535.3285994135913,30.0,4.0,7.0,55.0,1439.3285994135913,100.0,18.0,25.0,80.0,1607.3285994135913,1243.0,4.0,275.0,275.0,275.0,275.0,973.4602854067954,990.0,0.9219672131147545,0.4800000000000003,988.5980327868855,0.5349347800000003,0.5349347800000003,0.5349347800000003,0.5349347800000003,14.60281260008988,14.60281260008988,14.60281260008988,14.60281260008988,0.9051628028586698,0.9051628028586698,0.9051628028586698,0.9051628028586698,1.1000000000000005,1.1000000000000005,1.1000000000000005,1.1000000000000005,0.9800000000000003,0.9800000000000003,0.9800000000000003,0.9800000000000003,34.94621299939997,34.94621299939997,34.94621299939997,34.94621299939997,139.78485199759987,0.0477402540268501,142.46556414198062,137.0796328740958,4,4,100645.09343827188,30,0.7765825110977769
2052.05,2052.0,5.0,2051.0,8.0,229.0,33.12903225806452,0.7749999999999997,0.30000000000000004,3224.809467797456,3475.0102023679474,-0.24000000000000016,2828.658304727509,67.12903225806451,14.0,17.35483870967742,23.35483870967742,205.90322580645162,327.741935483871,0.11676280143689269,1100.0,1400.916369243639,32.87096774193548,4.0,7.645161290322581,56.645161290322584,1299.7550789210584,100.0,18.0,25.0,80.0,1505.6583047275096,1243.0,4.0,275.0,275.0,275.0,275.0,973.2197438693912,990.0,0.9219672131147545,0.4800000000000003,988.5980327868855,0.5349347800000003,0.5349347800000003,0.5349347800000003,0.5349347800000003,14.843354137494376,14.843354137494376,14.843354137494376,14.843354137494376,0.9078067882328003,0.9078067882328003,0.9078067882328003,0.9078067882328003,1.1000000000000005,1.1000000000000005,1.1000000000000005,1.1000000000000005,0.9800000000000003,0.9800000000000003,0.9800000000000003,0.9800000000000003,35.63198801152861,35.63198801152861,35.63198801152861,35.63198801152861,142.52795204611445,0.05083429489327276,153.7828842337758,136.9691107167989,4,4,106040.79632230914,31,0.7918219558117469
2052.06,2052.0,6.0,2051.0,9.0,259.5,37.5,0.7749999999999998,0.3,2076.2891778431704,2237.380579572382,-0.24000000000000016,1821.227791771919,67.0,13.0,15.0,17.0,181.0,293.0,0.1660267474879978,1090.8561782338118,437.3716135381075,27.216873689098414,4.192233704976501,8.014472835747222,25.376510000504535,372.57152330778075,94.21687368909842,17.192233704976502,23.01447283574722,42.37651000050453,553.5715233077808,1225.279758463634,4.0,272.71404455845294,272.71404455845294,272.71404455845294,272.71404455845294,970.572286472589,990.0,0.8921670322137879,0.4684859255550005,988.6393470422313,0.5264326013051184,0.5264326013051184,0.5264326013051184,0.5264326013051184,17.540627968336803,17.540627968336803,17.540627968336803,17.540627968336803,0.9290912927516816,0.9290912927516816,0.9290912927516816,0.9290912927516816,1.090856178233812,1.090856178233812,1.090856178233812,1.090856178233812,0.9800000000000003,0.9800000000000003,0.9800000000000003,0.9800000000000003,42.69599570908535,42.69599570908535,42.69599570908535,42.69599570908535,170.7839828363415,0.0975908466119016,186.28911867254783,155.43478540263598,4,4,122964.46764216582,30,0.9487999046463412
2052.07,2052.0,7.0,2051.0,10.0,290.0,41.87096774193548,0.7749999999999997,0.30000000000000004,961.3393895800308,1013.0025179979251,-0.16999999999999996,879.5394362516984,63.0,12.0,13.0,13.0,155.0,256.0,0.30865092750697387,623.5394362516986,0.0,0.0,0.0,0.0,0.0,0.0,63.0,12.0,13.0,13.0,155.0,711.5394362516985,2.774193548387097,222.2862964154516,222.2862964154516,231.24658403364742,230.96860249609298,967.3093641420512,990.0,0.35561687303543327,0.13729352055732508,989.5070896064072,0.3560181078708922,0.3560181078708922,0.3815903397842802,0.37982101060582457,21.841707356485088,21.841707356485088,20.96042013017897,20.233865841688463,0.9358064516129034,0.9358064516129034,0.9376470588235291,0.9385714285714284,0.8891451856618062,0.8891451856618062,0.9249863361345899,0.923874409984372,0.9758064516129031,0.9758064516129031,0.977058823529412,0.9771428571428571,43.340953312225814,43.340953312225814,43.50195465911703,41.98503502311847,120.01830902338128,0.1345699717569336,181.8615699653056,65.47120479432284,4,2,89293.62191339568,31,0.6667683834632294
2052.08,2052.0,8.0,2051.0,11.0,321.0,46.25806451612903,0.7749999999999997,0.30000000000000004,483.63955441947263,509.6307212007088,-0.16999999999999996,442.48687368251547,58.0,10.0,10.0,7.0,117.0,202.0,0.4637512235507313,240.48687368251547,0.0,0.0,0.0,0.0,0.0,0.0,58.0,10.0,10.0,7.0,117.0,318.4868736825155,1.3225806451612903,190.48612439223345,155.00232279987424,,,965.4516482441497,990.0,0.14772626801264352,0.018756979227896625,989.8335167527596,0.2661202587830941,0.17105062103437205,,,24.115748249826698,23.873542999681234,,,0.9296774193548388,0.9179999999999999,,,0.7619444975689338,0.6200092911994969,,,0.9732258064516126,0.97,,,40.88010232585977,32.32250258798536,,,51.30671606391957,0.11462288145822433,73.35813702252396,33.875859054487165,2,1,38172.19675155614,31,0.2850373114662197
2052.09,2052.0,9.0,2051.0,12.0,351.5,50.666666666666664,0.7749999999999998,0.3,330.9062175206261,345.4135882261233,-0.14000000000000007,307.93621390358896,46.0,7.0,6.0,4.0,75.0,138.0,0.45200407265033515,169.93621390358888,0.0,0.0,0.0,0.0,0.0,0.0,46.0,7.0,6.0,4.0,75.0,228.93621390358888,1.0,169.93621390358888,,,,964.9226690502426,990.0,0.11784678116832273,0.007232333194225549,989.8749208856375,0.21021428284712998,,,,24.74203755254741,,,,0.9236666666666669,,,,0.6797448556143553,,,,0.971333333333333,,,,37.04459009429693,,,,37.04459009429693,0.11938425036044856,48.74840823787472,28.2179377541687,1,1,26672.104867893777,30,0.20580327830164952
2052.1,2052.0,10.0,2052.0,1.0,16.0,2.7419354838709675,0.7749999999999997,0.30000000000000004,251.9591956400525,264.66302063030736,-0.16000000000000006,231.84480607214917,41.0,6.0,4.0,3.0,56.0,110.0,0.4760469595932999,121.8448060721492,0.0,0.0,0.0,0.0,0.0,0.0,41.0,6.0,4.0,3.0,56.0,172.84480607214917,1.0,121.8448060721492,,,,964.730354476632,990.0,0.09881072934277813,0.0021844806072149224,989.8990047900504,0.1061942568810349,,,,25.06245605653692,,,,0.9025806451612901,,,,0.48737922428859676,,,,0.967741935483871,,,,26.189559269576492,,,,26.189559269576492,0.11256615439821512,33.9221118349663,22.314668229348825,1,1,19485.03209656491,31,0.14549755149764718
2052.11,2052.0,11.0,2052.0,2.0,46.5,7.066666666666666,0.7749999999999998,0.3,266.33168217510763,283.3315767820294,-0.2000000000000001,239.4151823808148,38.666666666666664,5.666666666666667,3.6666666666666665,2.6666666666666665,51.0,101.66666666666667,0.4287611776751558,137.74851571414817,0.0,0.0,0.0,0.0,0.0,0.0,38.666666666666664,5.666666666666667,3.6666666666666665,2.6666666666666665,51.0,185.74851571414817,1.0,137.74851571414817,,,,964.7441282280058,990.0,0.10320972126618683,0.003774851571414815,989.893015427162,0.13821145362253542,,,,25.010675745534098,,,,0.9106666666666671,,,,0.5509940628565926,,,,0.9689999999999996,,,,29.868690359182512,,,,29.868690359182512,0.12377815933030153,39.18852506922415,23.36226745974036,1,1,21505.457058611417,30,0.16593716866212513
2052.12,2052.0,12.0,2052.0,3.0,77.0,11.419354838709678,0.7749999999999997,0.30000000000000004,389.28023398704124,410.2004573098433,-0.16999999999999996,356.1565470592713,39.29032258064516,5.645161290322581,4.32258064516129,3.0,56.25806451612903,108.51612903225806,0.31009459705208076,247.64041802701325,0.0,0.0,0.0,0.0,0.0,0.0,39.29032258064516,5.645161290322581,4.32258064516129,3.0,56.25806451612903,296.8984825431422,1.3225806451612903,197.30749188538203,156.03207103905686,,,965.0997453990184,990.0,0.14055135206689706,0.019688478297925978,989.8397601696352,0.28333242166722405,0.1726757874890214,,,24.456682348949535,24.298918218699754,,,0.9325806451612907,0.9189999999999999,,,0.7892299675415282,0.6241282841562273,,,0.9741935483870965,0.97,,,43.12113588407401,33.15364827632839,,,53.81586113450251,0.15023689527548972,70.00805624526946,38.544397501459095,2,1,40039.00068406987,31,0.2989770063027917
2053.01,2053.0,1.0,2052.0,4.0,108.0,15.870967741935484,0.7875000000000003,0.3125,601.6530813144747,637.5131987438141,-0.17999999999999997,547.1457028218786,44.38709677419355,6.67741935483871,5.354838709677419,3.6774193548387095,72.7741935483871,132.8709677419355,0.2455011933604843,414.27473507994307,0.0,0.0,0.0,0.0,0.0,0.0,44.38709677419355,6.67741935483871,5.354838709677419,3.6774193548387095,72.7741935483871,470.6940899186526,2.0,207.13736753997148,207.13736753997148,,,965.9088734579983,990.0,0.2025848018506139,0.05345855855472293,989.7439566395946,0.3116207788339437,0.3116207788339437,,,23.523462402762355,23.523462402762355,,,0.9338709677419358,0.9338709677419358,,,0.828549470159886,0.828549470159886,,,0.9735483870967743,0.9735483870967743,,,43.39603229349465,43.39603229349465,,,86.7920645869893,0.15823108020029095,110.09447704079442,65.68653120023009,2,2,64573.29605272002,31,0.48217813659438485
2053.02,2053.0,2.0,2052.0,5.0,137.5,20.071428571428573,0.7875000000000002,0.3125,863.1990627994608,908.6305924204851,-0.16000000000000006,794.1431377755036,45.142857142857146,7.357142857142857,5.714285714285714,4.357142857142857,83.35714285714286,145.92857142857142,0.18676420607703662,648.2145663469325,0.0,0.0,0.0,0.0,0.0,0.0,45.142857142857146,7.357142857142857,5.714285714285714,4.357142857142857,83.35714285714286,706.4288520612182,2.857142857142857,228.58555657236727,228.58555657236727,222.88402873589746,,966.9818499965261,990.0,0.3291001505191299,0.12628791229106479,989.5446119371899,0.3753314605794625,0.3753314605794625,0.3564372898369068,,22.187430480084284,22.187430480084284,22.111375602071664,,0.9382142857142861,0.9382142857142861,0.9366666666666669,,0.9143422262894693,0.9143422262894693,0.8915361149435901,,0.9767857142857146,0.9767857142857146,0.9762500000000002,,45.57725255752213,45.57725255752213,44.139263697822834,,128.98815971317813,0.162100834337845,154.8369512648145,105.84469937152576,3,2,86680.04332725571,28,0.7166008872954341
2053.03,2053.0,3.0,2052.0,6.0,167.0,24.258064516129032,0.7875000000000003,0.3125,1149.2536789819505,1318.1404203377213,-0.4100000000000001,892.5458321211795,46.16129032258065,8.64516129032258,8.290322580645162,7.935483870967742,92.80645161290323,163.83870967741936,0.18545709548675382,728.70712244376,0.0,0.0,0.0,0.0,0.0,0.0,46.16129032258065,8.64516129032258,8.290322580645162,7.935483870967742,92.80645161290323,791.8038966373084,3.161290322580645,231.41222651533894,231.41222651533894,231.41222651533894,213.71674596600778,967.392575579451,990.0,0.38689169243433985,0.1600339322668129,989.4530743752986,0.38125536911872954,0.38125536911872954,0.38125536911872954,0.3234391988125186,21.679243426729123,21.679243426729123,21.679243426729123,21.194098735281255,0.9393548387096777,0.9393548387096777,0.9393548387096777,0.938,0.9256489060613556,0.9256489060613556,0.9256489060613556,0.8548669838640311,0.9783870967741938,0.9783870967741938,0.9783870967741938,0.974,45.22237625626902,45.22237625626902,45.22237625626902,40.59698318675247,142.21502928279935,0.15910405690765336,166.43933471366933,123.4441457706728,4,3,105807.98178640274,31,0.7900834960155522
2053.04,2053.0,4.0,2052.0,7.0,197.5,28.666666666666668,0.7875000000000002,0.3125,1332.9435249994567,1465.7798213052442,-0.2899999999999999,1131.032354614659,45.0,11.0,10.0,10.0,72.0,148.0,0.13088139168493898,983.0323546146592,0.0,0.0,0.0,0.0,0.0,0.0,45.0,11.0,10.0,10.0,72.0,1049.0323546146592,4.0,245.7580886536648,245.7580886536648,245.7580886536648,245.7580886536648,968.3251684097662,990.0,0.6237991804828414,0.3369509133657066,989.0392499061517,0.42750117623959055,0.42750117623959055,0.42750117623959055,0.42750117623959055,20.28658032014557,20.28658032014557,20.28658032014557,20.28658032014557,0.9400000000000003,0.9400000000000003,0.9400000000000003,0.9400000000000003,0.9830323546146591,0.9830323546146591,0.9830323546146591,0.9830323546146591,0.9800000000000003,0.9800000000000003,0.9800000000000003,0.9800000000000003,45.050517031494316,45.050517031494316,45.050517031494316,45.050517031494316,180.20206812597726,0.15933295388504604,182.89766236477985,175.76787065035077,4,4,129745.48905070357,30,1.0011226006998732
2053.05,2053.0,5.0,2052.0,8.0,228.0,33.0,0.7875000000000003,0.3125,1414.1868341622655,1528.850631526774,-0.24000000000000016,1239.8978621682134,49.83870967741935,11.064516129032258,11.064516129032258,12.483870967741936,137.3548387096774,221.80645161290323,0.17892020749971493,1018.0914105553106,0.0,0.0,0.0,0.0,0.0,0.0,49.83870967741935,11.064516129032258,11.064516129032258,12.483870967741936,137.3548387096774,1090.0591524907943,4.0,254.52285263882766,254.52285263882766,254.52285263882766,254.52285263882766,968.7229684130235,990.0,0.683741156993383,0.37998646270663844,988.9362723803001,0.4594712256801976,0.4594712256801976,0.4594712256801976,0.4594712256801976,19.753832741596522,19.753832741596522,19.753832741596522,19.753832741596522,0.9400000000000004,0.9400000000000004,0.9400000000000004,0.9400000000000004,1.01809141055531,1.01809141055531,1.01809141055531,1.01809141055531,0.9800000000000003,0.9800000000000003,0.9800000000000003,0.9800000000000003,45.40852389027523,45.40852389027523,45.40852389027523,45.40852389027523,181.6340955611009,0.1465363986145073,190.47517632577058,167.40011068310181,4,4,135135.76709745906,31,1.0090783086727826
2053.06,2053.0,6.0,2052.0,9.0,258.5,37.333333333333336,0.7875000000000002,0.3125,1045.1644414455538,1129.907504265463,-0.24000000000000016,916.3549859592906,53.0,12.0,12.0,13.0,120.0,210.0,0.23936903429024847,706.3549859592906,0.0,0.0,0.0,0.0,0.0,0.0,53.0,12.0,12.0,13.0,120.0,783.3549859592906,3.066666666666667,230.783059101505,230.783059101505,231.27215134178485,225.56787031691528,967.4676690064683,990.0,0.3983048173751909,0.16725253496082548,989.434442647664,0.3803305493294714,0.3803305493294714,0.38153647212687275,0.36116191818837634,21.586443091866386,21.586443091866386,21.114398386011985,20.56201116310625,0.9380000000000002,0.9380000000000002,0.9377272727272725,0.9379999999999997,0.9231322364060203,0.9231322364060203,0.9250886053671394,0.9022714812676611,0.9773333333333334,0.9773333333333334,0.9777272727272728,0.9780000000000003,44.76294315664248,44.76294315664248,43.8926103592116,41.71708551475736,135.6194957482926,0.1472201421245539,176.53484385588814,79.49210376592767,4,2,97646.03693877067,30,0.75344164304607
2053.07,2053.0,7.0,2052.0,10.0,289.0,41.74193548387097,0.7875000000000003,0.3125,497.71588995196146,525.6405438436558,-0.16999999999999996,455.2704160365864,50.0,10.0,9.0,9.0,108.0,186.0,0.4173884754903089,269.27041603658625,0.0,0.0,0.0,0.0,0.0,0.0,50.0,10.0,9.0,9.0,108.0,338.2704160365864,1.4193548387096775,198.02592421581744,169.8907112649101,,,965.5077496635165,990.0,0.1542964481302316,0.024045275538353107,989.8216582763313,0.285534977948681,0.20715954671459758,,,24.028373634866266,23.763269598519422,,,0.9312903225806453,0.9230769230769231,,,0.7921036968632699,0.6795628450596405,,,0.9732258064516127,0.9700000000000001,,,42.41374030793618,35.44950463674622,,,57.27966160721685,0.12426204862048221,86.56962471595808,38.81689360617121,2,1,42616.06823576934,31,0.3182203422623158
2053.08,2053.0,8.0,2052.0,11.0,320.0,46.12903225806452,0.7875000000000003,0.3125,332.7717802184704,351.44214412511695,-0.16999999999999996,304.3928270803672,47.0,8.0,6.0,5.0,89.0,155.0,0.5145899663087167,149.39282708036706,0.0,0.0,0.0,0.0,0.0,0.0,47.0,8.0,6.0,5.0,89.0,210.39282708036714,1.0,149.39282708036706,,,,964.9126252188329,990.0,0.11157285254942018,0.004952989966769129,989.8834741574838,0.16479881330449717,,,,24.806050125346466,,,,0.9145161290322578,,,,0.5975713083214684,,,,0.9683870967741934,,,,32.25592273189946,,,,32.25592273189946,0.10471111496245733,44.689590972021,21.915510985940752,1,1,23998.406512533198,31,0.1791995707327748
2053.09,2053.0,9.0,2052.0,12.0,350.5,50.5,0.7875000000000002,0.3125,239.9111755577928,250.88750385128657,-0.14000000000000007,223.22715655168219,40.0,6.0,4.0,3.0,65.0,118.0,0.5323995642886955,105.22715655168219,0.0,0.0,0.0,0.0,0.0,0.0,40.0,6.0,4.0,3.0,65.0,155.22715655168219,1.0,105.22715655168219,,,,964.6942226230577,990.0,0.09280471246080071,0.0010266673556189457,989.9061686201832,0.08060873083517765,,,,25.131337266290707,,,,0.887,,,,0.4209086262067289,,,,0.9630000000000005,,,,22.23189067083233,,,,22.23189067083233,0.09863536076328396,31.225862744440413,15.729760562308257,1,1,16006.961282999273,30,0.12351050372684624
