YearWeek,WaterYear,WaterWeek,Flow,Exceedance,Flow_max,Flow_min,Year,Volume,Date,Flow_difference,Flow_difference_abs,Flow_difference_pct,Flow_difference_abs_pct,IsPeak,Yearly_max,IsMax,IsMin
1924.01,1924,1,111.40747964374859,0.9990000000000003,111.40747964374857,111.40747964374857,1924,0.06737924368853915,1924-10-01,,,,,False,3452.248381930785,,True
1924.02,1924,2,111.40747964374859,0.9990000000000003,111.40747964374857,111.40747964374857,1924,0.06737924368853915,1924-10-08,0.0,0.0,0.0,0.0,False,3452.248381930785,,
1924.03,1924,3,112.9528763426066,0.9990000000000003,122.22525653575472,111.40747964374857,1924,0.06831389961200848,1924-10-15,1.5453966988580135,1.5453966988580135,0.013681782606142268,0.013681782606142268,False,3452.248381930785,,
1924.04,1924,4,125.65624642342378,0.9980000000000001,126.7731428469428,124.48609694083387,1924,0.07599689783688672,1924-10-22,12.70337008081718,12.70337008081718,0.10109620844482844,0.10109620844482844,False,3452.248381930785,,
1924.05,1924,5,129.60180009794993,0.9975714285714286,137.6377747142742,125.96209705883899,1924,0.07838316869924011,1924-10-29,3.9455536745261526,3.9455536745261526,0.030443664143122995,0.030443664143122995,False,3452.248381930785,,
1924.06,1924,6,140.38064405001836,0.9967142857142858,145.35095688735188,138.74204462110077,1924,0.08490221352145111,1924-11-05,10.778843952068428,10.778843952068428,0.07678297834442097,0.07678297834442097,False,3452.248381930785,,
1924.07,1924,7,144.35231201302096,0.9960000000000002,145.35095688735188,143.60332835727277,1924,0.08730427830547509,1924-11-12,3.971667963002602,3.971667963002602,0.027513712164474007,0.027513712164474007,False,3452.248381930785,,
1924.08,1924,8,165.3832012770849,0.9900000000000001,175.04384955453037,156.79744636197438,1924,0.10002376013238094,1924-11-19,21.030889264063944,21.030889264063944,0.1271646037908563,0.1271646037908563,False,3452.248381930785,,
1924.09,1924,9,189.34760764235457,0.9751428571428572,193.27466035303507,179.82651022652541,1924,0.11451743310209604,1924-11-26,23.964406365269667,23.964406365269667,0.1265630269305243,0.1265630269305243,False,3452.248381930785,,
1924.1,1924,10,230.71455552061343,0.9051428571428569,249.7991800258312,199.0925590239552,1924,0.139536163178867,1924-12-03,41.366947878258856,41.366947878258856,0.17929925480823372,0.17929925480823372,False,3452.248381930785,,
1924.11,1924,11,265.22159896279226,0.8472857142857142,271.2725109404546,249.7991800258312,1924,0.16040602305269674,1924-12-10,34.507043442178826,34.507043442178826,0.13010646032271223,0.13010646032271223,False,3452.248381930785,,
1924.12,1924,12,280.89563866939346,0.8168571428571428,283.6079686159883,273.7644374568714,1924,0.16988568226724915,1924-12-17,15.674039706601206,15.674039706601206,0.0558002245276906,0.0558002245276906,False,3452.248381930785,,
1924.13,1924,13,325.99536902104666,0.7478571428571428,377.11676084070143,283.6079686159883,1924,0.19716199918392904,1924-12-24,45.09973035165319,45.09973035165319,0.13834469638966404,0.13834469638966404,False,3452.248381930785,,
1924.14,1924,14,501.7851566968623,0.5564285714285714,562.8280752081156,417.85777193562865,1924,0.30347966277026234,1924-12-31,175.78978767581566,175.78978767581566,0.3503287917741527,0.3503287917741527,False,3452.248381930785,,
1924.15,1924,15,542.6438220154807,0.5211428571428571,583.0034913422678,512.1178199937132,1925,0.3281909835549627,1925-01-07,40.85866531861842,40.85866531861842,0.07529555052679249,0.07529555052679249,False,3452.248381930785,,
1924.16,1924,16,606.3337059221445,0.47985714285714287,630.1125986840717,589.2318351168824,1925,0.36671062534171306,1925-01-14,63.689883906663795,63.689883906663795,0.10504097543084931,0.10504097543084931,False,3452.248381930785,,
1924.17,1924,17,837.8716043009517,0.39042857142857146,1132.2744617454025,615.6277736669467,1925,0.5067447462812157,1925-01-21,231.5378983788072,231.5378983788072,0.2763405481105695,0.2763405481105695,False,3452.248381930785,,
1924.18,1924,18,1134.9363205120178,0.2911428571428571,1216.5619918456675,1089.4560494851628,1925,0.6864094866456684,1925-01-28,297.06471621106607,297.06471621106607,0.26174571281413184,0.26174571281413184,False,3452.248381930785,,
1924.19,1924,19,1147.0040876894893,0.28657142857142853,1182.7486219934508,1127.726717014242,1925,0.6937080722346032,1925-02-04,12.067767177471524,12.067767177471524,0.010521119590585491,0.010521119590585491,False,3452.248381930785,,
1924.2,1924,20,1146.1164165031319,0.2862857142857143,1172.2200796855432,1132.2744617454025,1925,0.6931712087010942,1925-02-11,-0.8876711863574656,0.8876711863574656,-0.0007745035090464913,0.0007745035090464913,False,3452.248381930785,,
1924.21,1924,21,1185.2980702215107,0.2775714285714286,1231.9889272331854,1132.2744617454025,1925,0.7168682728699697,1925-02-18,39.18165371837881,39.18165371837881,0.033056371812919996,0.033056371812919996,False,3452.248381930785,,
1924.22,1924,22,1402.1954105460866,0.24414285714285716,1436.9972565708524,1355.589210120566,1925,0.8480477842982731,1925-02-25,216.8973403245759,216.8973403245759,0.15468410372282204,0.15468410372282204,False,3452.248381930785,,
1924.23,1924,23,1395.0504221592205,0.24585714285714286,1431.7953534582748,1383.5781363808978,1925,0.8437264953218965,1925-03-04,-7.144988386866089,7.144988386866089,-0.005121670352106179,0.005121670352106179,False,3452.248381930785,,
1924.24,1924,24,1463.5686992795559,0.23514285714285713,1528.006983766956,1436.9972565708524,1925,0.8851663493242752,1925-03-11,68.51827712033537,68.51827712033537,0.04681589402264725,0.04681589402264725,False,3452.248381930785,,
1924.25,1924,25,1888.5946395553499,0.18757142857142858,2395.739198274402,1559.6365373841436,1925,1.1422220380030759,1925-03-18,425.025940275794,425.025940275794,0.2250487909760572,0.2250487909760572,False,3452.248381930785,,
1924.26,1924,26,3184.641346782248,0.076,3452.248381930785,2680.6729909616597,1925,1.926071086533904,1925-03-25,1296.0467072268982,1296.0467072268982,0.40696787050649197,0.40696787050649197,False,3452.248381930785,,
1924.27,1924,27,3343.24008511623,0.0662857142857143,3441.0052160059477,3210.822806441037,1925,2.0219916034782957,1925-04-01,158.59873833398206,158.59873833398206,0.047438632672552515,0.047438632672552515,True,3452.248381930785,True,
1924.28,1924,28,3070.4133163734286,0.08114285714285716,3169.0574299794807,3004.2640135053875,1925,1.8569859737426497,1925-04-08,-272.8267687428015,272.8267687428015,-0.08885669147144223,0.08885669147144223,False,3452.248381930785,,
1924.29,1924,29,3108.789881374225,0.07914285714285715,3313.0406406455268,3004.2640135053875,1925,1.8801961202551312,1925-04-15,38.37656500079629,38.37656500079629,0.012344534839978353,0.012344534839978353,False,3452.248381930785,,
1924.3,1924,30,3277.4079815232535,0.06985714285714287,3405.101513165422,3169.0574299794807,1925,1.9821763472252636,1925-04-22,168.61810014902858,168.61810014902858,0.05144861460630827,0.05144861460630827,True,3452.248381930785,,
1924.31,1924,31,2946.7668076762834,0.09071428571428572,3210.822806441037,2742.499149867776,1925,1.782204565282616,1925-04-29,-330.6411738469701,330.6411738469701,-0.11220472993847182,0.11220472993847182,False,3452.248381930785,,
1924.32,1924,32,2531.5202872713353,0.12214285714285714,2716.0232486595064,2335.160165612593,1925,1.5310634697417036,1925-05-06,-415.2465204049481,415.2465204049481,-0.16403049285950314,0.16403049285950314,False,3452.248381930785,,
1924.33,1924,33,2175.0885820732624,0.15771428571428572,2293.9632006513275,2041.65817572948,1925,1.3154935744379093,1925-05-13,-356.4317051980729,356.4317051980729,-0.1638699720718167,0.1638699720718167,False,3452.248381930785,,
1924.34,1924,34,1881.1022445567107,0.18799999999999997,2004.1930578689712,1751.5174261192885,1925,1.1376906375078988,1925-05-20,-293.98633751655166,293.98633751655166,-0.15628408204139416,0.15628408204139416,False,3452.248381930785,,
1924.35,1924,35,1618.323254031575,0.21585714285714283,1726.1698191997614,1528.8393753592509,1925,0.9787619040382968,1925-05-27,-262.77899052513567,262.77899052513567,-0.1623773185428185,0.1623773185428185,False,3452.248381930785,,
1924.36,1924,36,1414.2836890044694,0.2427142857142857,1511.0711996298642,1327.7083044595875,1925,0.855358775109903,1925-06-03,-204.0395650271057,204.0395650271057,-0.14427060611208173,0.14427060611208173,False,3452.248381930785,,
1924.37,1924,37,1190.8103417453935,0.2772857142857143,1291.2130338573666,1127.726717014242,1925,0.7202020946876141,1925-06-10,-223.4733472590758,223.4733472590758,-0.18766493657716027,0.18766493657716027,False,3452.248381930785,,
1924.38,1924,38,1076.2759281988233,0.30942857142857144,1125.7884692412713,1027.8009259147987,1925,0.6509316813746483,1925-06-17,-114.53441354657025,114.53441354657025,-0.10641733271712828,0.10641733271712828,False,3452.248381930785,,
1924.39,1924,39,928.4774281030508,0.3535714285714286,1022.7291742398579,834.6935677067364,1925,0.561543148516725,1925-06-24,-147.7985000957725,147.7985000957725,-0.15918372985947107,0.15918372985947107,False,3452.248381930785,,
1924.4,1924,40,727.8217129694524,0.4262857142857143,819.2739407352476,636.9257883620418,1925,0.4401865720039248,1925-07-01,-200.6557151335984,200.6557151335984,-0.2756934996002519,0.2756934996002519,False,3452.248381930785,,
1924.41,1924,41,566.9919613230121,0.5057142857142857,618.6506296297572,516.7730027239134,1925,0.34291673820815777,1925-07-08,-160.8297516464403,160.8297516464403,-0.2836543771646464,0.2836543771646464,False,3452.248381930785,,
1924.42,1924,42,460.33612113271425,0.5852857142857142,494.68108319071365,426.6328809909446,1925,0.2784112860610656,1925-07-15,-106.65584019029785,106.65584019029785,-0.23169122581095286,0.23169122581095286,False,3452.248381930785,,
1924.43,1924,43,396.86449247009256,0.6572857142857143,420.28892993659525,373.01012538244936,1925,0.24002364504591198,1925-07-22,-63.4716286626217,63.4716286626217,-0.1599327474916514,0.1599327474916514,False,3452.248381930785,,
1924.44,1924,44,345.89303659289084,0.7168571428571429,364.6825175805071,331.6115672476363,1925,0.20919610853138038,1925-07-29,-50.97145587720172,50.97145587720172,-0.14736190233628235,0.14736190233628235,False,3452.248381930785,,
1924.45,1924,45,307.0370031639033,0.7741428571428571,325.6607962357874,287.1870699602335,1925,0.18569597951352873,1925-08-05,-38.85603342898753,38.85603342898753,-0.12655163067835606,0.12655163067835606,False,3452.248381930785,,
1924.46,1924,46,279.0737717146057,0.8195714285714287,287.1870699602335,270.26224589706084,1925,0.16878381713299356,1925-08-12,-27.96323144929761,27.96323144929761,-0.10020014162382182,0.10020014162382182,False,3452.248381930785,,
1924.47,1924,47,246.5892737284976,0.8782857142857142,261.382924552137,236.19433422910615,1925,0.14913719275099538,1925-08-19,-32.484497986108096,32.484497986108096,-0.13173524336615927,0.13173524336615927,False,3452.248381930785,,
1924.48,1924,48,233.03860755695342,0.900857142857143,236.19433422910615,228.5473327785961,1925,0.14094174985044544,1925-08-26,-13.55066617154418,13.55066617154418,-0.05814773059967099,0.05814773059967099,False,3452.248381930785,,
1924.49,1924,49,217.38467496802673,0.9282857142857143,226.3790707324809,202.1648125463628,1925,0.13147425142066255,1925-09-02,-15.653932588926693,15.653932588926693,-0.07201028587332156,0.07201028587332156,False,3452.248381930785,,
1924.5,1924,50,200.9066469471109,0.9531428571428571,201.17011281861932,200.2479822683398,1925,0.12150834007361266,1925-09-09,-16.478028020915843,16.478028020915843,-0.08201833175411921,0.08201833175411921,False,3452.248381930785,,
1924.51,1924,51,198.60951470662204,0.9588571428571429,201.17011281861932,195.20770377157243,1925,0.12011903449456499,1925-09-16,-2.2971322404888497,2.2971322404888497,-0.011566073477809363,0.011566073477809363,False,3452.248381930785,,
1924.52,1924,52,190.92057157991817,0.9742857142857142,193.27466035303507,188.71982882241662,1925,0.11546876169153451,1925-09-23,-7.688943126703862,7.688943126703862,-0.04027299448705724,0.04027299448705724,False,3452.248381930785,,
1924.53,1924,53,189.23960472725517,0.977,189.23960472725517,189.23960472725517,1925,0.016350301848434848,1925-09-30,-1.6809668526630048,1.6809668526630048,-0.00888274341454965,0.00888274341454965,False,3452.248381930785,,
1925.01,1925,1,183.58398866767803,0.980857142857143,188.71982882241662,175.04384955453037,1925,0.11103159634621167,1925-10-01,-5.655616059577142,5.655616059577142,-0.03080669561992622,0.03080669561992622,False,4501.386000873192,,
1925.02,1925,2,171.97613846309517,0.9867142857142858,175.04384955453037,169.1933403798354,1925,0.10401116854247995,1925-10-08,-11.60785020458286,11.60785020458286,-0.06749686502045643,0.06749686502045643,False,4501.386000873192,,
1925.03,1925,3,167.79756905295832,0.9892857142857142,171.1379824381925,166.26458004321125,1925,0.1014839697632292,1925-10-15,-4.178569410136845,4.178569410136845,-0.024902443067086708,0.024902443067086708,False,4501.386000873192,,
1925.04,1925,4,166.958648475266,0.9897142857142857,171.1379824381925,162.78130282482888,1925,0.10097659059784087,1925-10-22,-0.8389205776923347,0.8389205776923347,-0.005024720703920985,0.005024720703920985,False,4501.386000873192,,
1925.05,1925,5,162.22395644321736,0.9918571428571428,166.26458004321125,158.54189668353825,1925,0.09811304885685787,1925-10-29,-4.734692032048628,4.734692032048628,-0.029186145720135323,0.029186145720135323,False,4501.386000873192,,True
1925.06,1925,6,172.92658760695082,0.9865714285714285,179.82651022652541,166.26458004321125,1925,0.10458600018468386,1925-11-05,10.702631163733457,10.702631163733457,0.06189118348914475,0.06189118348914475,False,4501.386000873192,,
1925.07,1925,7,187.99083495794187,0.9762857142857142,194.7956741845264,179.82651022652541,1925,0.11369685698256327,1925-11-12,15.064247350991053,15.064247350991053,0.08013288176714196,0.08013288176714196,False,4501.386000873192,,
1925.08,1925,8,211.15255560714942,0.9378571428571428,239.64129376144416,194.7956741845264,1925,0.12770506563120398,1925-11-19,23.161720649207552,23.161720649207552,0.10969187932681275,0.10969187932681275,False,4501.386000873192,,
1925.09,1925,9,266.84068097620684,0.8449999999999999,287.1870699602335,256.6827889882703,1925,0.1613852438544099,1925-11-26,55.68812536905742,55.68812536905742,0.20869428591370937,0.20869428591370937,False,4501.386000873192,,
1925.1,1925,10,279.7905170588292,0.8184285714285713,302.30479186612183,270.26224589706084,1925,0.1692173047171799,1925-12-03,12.949836082622369,12.949836082622369,0.04628404214249876,0.04628404214249876,False,4501.386000873192,,
1925.11,1925,11,316.49426734272976,0.7605714285714286,329.2057950036568,306.020121877383,1925,0.19141573288888294,1925-12-10,36.70375028390055,36.70375028390055,0.11596971595114004,0.11596971595114004,False,4501.386000873192,,
1925.12,1925,12,344.9490393182732,0.7185714285714286,360.34880084276085,331.6115672476363,1925,0.20862517897969166,1925-12-17,28.45477197554345,28.45477197554345,0.08248978467016156,0.08248978467016156,False,4501.386000873192,,
1925.13,1925,13,396.72290989428086,0.6567142857142858,420.28892993659525,364.6825175805071,1925,0.23993801590406105,1925-12-24,51.77387057600765,51.77387057600765,0.13050385870028128,0.13050385870028128,False,4501.386000873192,,
1925.14,1925,14,430.454462937653,0.6165714285714285,440.0331111664572,422.4698189706656,1925,0.2603388591846926,1925-12-31,33.73155304337212,33.73155304337212,0.07836265144789031,0.07836265144789031,False,4501.386000873192,,
1925.15,1925,15,460.96894749232376,0.5851428571428572,470.1789493868897,442.79918136912596,1926,0.2787940194433574,1926-01-07,30.514484554670787,30.514484554670787,0.06619639939017569,0.06619639939017569,False,4501.386000873192,,
1925.16,1925,16,490.75947613293147,0.5555714285714286,505.01787451967766,477.3484869166725,1926,0.2968113311651969,1926-01-14,29.790528640607704,29.790528640607704,0.06070291067092585,0.06070291067092585,False,4501.386000873192,,
1925.17,1925,17,543.4924609990892,0.5207142857142858,563.9275439778775,516.7730027239134,1926,0.32870424041224916,1926-01-21,52.73298486615772,52.73298486615772,0.09702615703117562,0.09702615703117562,False,4501.386000873192,,
1925.18,1925,18,575.6842043582774,0.4957142857142857,589.2318351168824,563.9275439778775,1926,0.3481738067958862,1926-01-28,32.191743359188195,32.191743359188195,0.05591910133277453,0.05591910133277453,False,4501.386000873192,,
1925.19,1925,19,635.4365867811413,0.46642857142857136,702.6560160658968,589.2318351168824,1926,0.38431204768523425,1926-02-04,59.75238242286389,59.75238242286389,0.09403358834835861,0.09403358834835861,False,4501.386000873192,,
1925.2,1925,20,699.2986540433859,0.43842857142857145,720.3337222668207,666.8063237852695,1926,0.4229358259654398,1926-02-11,63.862067262244636,63.862067262244636,0.09132302327909601,0.09132302327909601,False,4501.386000873192,,
1925.21,1925,21,808.9565713530795,0.3932857142857143,906.4211780013767,733.8512888156049,1926,0.4892569343543425,1926-02-18,109.65791730969363,109.65791730969363,0.1355547642394168,0.1355547642394168,False,4501.386000873192,,
1925.22,1925,22,998.8021742456425,0.3318571428571429,1127.726717014242,924.6839937244496,1926,0.6040755549837645,1926-02-25,189.84560289256297,189.84560289256297,0.19007327755963904,0.19007327755963904,False,4501.386000873192,,
1925.23,1925,23,1403.5091352043844,0.24485714285714286,1645.7136786211431,1182.7486219934508,1926,0.8488423249716117,1926-03-04,404.7069609587419,404.7069609587419,0.28835363504763145,0.28835363504763145,False,4501.386000873192,,
1925.24,1925,24,1937.751025255302,0.1822857142857143,2187.823512835168,1745.9668486656192,1926,1.1719518200744066,1926-03-11,534.2418900509176,534.2418900509176,0.27570202935670246,0.27570202935670246,False,4501.386000873192,,
1925.25,1925,25,3382.4784161220714,0.07214285714285715,4253.107973715088,2335.160165612593,1926,2.045722946070629,1926-03-18,1444.7273908667694,1444.7273908667694,0.4271209489410767,0.4271209489410767,False,4501.386000873192,,
1925.26,1925,26,4448.5856894240405,0.02642857142857143,4501.386000873192,4352.723084314373,1926,2.69050462496366,1926-03-25,1066.1072733019691,1066.1072733019691,0.23965083460941455,0.23965083460941455,True,4501.386000873192,True,
1925.27,1925,27,4362.0024527499,0.02857142857142857,4415.415344009801,4305.170852711009,1926,2.63813908342314,1926-04-01,-86.58323667414061,86.58323667414061,-0.019849424114733515,0.019849424114733515,False,4501.386000873192,,
1925.28,1925,28,4159.802995635205,0.033,4385.141126032038,4027.02207729478,1926,2.515848851760172,1926-04-08,-202.19945711469518,202.19945711469518,-0.04860794064691498,0.04860794064691498,False,4501.386000873192,,
1925.29,1925,29,3812.2875300060587,0.044285714285714275,3970.8114329461437,3639.447141738064,1926,2.3056714981476643,1926-04-15,-347.5154656291461,347.5154656291461,-0.09115667768863012,0.09115667768863012,False,4501.386000873192,,
1925.3,1925,30,3633.8556507812054,0.05014285714285714,3639.447141738064,3600.306705040052,1926,2.1977558975924727,1926-04-22,-178.43187922485322,178.43187922485322,-0.049102632677908924,0.049102632677908924,False,4501.386000873192,,
1925.31,1925,31,3423.097690566138,0.061285714285714284,3573.2680912123824,3210.822806441037,1926,2.0702894832544008,1926-04-29,-210.75796021506721,210.75796021506721,-0.0615693676507989,0.0615693676507989,False,4501.386000873192,,
1925.32,1925,32,2898.314143137395,0.09385714285714286,3122.545576863084,2671.4046921253907,1926,1.7529003937694965,1926-05-06,-524.7835474287431,524.7835474287431,-0.18106510250840865,0.18106510250840865,False,4501.386000873192,,
1925.33,1925,33,2431.567255588817,0.13114285714285714,2591.896796157977,2261.108087620956,1926,1.4706118761801166,1926-05-13,-466.74688754857834,466.74688754857834,-0.19195310616055863,0.19195310616055863,False,4501.386000873192,,
1925.34,1925,34,2089.7992324285938,0.167,2231.78898915399,1952.5344676593652,1926,1.2639105757728133,1926-05-20,-341.76802316022304,341.76802316022304,-0.1635410798591634,0.1635410798591634,False,4501.386000873192,,
1925.35,1925,35,1739.6603763214152,0.2027142857142857,1881.0436962338129,1609.5195834351925,1926,1.052146595599192,1926-05-27,-350.1388561071785,350.1388561071785,-0.20126851244813762,0.20126851244813762,False,4501.386000873192,,
1925.36,1925,36,1462.7433504732082,0.23585714285714282,1589.152359062425,1341.3621257487196,1926,0.8846671783661963,1926-06-03,-276.917025848207,276.917025848207,-0.18931347440999974,0.18931347440999974,False,4501.386000873192,,
1925.37,1925,37,1217.2378314619668,0.2725714285714286,1327.7083044595875,1132.2744617454025,1926,0.7361854404681974,1926-06-10,-245.5055190112414,245.5055190112414,-0.2016906743001705,0.2016906743001705,False,4501.386000873192,,
1925.38,1925,38,1075.0256111963374,0.3097142857142857,1117.0362502238706,1027.8009259147987,1926,0.6501754896515448,1926-06-17,-142.2122202656294,142.2122202656294,-0.1322872857953302,0.1322872857953302,False,4501.386000873192,,
1925.39,1925,39,903.7608684961496,0.36057142857142865,989.4775076349575,819.2739407352476,1926,0.5465945732664712,1926-06-24,-171.26474270018787,171.26474270018787,-0.18950227728400207,0.18950227728400207,False,4501.386000873192,,
1925.4,1925,40,715.8749194943811,0.4308571428571429,779.3663976124346,659.9420006160087,1926,0.4329611513102016,1926-07-01,-187.8859490017685,187.8859490017685,-0.26245639270959714,0.26245639270959714,False,4501.386000873192,,
1925.41,1925,41,586.8937326457378,0.4921428571428571,636.9257883620418,550.9983234585969,1926,0.3549533295041422,1926-07-08,-128.98118684864323,128.98118684864323,-0.21976923533872386,0.21976923533872386,False,4501.386000873192,,
1925.42,1925,42,501.15806506970847,0.5504285714285715,542.0087505502821,467.1571483252964,1926,0.30310039775415965,1926-07-15,-85.73566757602936,85.73566757602936,-0.17107510295001233,0.17107510295001233,False,4501.386000873192,,
1925.43,1925,43,450.2320900309258,0.5955714285714285,462.56506724863937,435.49688511870175,1926,0.2723003680507039,1926-07-22,-50.92597503878267,50.92597503878267,-0.11311049604501677,0.11311049604501677,False,4501.386000873192,,
1925.44,1925,44,406.7728281116402,0.6441428571428572,426.6328809909446,389.13393637134163,1926,0.24601620644192,1926-07-29,-43.45926191928561,43.45926191928561,-0.10683914685510426,0.10683914685510426,False,4501.386000873192,,
1925.45,1925,45,367.0386095200934,0.691,386.53109723034976,350.2192051008483,1926,0.22198495103775254,1926-08-05,-39.73421859154678,39.73421859154678,-0.10825623670354369,0.10825623670354369,False,4501.386000873192,,
1925.46,1925,46,333.69762694118845,0.7332857142857142,340.5953058875766,323.62655383883583,1926,0.20182032477403078,1926-08-12,-33.34098257890497,33.34098257890497,-0.09991375391105509,0.09991375391105509,False,4501.386000873192,,
1925.47,1925,47,311.8132857621363,0.7677142857142857,323.62655383883583,299.18021087320443,1926,0.18858467522894,1926-08-19,-21.88434117905217,21.88434117905217,-0.07018412036409002,0.07018412036409002,False,4501.386000873192,,
1925.48,1925,48,280.9264162076643,0.816857142857143,294.72326674738565,271.2725109404546,1926,0.1699042965223954,1926-08-26,-30.886869554471957,30.886869554471957,-0.10994647627455581,0.10994647627455581,False,4501.386000873192,,
1925.49,1925,49,261.0088686921421,0.8571428571428571,266.78604271350054,249.7991800258312,1926,0.15785816378500755,1926-09-02,-19.917547515522244,19.917547515522244,-0.0763098496052057,0.0763098496052057,False,4501.386000873192,,
1925.5,1925,50,239.17512176670775,0.8905714285714285,249.7991800258312,231.43340615217082,1926,0.14465311364450484,1926-09-09,-21.833746925434326,21.833746925434326,-0.09128770067787836,0.09128770067787836,False,4501.386000873192,,
1925.51,1925,51,224.85919823565118,0.9168571428571429,229.36508545768086,220.53049583159046,1926,0.13599484309292179,1926-09-16,-14.31592353105657,14.31592353105657,-0.06366616817717886,0.06366616817717886,False,4501.386000873192,,
1925.52,1925,52,213.34083738211933,0.9348571428571428,220.53049583159046,201.17011281861932,1926,0.12902853844870574,1926-09-23,-11.518360853531846,11.518360853531846,-0.05399041737565257,0.05399041737565257,False,4501.386000873192,,
1925.53,1925,53,201.17011281861932,0.952,201.17011281861932,201.17011281861932,1926,0.01738109774752871,1926-09-30,-12.170724563500016,12.170724563500016,-0.06049966564602709,0.06049966564602709,False,4501.386000873192,,
1926.01,1926,1,199.75280087788926,0.9572857142857141,200.2479822683398,199.0925590239552,1926,0.12081049397094741,1926-10-01,-1.417311940730059,1.417311940730059,-0.007095329499767439,0.007095329499767439,False,3313.0406406455268,,
1926.02,1926,2,198.3180012563615,0.9585714285714284,201.17011281861932,195.20770377157243,1926,0.11994272715984747,1926-10-08,-1.434799621527759,1.434799621527759,-0.007234843092599666,0.007234843092599666,False,3313.0406406455268,,
1926.03,1926,3,200.60985354787314,0.954142857142857,201.17011281861932,199.0925590239552,1926,0.12132883942575368,1926-10-15,2.2918522915116455,2.2918522915116455,0.011424425325970952,0.011424425325970952,False,3313.0406406455268,,
1926.04,1926,4,196.14107830637636,0.9641428571428571,199.0925590239552,194.7956741845264,1926,0.11862612415969642,1926-10-22,-4.468775241496786,4.468775241496786,-0.0227834744260785,0.0227834744260785,False,3313.0406406455268,,True
1926.05,1926,5,199.91786134137277,0.9568571428571426,200.2479822683398,199.0925590239552,1926,0.12091032253926223,1926-10-29,3.776783034996413,3.776783034996413,0.01889167385873196,0.01889167385873196,False,3313.0406406455268,,
1926.06,1926,6,204.26087571035308,0.9468571428571428,209.2745177174335,201.17011281861932,1926,0.12353697762962157,1926-11-05,4.343014368980306,4.343014368980306,0.02126209610076678,0.02126209610076678,False,3313.0406406455268,,
1926.07,1926,7,201.59641270193796,0.9494285714285714,202.1648125463628,201.17011281861932,1926,0.12192551040213209,1926-11-12,-2.6644630084151117,2.6644630084151117,-0.01321681756487673,0.01321681756487673,False,3313.0406406455268,,
1926.08,1926,8,219.9449044506048,0.9218571428571428,256.6827889882703,201.17011281861932,1926,0.1330226782117258,1926-11-19,18.348491748666845,18.348491748666845,0.08342312723497328,0.08342312723497328,False,3313.0406406455268,,
1926.09,1926,9,281.7882881200693,0.818142857142857,320.2150422476492,261.382924552137,1926,0.17042555665501788,1926-11-26,61.84338366946449,61.84338366946449,0.21946754452446643,0.21946754452446643,False,3313.0406406455268,,
1926.1,1926,10,354.55150139142614,0.7075714285714286,373.01012538244936,329.2057950036568,1926,0.21443274804153456,1926-12-03,72.76321327135685,72.76321327135685,0.20522607572045223,0.20522607572045223,False,3313.0406406455268,,
1926.11,1926,11,394.0024268793933,0.6610000000000001,420.28892993659525,373.01012538244936,1926,0.23829266777665706,1926-12-10,39.45092548796714,39.45092548796714,0.10012863575595012,0.10012863575595012,False,3313.0406406455268,,
1926.12,1926,12,437.24863099114475,0.6098571428571429,455.65515596238953,420.28892993659525,1926,0.2644479720234444,1926-12-17,43.24620411175147,43.24620411175147,0.0989052933424217,0.0989052933424217,False,3313.0406406455268,,
1926.13,1926,13,536.77956570673,0.5267142857142857,608.7950640130589,459.26044279675483,1926,0.32464428133943024,1926-12-24,99.5309347155852,99.5309347155852,0.18542236156948647,0.18542236156948647,False,3313.0406406455268,,
1926.14,1926,14,561.13811067247,0.5072857142857143,562.8280752081156,550.9983234585969,1926,0.33937632933470996,1926-12-31,24.358544965740066,24.358544965740066,0.04340917949156705,0.04340917949156705,False,3313.0406406455268,,
1926.15,1926,15,565.5748612701539,0.503,571.8920920403683,562.8280752081156,1927,0.34205967609618904,1927-01-07,4.43675059768384,4.43675059768384,0.007844674333155291,0.007844674333155291,False,3313.0406406455268,,
1926.16,1926,16,588.2291077270662,0.4888571428571429,615.6277736669467,571.8920920403683,1927,0.3557609643533296,1927-01-14,22.654246456912347,22.654246456912347,0.038512624008779486,0.038512624008779486,False,3313.0406406455268,,
1926.17,1926,17,733.9330222397529,0.4231428571428571,779.3663976124346,684.6893499137433,1927,0.4438826918506026,1927-01-21,145.70391451268665,145.70391451268665,0.19852481098076244,0.19852481098076244,False,3313.0406406455268,,
1926.18,1926,18,900.6980414943325,0.3618571428571428,997.6786758623872,803.6892968412517,1927,0.5447421754957723,1927-01-28,166.76501925457967,166.76501925457967,0.18515086252203092,0.18515086252203092,False,3313.0406406455268,,
1926.19,1926,19,1070.2034006478452,0.31157142857142855,1117.0362502238706,1025.1570830002852,1927,0.6472590167118167,1927-02-04,169.5053591535127,169.5053591535127,0.15838611524772114,0.15838611524772114,False,3313.0406406455268,,
1926.2,1926,20,1180.2222047740272,0.27899999999999997,1246.0803627849048,1127.726717014242,1927,0.7137983894473316,1927-02-11,110.01880412618198,110.01880412618198,0.09321872074695195,0.09321872074695195,False,3313.0406406455268,,
1926.21,1926,21,1380.7504273703773,0.24757142857142858,1466.3705361774826,1297.4934435018629,1927,0.8350778584736042,1927-02-18,200.52822259635013,200.52822259635013,0.14523133118144582,0.14523133118144582,False,3313.0406406455268,,
1926.22,1926,22,1481.2650984625247,0.23242857142857146,1511.0711996298642,1454.6784350498776,1927,0.8958691315501349,1927-02-25,100.51467109214741,100.51467109214741,0.06785731412727969,0.06785731412727969,False,3313.0406406455268,,
1926.23,1926,23,1530.7885645611968,0.226,1551.1556592265113,1511.0711996298642,1927,0.9258209238466117,1927-03-04,49.52346609867209,49.52346609867209,0.032351604424787475,0.032351604424787475,False,3313.0406406455268,,
1926.24,1926,24,1620.643116410654,0.2158571428571429,1677.712303316742,1559.6365373841436,1927,0.9801649568051636,1927-03-11,89.85455184945727,89.85455184945727,0.05544376238024822,0.05544376238024822,False,3313.0406406455268,,
1926.25,1926,25,1824.462091632633,0.1938571428571428,1983.4436828176406,1726.1698191997614,1927,1.1034346730194164,1927-03-18,203.81897522197892,203.81897522197892,0.11171455748888158,0.11171455748888158,False,3313.0406406455268,,
1926.26,1926,26,2294.941520705606,0.1457142857142857,2645.619049709331,2019.8353690960687,1927,1.3879806317227503,1927-03-25,470.47942907297283,470.47942907297283,0.20500715370225145,0.20500715370225145,False,3313.0406406455268,,
1926.27,1926,27,3127.1559253569176,0.07914285714285715,3313.0406406455268,2802.8093610937553,1927,1.8913039036558639,1927-04-01,832.2144046513117,832.2144046513117,0.2661250108775203,0.2661250108775203,True,3313.0406406455268,True,
1926.28,1926,28,3106.958131611707,0.07871428571428572,3210.822806441037,3004.2640135053875,1927,1.8790882779987605,1927-04-08,-20.197793745210674,20.197793745210674,-0.006500825852691246,0.006500825852691246,False,3313.0406406455268,,
1926.29,1926,29,2793.269290547424,0.10185714285714285,2942.868341840209,2645.619049709331,1927,1.689369266923082,1927-04-15,-313.68884106428277,313.68884106428277,-0.112301682521561,0.112301682521561,False,3313.0406406455268,,
1926.3,1926,30,2478.100835985834,0.12585714285714286,2591.896796157977,2395.739198274402,1927,1.4987553856042322,1927-04-22,-315.16845456159035,315.16845456159035,-0.1271814487872567,0.1271814487872567,False,3313.0406406455268,,
1926.31,1926,31,2375.9477313000193,0.1345714285714286,2395.739198274402,2363.8308777702473,1927,1.4369731878902514,1927-04-29,-102.15310468581447,102.15310468581447,-0.042994676751546446,0.042994676751546446,False,3313.0406406455268,,
1926.32,1926,32,2395.7391982744016,0.132,2395.739198274402,2395.739198274402,1927,1.4489430671163583,1927-05-06,19.791466974382274,19.791466974382274,0.00826111080397968,0.00826111080397968,True,3313.0406406455268,,
1926.33,1926,33,2361.4317935766653,0.13614285714285715,2395.739198274402,2327.3604518173347,1927,1.4281939487551671,1927-05-13,-34.307404697736274,34.307404697736274,-0.014528221730162143,0.014528221730162143,False,3313.0406406455268,,
1926.34,1926,34,2254.893689121879,0.14871428571428574,2301.531632213161,2155.2089572641244,1927,1.3637597031809123,1927-05-20,-106.53810445478621,106.53810445478621,-0.04724750659809387,0.04724750659809387,False,3313.0406406455268,,
1926.35,1926,35,1946.4362039832602,0.18157142857142855,2102.0563354773317,1807.794012387604,1927,1.1772046161690757,1927-05-27,-308.45748513861895,308.45748513861895,-0.1584729489244908,0.1584729489244908,False,3313.0406406455268,,
1926.36,1926,36,1649.118557203567,0.21285714285714286,1801.689870916998,1466.3705361774826,1927,0.9973869033967174,1927-06-03,-297.3176467796932,297.3176467796932,-0.18028882488828385,0.18028882488828385,False,3313.0406406455268,,
1926.37,1926,37,1290.3821740625797,0.261,1399.6225280663384,1166.683447695578,1927,0.7804231388730482,1927-06-10,-358.7363831409873,358.7363831409873,-0.2780078571695998,0.2780078571695998,False,3313.0406406455268,,
1926.38,1926,38,1075.6619280365526,0.3095714285714286,1132.2744617454025,1022.7291742398579,1927,0.6505603340765069,1927-06-17,-214.7202460260271,214.7202460260271,-0.19961685026629536,0.19961685026629536,False,3313.0406406455268,,
1926.39,1926,39,854.088439422535,0.37800000000000006,971.4321659369264,751.6655881559767,1927,0.5165526881627491,1927-06-24,-221.5734886140176,221.5734886140176,-0.25942686774197243,0.25942686774197243,False,3313.0406406455268,,
1926.4,1926,40,662.1963705428259,0.45471428571428574,733.8512888156049,589.2318351168824,1927,0.40049636490430107,1927-07-01,-191.8920688797091,191.8920688797091,-0.28978121508338733,0.28978121508338733,False,3313.0406406455268,,
1926.41,1926,41,540.319620551088,0.5227142857142858,563.9275439778775,512.1178199937132,1927,0.32678530650929805,1927-07-08,-121.87674999173794,121.87674999173794,-0.22556417601017753,0.22556417601017753,False,3313.0406406455268,,
1926.42,1926,42,468.19611304745456,0.576,494.68108319071365,445.541354005931,1927,0.2831650091711005,1927-07-15,-72.12350750363339,72.12350750363339,-0.15404550677319107,0.15404550677319107,False,3313.0406406455268,,
1926.43,1926,43,423.1495011245776,0.6265714285714286,440.0331111664572,408.00454625357366,1927,0.25592081828014457,1927-07-22,-45.046611922876934,45.046611922876934,-0.10645554775123073,0.10645554775123073,False,3313.0406406455268,,
1926.44,1926,44,382.7856531574958,0.6725714285714286,402.90237744418727,364.6825175805071,1927,0.23150876302965348,1927-07-29,-40.363847967081824,40.363847967081824,-0.10544765101338388,0.10544765101338388,False,3313.0406406455268,,
1926.45,1926,45,341.79655010021224,0.7221428571428571,360.34880084276085,323.62655383883583,1927,0.20671855350060836,1927-08-05,-40.98910305728356,40.98910305728356,-0.11992251836733242,0.11992251836733242,False,3313.0406406455268,,
1926.46,1926,46,308.1463592100948,0.7722857142857142,316.52242407738737,302.30479186612183,1927,0.1863669180502653,1927-08-12,-33.65019089011747,33.65019089011747,-0.10920197459537306,0.10920197459537306,False,3313.0406406455268,,
1926.47,1926,47,287.2787189730362,0.8058571428571428,299.18021087320443,281.3222739992266,1927,0.17374616923489233,1927-08-19,-20.867640237058595,20.867640237058595,-0.07263900476741272,0.07263900476741272,False,3313.0406406455268,,
1926.48,1926,48,266.1278282261118,0.8465714285714286,273.7644374568714,258.7976520087449,1927,0.1609541105111524,1927-08-26,-21.150890746924404,21.150890746924404,-0.07947643389233931,0.07947643389233931,False,3313.0406406455268,,
1926.49,1926,49,243.09816763611386,0.8845714285714285,256.6827889882703,234.76788002600708,1927,0.14702577178632165,1927-09-02,-23.029660589997917,23.029660589997917,-0.09473399496976179,0.09473399496976179,False,3313.0406406455268,,
1926.5,1926,50,223.43622397807775,0.919142857142857,231.43340615217082,214.75310038088375,1927,0.13513422826194138,1927-09-09,-19.661943658036108,19.661943658036108,-0.0879980126229005,0.0879980126229005,False,3313.0406406455268,,
1926.51,1926,51,205.97160330531707,0.9437142857142857,212.05144921368182,201.17011281861932,1927,0.12457162567905575,1927-09-16,-17.464620672760674,17.464620672760674,-0.08479140033139622,0.08479140033139622,False,3313.0406406455268,,
1926.52,1926,52,196.5373998491789,0.9634285714285714,200.2479822683398,192.89523707448373,1927,0.11886581942878341,1927-09-23,-9.434203456138164,9.434203456138164,-0.04800207728085285,0.04800207728085285,False,3313.0406406455268,,
1926.53,1926,53,193.27466035303507,0.97,193.27466035303507,193.27466035303507,1927,0.01669893065450223,1927-09-30,-3.262739496143837,3.262739496143837,-0.016881361944623904,0.016881361944623904,False,3313.0406406455268,,
1927.01,1927,1,186.59103460782558,0.9787142857142858,191.21938009017487,182.70050873555303,1927,0.11285025773081292,1927-10-01,-6.683625745209497,6.683625745209497,-0.035819651031235494,0.035819651031235494,False,2261.108087620956,,
1927.02,1927,2,184.82131701942998,0.9788571428571429,192.89523707448373,179.82651022652541,1927,0.11177993253335125,1927-10-08,-1.7697175883955936,1.7697175883955936,-0.009575289349385742,0.009575289349385742,False,2261.108087620956,,True
1927.03,1927,3,188.78077824184714,0.9765714285714286,193.27466035303507,185.77870557191315,1927,0.11417461468066917,1927-10-15,3.9594612224171613,3.9594612224171613,0.020973857928187442,0.020973857928187442,False,2261.108087620956,,
1927.04,1927,4,187.1870530666308,0.9778571428571429,193.27466035303507,182.70050873555303,1927,0.11321072969469831,1927-10-22,-1.593725175216349,1.593725175216349,-0.008514078025733165,0.008514078025733165,False,2261.108087620956,,
1927.05,1927,5,199.62536409045737,0.9565714285714285,212.05144921368182,192.89523707448373,1927,0.12073342020190864,1927-10-29,12.438311023826571,12.438311023826571,0.06230826969558002,0.06230826969558002,False,2261.108087620956,,
1927.06,1927,6,238.76243506073473,0.8929999999999999,249.7991800258312,222.2828362851385,1927,0.14440352072473234,1927-11-05,39.137070970277364,39.137070970277364,0.16391636716354457,0.16391636716354457,False,2261.108087620956,,
1927.07,1927,7,249.23808584223283,0.8752857142857141,256.6827889882703,246.1954239432886,1927,0.15073919431738245,1927-11-12,10.475650781498103,10.475650781498103,0.04203069826225984,0.04203069826225984,False,2261.108087620956,,
1927.08,1927,8,256.5372583892272,0.8642857142857144,264.1051871975735,246.1954239432886,1927,0.15515373387380463,1927-11-19,7.299172546994356,7.299172546994356,0.028452680101226462,0.028452680101226462,False,2261.108087620956,,
1927.09,1927,9,273.0111338007512,0.8328571428571427,283.6079686159883,264.1051871975735,1927,0.16511713372269435,1927-11-26,16.473875411524034,16.473875411524034,0.0603414050635275,0.0603414050635275,False,2261.108087620956,,
1927.1,1927,10,274.35553773910704,0.8287142857142857,281.3222739992266,270.26224589706084,1927,0.16593022922461192,1927-12-03,1.3444039383558106,1.3444039383558106,0.004900225267675278,0.004900225267675278,False,2261.108087620956,,
1927.11,1927,11,319.50717690062623,0.7582857142857142,386.53109723034976,281.3222739992266,1927,0.19323794058949878,1927-12-10,45.1516391615192,45.1516391615192,0.14131651000616602,0.14131651000616602,False,2261.108087620956,,
1927.12,1927,12,413.2402758544827,0.6387142857142857,420.28892993659525,402.90237744418727,1927,0.24992771883679116,1927-12-17,93.73309895385648,93.73309895385648,0.22682469359996119,0.22682469359996119,False,2261.108087620956,,
1927.13,1927,13,446.2877202464917,0.6001428571428572,462.56506724863937,422.4698189706656,1927,0.2699148132050782,1927-12-24,33.04744439200897,33.04744439200897,0.0740496385913472,0.0740496385913472,False,2261.108087620956,,
1927.14,1927,14,499.0322216180283,0.5522857142857143,537.7325322740754,467.1571483252964,1927,0.3018146876345835,1927-12-31,52.744501371536614,52.744501371536614,0.10569357866416203,0.10569357866416203,False,2261.108087620956,,
1927.15,1927,15,578.6718164387561,0.4948571428571428,589.2318351168824,556.2195342976412,1928,0.3499807145821597,1928-01-07,79.63959482072778,79.63959482072778,0.13762480314117123,0.13762480314117123,False,2261.108087620956,,
1927.16,1927,16,608.369422974477,0.4787142857142857,630.1125986840717,589.2318351168824,1928,0.3679418270149637,1928-01-14,29.697606535720865,29.697606535720865,0.048815087369975814,0.048815087369975814,False,2261.108087620956,,
1927.17,1927,17,662.6561890892783,0.45442857142857146,682.3088631722309,647.6489852382476,1928,0.4007744631611955,1928-01-21,54.28676611480137,54.28676611480137,0.08192297455096646,0.08192297455096646,False,2261.108087620956,,
1927.18,1927,18,710.043356717238,0.4344285714285715,720.3337222668207,691.9065967426677,1928,0.42943422214258553,1928-01-28,47.387167627959684,47.387167627959684,0.06673841418226348,0.06673841418226348,False,2261.108087620956,,
1927.19,1927,19,743.0290881815779,0.41757142857142854,760.52821131929,733.8512888156049,1928,0.4493839925322183,1928-02-04,32.98573146433989,32.98573146433989,0.044393593721971485,0.044393593721971485,False,2261.108087620956,,
1927.2,1927,20,789.5493914827246,0.40057142857142863,817.7246825595828,760.52821131929,1928,0.47751947196875183,1928-02-11,46.52030330114667,46.52030330114667,0.058920067323191064,0.058920067323191064,False,2261.108087620956,,
1927.21,1927,21,875.613649749843,0.3692857142857143,924.6839937244496,825.2161752284097,1928,0.529571135368705,1928-02-18,86.06425826711848,86.06425826711848,0.09829021999794825,0.09829021999794825,False,2261.108087620956,,
1927.22,1927,22,1034.2072438667603,0.32142857142857145,1127.726717014242,947.0029281802471,1928,0.6254885410906167,1928-02-25,158.5935941169173,158.5935941169173,0.15334798229023944,0.15334798229023944,False,2261.108087620956,,
1927.23,1927,23,1338.9467516076418,0.25414285714285717,1559.6365373841436,1151.4124173518942,1928,0.8097949953723017,1928-03-03,304.73950774088144,304.73950774088144,0.22759643531379264,0.22759643531379264,False,2261.108087620956,,
1927.24,1927,24,1869.0700588717298,0.18957142857142853,2019.8353690960687,1677.712303316742,1928,1.130413571605622,1928-03-10,530.123307264088,530.123307264088,0.283629447033194,0.283629447033194,False,2261.108087620956,,
1927.25,1927,25,2136.602173097803,0.16214285714285714,2155.2089572641244,2067.468969295266,1928,1.2922169942895516,1928-03-17,267.5321142260734,267.5321142260734,0.125213817337921,0.125213817337921,False,2261.108087620956,,
1927.26,1927,26,2189.3508377229946,0.156,2217.372657831301,2161.5709846171685,1928,1.3241193866548673,1928-03-24,52.748664625191395,52.748664625191395,0.0240932899909509,0.0240932899909509,False,2261.108087620956,,
1927.27,1927,27,2217.3726578313003,0.154,2217.372657831301,2217.372657831301,1928,1.3410669834563707,1928-03-31,28.021820108305747,28.021820108305747,0.012637397691965981,0.012637397691965981,True,2261.108087620956,,
1927.28,1927,28,2174.7547072122984,0.15757142857142856,2187.823512835168,2155.2089572641244,1928,1.3152916469219982,1928-04-07,-42.61795061900193,42.61795061900193,-0.01959667013372354,0.01959667013372354,False,2261.108087620956,,
1927.29,1927,29,2184.073151661168,0.15642857142857142,2187.823512835168,2161.5709846171685,1928,1.3209274421246746,1928-04-14,9.31844444886974,9.31844444886974,0.004266544113589919,0.004266544113589919,False,2261.108087620956,,
1927.3,1927,30,2201.543811753032,0.155,2217.372657831301,2187.823512835168,1928,1.3314936973482343,1928-04-21,17.47066009186392,17.47066009186392,0.007935640434951185,0.007935640434951185,False,2261.108087620956,,
1927.31,1927,31,2255.513483038143,0.14885714285714288,2261.108087620956,2221.9458555412634,1928,1.364134554541469,1928-04-28,53.96967128511096,53.96967128511096,0.023927886794280928,0.023927886794280928,True,2261.108087620956,True,
1927.32,1927,32,2225.6471884860407,0.15257142857142858,2261.108087620956,2187.823512835168,1928,1.3460714195963575,1928-05-05,-29.866294552102318,29.866294552102318,-0.01341915048647866,0.01341915048647866,False,2261.108087620956,,
1927.33,1927,33,2072.0004608708145,0.16885714285714284,2161.5709846171685,1971.8467458433613,1928,1.2531458787346688,1928-05-12,-153.64672761522615,153.64672761522615,-0.07415380957524109,0.07415380957524109,False,2261.108087620956,,
1927.34,1927,34,1806.5558346790087,0.19599999999999998,1952.5344676593652,1693.819307089167,1928,1.0926049688138646,1928-05-19,-265.4446261918058,265.4446261918058,-0.14693408368359143,0.14693408368359143,False,2261.108087620956,,
1927.35,1927,35,1535.8111813374412,0.22585714285714284,1645.7136786211431,1436.9972565708524,1928,0.9288586024728843,1928-05-26,-270.7446533415675,270.7446533415675,-0.17628772119356043,0.17628772119356043,False,2261.108087620956,,
1927.36,1927,36,1285.0282715148217,0.2611428571428572,1392.1184694738974,1186.6620966242278,1928,0.777185098612164,1928-06-02,-250.78290982261956,250.78290982261956,-0.19515750383218475,0.19515750383218475,False,2261.108087620956,,
1927.37,1927,37,1095.7277932445754,0.30357142857142855,1172.2200796855432,1027.8009259147987,1928,0.6626961693543193,1928-06-09,-189.30047827024623,189.30047827024623,-0.1727623223918651,0.1727623223918651,False,2261.108087620956,,
1927.38,1927,38,896.2765265890401,0.3638571428571428,1022.7291742398579,779.3663976124346,1928,0.5420680432810515,1928-06-16,-199.45126665553528,199.45126665553528,-0.22253318115402065,0.22253318115402065,False,2261.108087620956,,
1927.39,1927,39,671.7864385353713,0.4502857142857143,760.52821131929,589.2318351168824,1928,0.40629643802619264,1928-06-23,-224.49008805366884,224.49008805366884,-0.334168829819045,0.334168829819045,False,2261.108087620956,,
1927.4,1927,40,538.5935677297125,0.5242857142857142,583.0034913422678,494.68108319071365,1928,0.3257413897629301,1928-06-30,-133.1928708056588,133.1928708056588,-0.24729755196872355,0.24729755196872355,False,2261.108087620956,,
1927.41,1927,41,458.1795954123938,0.5872857142857143,486.02502639130836,435.49688511870175,1928,0.27710701930541576,1928-07-07,-80.41397231731872,80.41397231731872,-0.17550753704983416,0.17550753704983416,False,2261.108087620956,,
1927.42,1927,42,408.90931303898884,0.6420000000000001,426.6328809909446,389.13393637134163,1928,0.24730835252598052,1928-07-14,-49.27028237340494,49.27028237340494,-0.12049195457846444,0.12049195457846444,False,2261.108087620956,,
1927.43,1927,43,368.6203147163321,0.6900000000000001,380.8369423592014,353.9823107128336,1928,0.22294156634043769,1928-07-21,-40.28899832265677,40.28899832265677,-0.1092967389864575,0.1092967389864575,False,2261.108087620956,,
1927.44,1927,44,334.60379672638265,0.7319999999999999,346.9384943839358,323.62655383883583,1928,0.2023683762601162,1928-07-28,-34.01651798994942,34.01651798994942,-0.10166208011610199,0.10166208011610199,False,2261.108087620956,,
1927.45,1927,45,310.2318087082293,0.7695714285714285,323.62655383883583,302.30479186612183,1928,0.18762819790673707,1928-08-04,-24.37198801815333,24.37198801815333,-0.0785605709473686,0.0785605709473686,False,2261.108087620956,,
1927.46,1927,46,289.67603266914745,0.8012857142857143,302.30479186612183,281.3222739992266,1928,0.1751960645583004,1928-08-11,-20.555776039081877,20.555776039081877,-0.07096125920282674,0.07096125920282674,False,2261.108087620956,,
1927.47,1927,47,268.265940432987,0.8417142857142859,273.7644374568714,261.382924552137,1928,0.16224724077387054,1928-08-18,-21.410092236160438,21.410092236160438,-0.07980920798817803,0.07980920798817803,False,2261.108087620956,,
1927.48,1927,48,250.10704787850594,0.8741428571428571,258.7976520087449,243.2796862142866,1928,0.1512647425569204,1928-08-25,-18.15889255448107,18.15889255448107,-0.0726044815950252,0.0726044815950252,False,2261.108087620956,,
1927.49,1927,49,237.29139181643765,0.8927142857142856,243.2796862142866,234.76788002600708,1928,0.14351383377058147,1928-09-01,-12.815656062068285,12.815656062068285,-0.05400809512711754,0.05400809512711754,False,2261.108087620956,,
1927.5,1927,50,226.53990960500408,0.9138571428571426,231.43340615217082,222.2828362851385,1928,0.13701133732910648,1928-09-08,-10.751482211433569,10.751482211433569,-0.04745955019660729,0.04745955019660729,False,2261.108087620956,,
1927.51,1927,51,239.81639495242098,0.89,249.7991800258312,222.2828362851385,1928,0.1450409556672242,1928-09-15,13.276485347416894,13.276485347416894,0.05536104130850152,0.05536104130850152,False,2261.108087620956,,
1927.52,1927,52,261.8109592449263,0.8557142857142858,264.1051871975735,258.7976520087449,1928,0.15834326815133146,1928-09-22,21.994564292505345,21.994564292505345,0.08400933389472534,0.08400933389472534,False,2261.108087620956,,
1927.53,1927,53,256.6827889882703,0.865,256.6827889882703,256.6827889882703,1928,0.04435478593717311,1928-09-29,-5.128170256656006,5.128170256656006,-0.019978629174433462,0.019978629174433462,False,2261.108087620956,,
1928.01,1928,1,259.6902740422683,0.8594285714285714,264.1051871975735,256.6827889882703,1928,0.15706067774076388,1928-10-01,3.007485053997982,3.007485053997982,0.01158104617159621,0.01158104617159621,False,1589.152359062425,,
1928.02,1928,2,260.7506166435973,0.8575714285714285,264.1051871975735,256.6827889882703,1928,0.15770197294604765,1928-10-08,1.0603426013290118,1.0603426013290118,0.004066500838915843,0.004066500838915843,False,1589.152359062425,,
1928.03,1928,3,247.79859100670242,0.8784285714285716,256.6827889882703,228.5473327785961,1928,0.14986858784085363,1928-10-15,-12.952025636894888,12.952025636894888,-0.052268358687094243,0.052268358687094243,False,1589.152359062425,,
1928.04,1928,4,226.46878634872195,0.9138571428571429,229.36508545768086,222.2828362851385,1928,0.13696832198370704,1928-10-22,-21.329804657980475,21.329804657980475,-0.09418430240155189,0.09418430240155189,False,1589.152359062425,,True
1928.05,1928,5,235.07127160175725,0.8975714285714285,243.2796862142866,220.53049583159046,1928,0.1421711050647428,1928-10-29,8.602485253035297,8.602485253035297,0.03659522150205185,0.03659522150205185,False,1589.152359062425,,
1928.06,1928,6,229.29581707276807,0.9087142857142857,231.43340615217082,226.3790707324809,1928,0.1386781101656101,1928-11-05,-5.775454528989172,5.775454528989172,-0.025187788432949502,0.025187788432949502,False,1589.152359062425,,
1928.07,1928,7,248.82373329047564,0.8765714285714286,258.7976520087449,234.76788002600708,1928,0.15048859389407965,1928-11-12,19.52791621770757,19.52791621770757,0.0784809228583946,0.0784809228583946,False,1589.152359062425,,
1928.08,1928,8,269.21496250034363,0.8404285714285714,281.3222739992266,258.7976520087449,1928,0.16282120932020783,1928-11-19,20.391229209867987,20.391229209867987,0.07574329829398675,0.07574329829398675,False,1589.152359062425,,
1928.09,1928,9,302.701073315662,0.7815714285714285,316.52242407738737,281.3222739992266,1928,0.18307360914131235,1928-11-26,33.48611081531834,33.48611081531834,0.11062435441184723,0.11062435441184723,False,1589.152359062425,,
1928.1,1928,10,313.3473400161502,0.7647142857142857,323.62655383883583,306.020121877383,1928,0.18951247124176762,1928-12-03,10.64626670048824,10.64626670048824,0.0339759281184245,0.0339759281184245,False,1589.152359062425,,
1928.11,1928,11,338.82513799857236,0.7252857142857143,350.2192051008483,323.62655383883583,1928,0.20492144346153657,1928-12-10,25.477797982422146,25.477797982422146,0.07519453288772658,0.07519453288772658,False,1589.152359062425,,
1928.12,1928,12,373.3660566093958,0.6849999999999999,380.8369423592014,360.34880084276085,1928,0.2258117910373626,1928-12-17,34.54091861082344,34.54091861082344,0.09251220886144745,0.09251220886144745,False,1589.152359062425,,
1928.13,1928,13,388.3902680453439,0.6652857142857141,389.13393637134163,386.53109723034976,1928,0.23489843411382402,1928-12-24,15.024211435948075,15.024211435948075,0.038683285015251784,0.038683285015251784,False,1589.152359062425,,
1928.14,1928,14,398.45937950136386,0.6529999999999999,408.00454625357366,389.13393637134163,1928,0.24098823272242484,1928-12-31,10.069111456019982,10.069111456019982,0.025270107755075488,0.025270107755075488,False,1589.152359062425,,
1928.15,1928,15,447.28623661986114,0.5991428571428571,489.3436243127323,413.7323824701425,1929,0.270518715907692,1929-01-07,48.82685711849729,48.82685711849729,0.10916244033682211,0.10916244033682211,False,1589.152359062425,,
1928.16,1928,16,529.7538049018832,0.5301428571428571,577.9502839498093,470.1789493868897,1929,0.32039510120465897,1929-01-14,82.46756828202206,82.46756828202206,0.15567149781452924,0.15567149781452924,False,1589.152359062425,,
1928.17,1928,17,614.1305413053261,0.4932857142857143,751.6655881559767,426.6328809909446,1929,0.37142615138146123,1929-01-21,84.37673640344292,84.37673640344292,0.13739218411789342,0.13739218411789342,False,1589.152359062425,,
1928.18,1928,18,719.9607654638886,0.429,739.6475434553279,702.6560160658968,1929,0.4354322709525598,1929-01-28,105.83022415856249,105.83022415856249,0.14699443252351876,0.14699443252351876,False,1589.152359062425,,
1928.19,1928,19,669.3478487334518,0.45128571428571435,691.9065967426677,647.6489852382476,1929,0.40482157891399173,1929-02-04,-50.61291673043684,50.61291673043684,-0.07561526764627274,0.07561526764627274,False,1589.152359062425,,
1928.2,1928,20,666.2419423689067,0.45285714285714285,691.9065967426677,647.6489852382476,1929,0.4029431267447148,1929-02-11,-3.105906364545035,3.105906364545035,-0.004661829535230994,0.004661829535230994,False,1589.152359062425,,
1928.21,1928,21,711.74030677089,0.43257142857142855,748.233943314839,684.6893499137433,1929,0.43046053753503427,1929-02-18,45.49836440198328,45.49836440198328,0.06392551323727301,0.06392551323727301,False,1589.152359062425,,
1928.22,1928,22,792.2405609531737,0.4,817.7246825595828,768.4460718744957,1929,0.4791470912644795,1929-02-25,80.5002541822837,80.5002541822837,0.10161087193696683,0.10161087193696683,False,1589.152359062425,,
1928.23,1928,23,837.1422192190267,0.3832857142857143,876.9389119074414,817.7246825595828,1929,0.5063036141836674,1929-03-04,44.90165826585303,44.90165826585303,0.053636834022947694,0.053636834022947694,False,1589.152359062425,,
1928.24,1928,24,894.9219851073339,0.3627142857142858,906.4211780013767,885.1094475277025,1929,0.5412488165929153,1929-03-11,57.77976588830711,57.77976588830711,0.06456402552383067,0.06456402552383067,False,1589.152359062425,,
1928.25,1928,25,962.9298853183874,0.3412857142857143,989.4775076349575,924.6839937244496,1929,0.5823799946405606,1929-03-18,68.00790021105354,68.00790021105354,0.07062601467454414,0.07062601467454414,False,1589.152359062425,,
1928.26,1928,26,1056.240354270148,0.3171428571428571,1082.8793953113418,1022.7291742398579,1929,0.6388141662625855,1929-03-25,93.31046895176053,93.31046895176053,0.08834207912481926,0.08834207912481926,False,1589.152359062425,,
1928.27,1928,27,1140.6700246414828,0.28914285714285715,1195.2983332432605,1089.4560494851628,1929,0.6898772309031689,1929-04-01,84.42967037133485,84.42967037133485,0.07401761118240259,0.07401761118240259,False,1589.152359062425,,
1928.28,1928,28,1323.312763774924,0.2557142857142857,1399.6225280663384,1246.0803627849048,1929,0.8003395595310738,1929-04-08,182.64273913344118,182.64273913344118,0.13801932856177454,0.13801932856177454,False,1589.152359062425,,
1928.29,1928,29,1468.477630046278,0.2342857142857143,1528.8393753592509,1399.6225280663384,1929,0.8881352706519887,1929-04-15,145.16486627135396,145.16486627135396,0.0988539854480311,0.0988539854480311,False,1589.152359062425,,
1928.3,1928,30,1571.3885036895697,0.22100000000000003,1589.152359062425,1551.1556592265113,1929,0.9503757670314518,1929-04-22,102.91087364329178,102.91087364329178,0.06549040762463283,0.06549040762463283,True,1589.152359062425,True,
1928.31,1928,31,1487.3134806015585,0.2317142857142857,1551.1556592265113,1414.1459885179058,1929,0.8995271930678225,1929-04-29,-84.07502308801122,84.07502308801122,-0.056528112052078125,0.056528112052078125,False,1589.152359062425,,
1928.32,1928,32,1339.3635857549011,0.2532857142857143,1399.6225280663384,1231.9889272331854,1929,0.8100470966645643,1929-05-06,-147.94989484665734,147.94989484665734,-0.11046283206458,0.11046283206458,False,1589.152359062425,,
1928.33,1928,33,1142.4178330207062,0.2887142857142857,1199.561484005937,1089.4560494851628,1929,0.6909343054109232,1929-05-13,-196.9457527341949,196.9457527341949,-0.1723938011484326,0.1723938011484326,False,1589.152359062425,,
1928.34,1928,34,960.9494777702112,0.34414285714285714,1082.8793953113418,834.6935677067364,1929,0.5811822441554237,1929-05-20,-181.46835525049505,181.46835525049505,-0.18884276379604736,0.18884276379604736,False,1589.152359062425,,
1928.35,1928,35,686.0892073488782,0.4442857142857144,779.3663976124346,601.777842158206,1929,0.41494675260460145,1929-05-27,-274.860270421333,274.860270421333,-0.4006188517137915,0.4006188517137915,False,1589.152359062425,,
1928.36,1928,36,517.8369282160835,0.5387142857142858,571.8920920403683,462.56506724863937,1929,0.3131877741850873,1929-06-03,-168.25227913279468,168.25227913279468,-0.3249136358668229,0.3249136358668229,False,1589.152359062425,,
1928.37,1928,37,430.8797980202873,0.616,442.79918136912596,422.4698189706656,1929,0.2605961018426698,1929-06-10,-86.9571301957962,86.9571301957962,-0.2018129663895311,0.2018129663895311,False,1589.152359062425,,
1928.38,1928,38,419.7214813642087,0.6298571428571428,426.6328809909446,408.00454625357366,1929,0.2538475519290735,1929-06-17,-11.158316656078568,11.158316656078568,-0.026585050209512774,0.026585050209512774,False,1589.152359062425,,
1928.39,1928,39,395.85105144256653,0.6582857142857143,408.00454625357366,380.8369423592014,1929,0.2394107159124643,1929-06-24,-23.8704299216422,23.8704299216422,-0.06030154482261246,0.06030154482261246,False,1589.152359062425,,
1928.4,1928,40,364.8306170579417,0.6938571428571428,377.11676084070143,346.9384943839358,1929,0.22064955719664314,1929-07-01,-31.02043438462482,31.02043438462482,-0.08502694931357203,0.08502694931357203,False,1589.152359062425,,
1928.41,1928,41,339.2182177123136,0.7244285714285715,344.6194637292325,329.2057950036568,1929,0.20515917807240727,1929-07-08,-25.61239934562809,25.61239934562809,-0.07550419761756316,0.07550419761756316,False,1589.152359062425,,
1928.42,1928,42,324.80804766233433,0.7484285714285713,329.2057950036568,320.2150422476492,1929,0.19644390722617974,1929-07-15,-14.410170049979286,14.410170049979286,-0.044365187850763745,0.044365187850763745,False,1589.152359062425,,
1928.43,1928,43,306.39087647920013,0.7745714285714284,311.8155700798613,294.72326674738565,1929,0.18530520209462026,1929-07-22,-18.4171711831342,18.4171711831342,-0.06011005090872698,0.06011005090872698,False,1589.152359062425,,
1928.44,1928,44,289.56912338383034,0.7987142857142857,290.5219447532691,287.1870699602335,1929,0.1751314058225406,1929-07-29,-16.821753095369786,16.821753095369786,-0.05809235770304203,0.05809235770304203,False,1589.152359062425,,
1928.45,1928,45,277.45588705287145,0.8225714285714287,287.1870699602335,271.2725109404546,1929,0.16780532048957666,1929-08-05,-12.113236330958898,12.113236330958898,-0.043658242251138915,0.043658242251138915,False,1589.152359062425,,
1928.46,1928,46,268.77244453267787,0.8407142857142856,270.26224589706084,266.78604271350054,1929,0.16255357445336355,1929-08-12,-8.68344252019358,8.68344252019358,-0.032307785626207786,0.032307785626207786,False,1589.152359062425,,
1928.47,1928,47,258.2606067918832,0.8622857142857143,261.382924552137,256.6827889882703,1929,0.15619601498773097,1929-08-19,-10.511837740794647,10.511837740794647,-0.04070244344026307,0.04070244344026307,False,1589.152359062425,,
1928.48,1928,48,240.05903352099836,0.8879999999999999,249.7991800258312,236.19433422910615,1929,0.1451877034734998,1929-08-26,-18.201573270884865,18.201573270884865,-0.07582123865083687,0.07582123865083687,False,1589.152359062425,,
1928.49,1928,49,232.05827889423088,0.9027142857142858,236.19433422910615,224.67104686473823,1929,0.14034884707523088,1929-09-02,-8.000754626767474,8.000754626767474,-0.03447735053837107,0.03447735053837107,False,1589.152359062425,,
1928.5,1928,50,222.96518216502415,0.9208571428571428,224.67104686473823,222.2828362851385,1929,0.13484934217340658,1929-09-09,-9.093096729206735,9.093096729206735,-0.040782586056313595,0.040782586056313595,False,1589.152359062425,,
1928.51,1928,51,204.07798178157856,0.9474285714285714,220.53049583159046,201.17011281861932,1929,0.12342636338149873,1929-09-16,-18.887200383445588,18.887200383445588,-0.09254893751183928,0.09254893751183928,False,1589.152359062425,,
1928.52,1928,52,198.48306171984498,0.9581428571428571,201.17011281861932,195.20770377157243,1929,0.12004255572816225,1929-09-23,-5.594920061733575,5.594920061733575,-0.02818840062851659,0.02818840062851659,False,1589.152359062425,,
1928.53,1928,53,195.20770377157243,0.965,195.20770377157243,195.20770377157243,1929,0.01686594560586386,1929-09-30,-3.275357948272557,3.275357948272557,-0.016778835491581344,0.016778835491581344,False,1589.152359062425,,
1929.01,1929,1,193.88163618630824,0.9685714285714286,195.20770377157243,192.89523707448373,1929,0.1172596135654792,1929-10-01,-1.326067585264184,1.326067585264184,-0.006839572903077396,0.006839572903077396,False,2187.823512835168,,
1929.02,1929,2,188.79408252310785,0.9778571428571426,189.23960472725517,188.71982882241662,1929,0.11418266110997564,1929-10-08,-5.087553663200396,5.087553663200396,-0.02694763307837095,0.02694763307837095,False,2187.823512835168,,True
1929.03,1929,3,189.95035889568695,0.9758571428571428,193.27466035303507,188.71982882241662,1929,0.11488197706011148,1929-10-15,1.1562763725791,1.1562763725791,0.00608725552982019,0.00608725552982019,False,2187.823512835168,,
1929.04,1929,4,193.43821910592447,0.9698571428571429,194.7956741845264,192.89523707448373,1929,0.11699143491526312,1929-10-22,3.4878602102375282,3.4878602102375282,0.018030874283057875,0.018030874283057875,False,2187.823512835168,,
1929.05,1929,5,199.95167711774909,0.9551428571428572,206.59664326312716,194.7956741845264,1929,0.12093077432081464,1929-10-29,6.513458011824611,6.513458011824611,0.032575160687394064,0.032575160687394064,False,2187.823512835168,,
1929.06,1929,6,204.06416856783326,0.9442857142857142,206.59664326312716,202.1648125463628,1929,0.12341800914982552,1929-11-05,4.112491450084178,4.112491450084178,0.020152932672828052,0.020152932672828052,False,2187.823512835168,,
1929.07,1929,7,230.67860687873423,0.9048571428571428,236.19433422910615,214.75310038088375,1929,0.1395144214402585,1929-11-12,26.614438310900965,26.614438310900965,0.11537454066944296,0.11537454066944296,False,2187.823512835168,,
1929.08,1929,8,249.7113158177368,0.8747142857142857,264.1051871975735,239.64129376144416,1929,0.15102540380656723,1929-11-19,19.03270893900256,19.03270893900256,0.07621884845977285,0.07621884845977285,False,2187.823512835168,,
1929.09,1929,9,264.20248762067183,0.8492857142857143,287.1870699602335,249.7991800258312,1929,0.15978966451298232,1929-11-26,14.491171802935042,14.491171802935042,0.05484873338414857,0.05484873338414857,False,2187.823512835168,,
1929.1,1929,10,410.54628104737793,0.6424285714285715,494.68108319071365,350.2192051008483,1929,0.2482983907774542,1929-12-03,146.3437934267061,146.3437934267061,0.3564611352789668,0.3564611352789668,False,2187.823512835168,,
1929.11,1929,11,492.3358631912827,0.5568571428571428,532.5192229643311,459.26044279675483,1929,0.2977647300580877,1929-12-10,81.7895821439048,81.7895821439048,0.16612558267389074,0.16612558267389074,False,2187.823512835168,,
1929.12,1929,12,464.35114644594114,0.5801428571428572,472.4927083802066,459.26044279675483,1929,0.2808395733705052,1929-12-17,-27.984716745341586,27.984716745341586,-0.060266281152811824,0.060266281152811824,False,2187.823512835168,,
1929.13,1929,13,467.5888341912383,0.5791428571428572,470.1789493868897,467.1571483252964,1929,0.28279772691886096,1929-12-24,3.237687745297137,3.237687745297137,0.006924219546211322,0.006924219546211322,False,2187.823512835168,,
1929.14,1929,14,495.9323416207565,0.5528571428571428,516.7730027239134,477.3484869166725,1929,0.29993988021223356,1929-12-31,28.34350742951824,28.34350742951824,0.05715196419110079,0.05715196419110079,False,2187.823512835168,,
1929.15,1929,15,558.2708359984941,0.5088571428571428,571.8920920403683,532.5192229643311,1930,0.3376422016118892,1930-01-07,62.33849437773762,62.33849437773762,0.11166353382268704,0.11166353382268704,False,2187.823512835168,,
1929.16,1929,16,616.775519647451,0.4755714285714286,659.9420006160087,595.7090611902229,1930,0.37302583428277836,1930-01-14,58.50468364895687,58.50468364895687,0.09485571619703415,0.09485571619703415,False,2187.823512835168,,
1929.17,1929,17,630.3521970033405,0.46814285714285714,647.6489852382476,615.6277736669467,1930,0.38123700874762034,1930-01-21,13.576677355889501,13.576677355889501,0.021538240717542154,0.021538240717542154,False,2187.823512835168,,
1929.18,1929,18,647.6489852382475,0.4620000000000001,647.6489852382476,647.6489852382476,1930,0.3916981062720921,1930-01-28,17.296788234907012,17.296788234907012,0.026707041359053663,0.026707041359053663,False,2187.823512835168,,
1929.19,1929,19,664.5016938581592,0.45357142857142857,682.3088631722309,647.6489852382476,1930,0.40189062444541473,1930-02-04,16.85270861991171,16.85270861991171,0.025361423117017657,0.025361423117017657,False,2187.823512835168,,
1929.2,1929,20,715.094129917502,0.4327142857142857,720.3337222668207,691.9065967426677,1930,0.4324889297741052,1930-02-11,50.59243605934273,50.59243605934273,0.07074933766437072,0.07074933766437072,False,2187.823512835168,,
1929.21,1929,21,749.3679746287687,0.41628571428571426,803.6892968412517,720.3337222668207,1930,0.45321775105547923,1930-02-18,34.27384471126675,34.27384471126675,0.04573700220942289,0.04573700220942289,False,2187.823512835168,,
1929.22,1929,22,825.3929277464676,0.3867142857142857,847.0875422650073,779.3663976124346,1930,0.49919764270106365,1930-02-25,76.02495311769894,76.02495311769894,0.0921075896849109,0.0921075896849109,False,2187.823512835168,,
1929.23,1929,23,879.4751762826314,0.3685714285714286,891.8619896951615,847.0875422650073,1930,0.5319065866157355,1930-03-04,54.082248536163775,54.082248536163775,0.06149377491785362,0.06149377491785362,False,2187.823512835168,,
1929.24,1929,24,905.4211927358454,0.359,905.4211927358452,905.4211927358452,1930,0.5475987373666391,1930-03-11,25.94601645321393,25.94601645321393,0.028656294618877583,0.028656294618877583,False,2187.823512835168,,
1929.25,1929,25,917.4445436150361,0.3547142857142857,947.0029281802471,905.4211927358452,1930,0.5548704599783737,1930-03-18,12.02335087919073,12.02335087919073,0.01310526174346706,0.01310526174346706,False,2187.823512835168,,
1929.26,1929,26,965.9919458315165,0.3404285714285714,976.7769450097452,947.0029281802471,1930,0.5842319288389012,1930-03-25,48.547402216480464,48.547402216480464,0.05025652897622384,0.05025652897622384,False,2187.823512835168,,
1929.27,1929,27,1023.7663687743612,0.32542857142857146,1080.0406798008228,971.4321659369264,1930,0.6191738998347336,1930-04-01,57.774422942844694,57.774422942844694,0.05643321045211851,0.05643321045211851,False,2187.823512835168,,
1929.28,1929,28,1053.7451009922559,0.3178571428571429,1059.9978690640885,1042.8375986738163,1930,0.6373050370801164,1930-04-08,29.978732217894617,29.978732217894617,0.028449700207066428,0.028449700207066428,False,2187.823512835168,,
1929.29,1929,29,1086.5772407034115,0.30557142857142855,1107.711819429938,1059.9978690640885,1930,0.6571619151774233,1930-04-15,32.832139711155605,32.832139711155605,0.030216112100692673,0.030216112100692673,False,2187.823512835168,,
1929.3,1929,30,1142.0209830830072,0.2887142857142857,1172.2200796855432,1125.7884692412713,1930,0.6906942905686027,1930-04-22,55.44374237959573,55.44374237959573,0.048548794812788336,0.048548794812788336,False,2187.823512835168,,
1929.31,1929,31,1221.4972652394154,0.2704285714285714,1311.0784203230735,1186.6620966242278,1930,0.7387615460167983,1930-04-29,79.47628215640816,79.47628215640816,0.06506464190964086,0.06506464190964086,False,2187.823512835168,,
1929.32,1929,32,1539.5429280517985,0.2267142857142857,1745.9668486656192,1355.589210120566,1930,0.9311155628857277,1930-05-06,318.04566281238317,318.04566281238317,0.20658447193470034,0.20658447193470034,False,2187.823512835168,,
1929.33,1929,33,2054.256477614045,0.17042857142857143,2187.823512835168,1835.7736825262566,1930,1.242414317660974,1930-05-13,514.7135495622463,514.7135495622463,0.2505595358570173,0.2505595358570173,False,2187.823512835168,,
1929.34,1929,34,2130.057562337643,0.16285714285714284,2187.823512835168,2067.468969295266,1930,1.2882588137018067,1930-05-20,75.80108472359825,75.80108472359825,0.035586402012727746,0.035586402012727746,True,2187.823512835168,True,
1929.35,1929,35,1911.1133659682782,0.1852857142857143,2041.65817572948,1807.794012387604,1930,1.1558413637376146,1930-05-27,-218.94419636936482,218.94419636936482,-0.11456368851171489,0.11456368851171489,False,2187.823512835168,,
1929.36,1929,36,1700.0420460337884,0.20700000000000002,1801.689870916998,1609.5195834351925,1930,1.0281854294412354,1930-06-03,-211.0713199344898,211.0713199344898,-0.12415652920286345,0.12415652920286345,False,2187.823512835168,,
1929.37,1929,37,1446.5859512440527,0.23814285714285716,1551.1556592265113,1311.0784203230735,1930,0.8748951833124029,1930-06-10,-253.45609478973574,253.45609478973574,-0.1752098411931662,0.1752098411931662,False,2187.823512835168,,
1929.38,1929,38,1152.7189603217555,0.291,1291.2130338573666,1042.8375986738163,1930,0.6971644272025977,1930-06-17,-293.8669909222972,293.8669909222972,-0.25493377053524896,0.25493377053524896,False,2187.823512835168,,
1929.39,1929,39,1001.469278063593,0.3325714285714286,1027.8009259147987,971.4321659369264,1930,0.605688619372861,1930-06-24,-151.24968225816247,151.24968225816247,-0.15102778045334922,0.15102778045334922,False,2187.823512835168,,
1929.4,1929,40,903.8701391828066,0.3605714285714286,957.9333972550563,728.4970702319307,1930,0.5466606601777615,1930-07-01,-97.59913888078643,97.59913888078643,-0.10797916055621251,0.10797916055621251,False,2187.823512835168,,
1929.41,1929,41,652.5640405341666,0.45942857142857146,712.0837013457431,583.0034913422678,1930,0.39467073171506395,1930-07-08,-251.30609864864005,251.30609864864005,-0.3851056494668776,0.3851056494668776,False,2187.823512835168,,
1929.42,1929,42,523.7034371743097,0.5342857142857144,562.8280752081156,489.3436243127323,1930,0.31673583880302253,1930-07-15,-128.8606033598569,128.8606033598569,-0.24605643998660043,0.24605643998660043,False,2187.823512835168,,
1929.43,1929,43,481.09299001949665,0.5618571428571429,486.02502639130836,477.3484869166725,1930,0.29096504036379156,1930-07-22,-42.610447154813016,42.610447154813016,-0.08857008528244445,0.08857008528244445,False,2187.823512835168,,
1929.44,1929,44,458.3161758178784,0.5858571428571429,472.4927083802066,445.541354005931,1930,0.27718962313465284,1930-07-29,-22.776814201618265,22.776814201618265,-0.04969672772507404,0.04969672772507404,False,2187.823512835168,,
1929.45,1929,45,431.9766962611328,0.615,442.79918136912596,422.4698189706656,1930,0.2612595058987331,1930-08-05,-26.339479556745573,26.339479556745573,-0.06097430668070849,0.06097430668070849,False,2187.823512835168,,
1929.46,1929,46,402.30531198456123,0.6514285714285714,420.28892993659525,386.53109723034976,1930,0.24331425268826265,1930-08-12,-29.671384276571587,29.671384276571587,-0.07375339920371285,0.07375339920371285,False,2187.823512835168,,
1929.47,1929,47,375.8174034008456,0.6817142857142857,380.8369423592014,370.36474529587133,1930,0.22729436557683141,1930-08-19,-26.487908583715637,26.487908583715637,-0.07048079291704254,0.07048079291704254,False,2187.823512835168,,
1929.48,1929,48,348.0046945586992,0.7125714285714286,364.6825175805071,340.5953058875766,1930,0.2104732392691013,1930-08-26,-27.812708842146378,27.812708842146378,-0.07992049899618554,0.07992049899618554,False,2187.823512835168,,
1929.49,1929,49,322.5033588923349,0.751,338.3210417029997,306.020121877383,1930,0.1950500314580841,1930-09-02,-25.501335666364298,25.501335666364298,-0.07907308548335991,0.07907308548335991,False,2187.823512835168,,
1929.5,1929,50,289.2769655035862,0.8009999999999999,302.30479186612183,283.6079686159883,1930,0.17495470873656896,1930-09-09,-33.226393388748704,33.226393388748704,-0.11486014218555812,0.11486014218555812,False,2187.823512835168,,
1929.51,1929,51,275.6403147183052,0.8265714285714286,290.5219447532691,270.26224589706084,1930,0.16670726234163102,1930-09-16,-13.636650785281006,13.636650785281006,-0.04947262812124267,0.04947262812124267,False,2187.823512835168,,
1929.52,1929,52,267.5039700548316,0.8434285714285714,270.26224589706084,261.382924552137,1930,0.16178640108916215,1930-09-23,-8.136344663473608,8.136344663473608,-0.03041579032193751,0.03041579032193751,False,2187.823512835168,,
1929.53,1929,53,258.7976520087449,0.862,258.7976520087449,258.7976520087449,1930,0.022360117133555558,1930-09-30,-8.706318046086722,8.706318046086722,-0.03364141049391179,0.03364141049391179,False,2187.823512835168,,
1930.01,1930,1,257.589158854188,0.8637142857142858,258.7976520087449,256.6827889882703,1930,0.15578992327501293,1930-10-01,-1.2084931545568907,1.2084931545568907,-0.004691552858561782,0.004691552858561782,False,3355.9174512398436,,
1930.02,1930,2,242.98595562945033,0.884,256.6827889882703,236.19433422910615,1930,0.1469579059646916,1930-10-08,-14.603203224737655,14.603203224737655,-0.06009895998683687,0.06009895998683687,False,3355.9174512398436,,
1930.03,1930,3,235.58299671349226,0.895142857142857,236.19433422910615,234.76788002600708,1930,0.14248059641232014,1930-10-15,-7.402958915958067,7.402958915958067,-0.031423995021853314,0.031423995021853314,False,3355.9174512398436,,
1930.04,1930,4,227.32350633851593,0.9127142857142857,234.76788002600708,224.67104686473823,1930,0.13748525663353445,1930-10-22,-8.259490374976338,8.259490374976338,-0.03633363970146062,0.03633363970146062,False,3355.9174512398436,,
1930.05,1930,5,219.49967148332078,0.9254285714285714,224.67104686473823,202.1648125463628,1930,0.1327534013131124,1930-10-29,-7.823834855195145,7.823834855195145,-0.03564394790353779,0.03564394790353779,False,3355.9174512398436,,
1930.06,1930,6,201.31221277972554,0.9511428571428571,202.1648125463628,201.17011281861932,1930,0.12175362628917802,1930-11-05,-18.18745870359524,18.18745870359524,-0.09034453723627704,0.09034453723627704,False,3355.9174512398436,,True
1930.07,1930,7,214.70498404993342,0.9325714285714286,220.53049583159046,202.1648125463628,1930,0.12985357435339967,1930-11-12,13.392771270207874,13.392771270207874,0.06237755182754933,0.06237755182754933,False,3355.9174512398436,,
1930.08,1930,8,226.39082610812346,0.9144285714285714,234.76788002600708,220.53049583159046,1930,0.13692117163019307,1930-11-19,11.685842058190048,11.685842058190048,0.051618001749809996,0.051618001749809996,False,3355.9174512398436,,
1930.09,1930,9,251.0964404092563,0.8708571428571429,270.26224589706084,236.19433422910615,1930,0.15186312715951822,1930-11-26,24.70561430113284,24.70561430113284,0.09839093800320597,0.09839093800320597,False,3355.9174512398436,,
1930.1,1930,10,289.230316762375,0.8031428571428572,325.6607962357874,271.2725109404546,1930,0.1749264955778844,1930-12-03,38.13387635311872,38.13387635311872,0.1318460553512744,0.1318460553512744,False,3355.9174512398436,,
1930.11,1930,11,367.7166005227872,0.6914285714285714,380.8369423592014,344.6194637292325,1930,0.22239499999618162,1930-12-10,78.48628376041216,78.48628376041216,0.21344231848338435,0.21344231848338435,False,3355.9174512398436,,
1930.12,1930,12,379.0362481922108,0.6782857142857143,386.53109723034976,370.36474529587133,1930,0.2292411229066491,1930-12-17,11.319647669423603,11.319647669423603,0.029864287976181538,0.029864287976181538,False,3355.9174512398436,,
1930.13,1930,13,397.60397039343434,0.6545714285714286,417.85777193562865,389.13393637134163,1930,0.24047088129394908,1930-12-24,18.567722201223546,18.567722201223546,0.046699036186310064,0.046699036186310064,False,3355.9174512398436,,
1930.14,1930,14,449.6074036388068,0.5949999999999999,459.26044279675483,442.79918136912596,1930,0.2719225577207504,1930-12-31,52.003433245372435,52.003433245372435,0.11566409455114204,0.11566409455114204,False,3355.9174512398436,,
1930.15,1930,15,476.14801762381984,0.566857142857143,479.56309760929685,467.1571483252964,1931,0.2879743210588862,1931-01-07,26.540613985013067,26.540613985013067,0.05574025933671207,0.05574025933671207,False,3355.9174512398436,,
1930.16,1930,16,501.3797973999311,0.5494285714285715,512.1178199937132,486.02502639130836,1931,0.30323450146747827,1931-01-14,25.23177977611124,25.23177977611124,0.050324683816457876,0.050324683816457876,False,3355.9174512398436,,
1930.17,1930,17,567.180094468476,0.504,589.2318351168824,532.5192229643311,1931,0.3430305211345343,1931-01-21,65.80029706854492,65.80029706854492,0.11601305777525328,0.11601305777525328,False,3355.9174512398436,,
1930.18,1930,18,575.9565409515703,0.4951428571428571,589.2318351168824,571.8920920403683,1931,0.34833851596750964,1931-01-28,8.776446483094333,8.776446483094333,0.015238035961175594,0.015238035961175594,False,3355.9174512398436,,
1930.19,1930,19,592.3163513249298,0.4867142857142857,615.6277736669467,577.9502839498093,1931,0.35823292928131756,1931-02-04,16.359810373359437,16.359810373359437,0.027620055291002525,0.027620055291002525,False,3355.9174512398436,,
1930.2,1930,20,665.9513927735903,0.4527142857142857,691.9065967426677,630.1125986840717,1931,0.4027674023494674,1931-02-11,73.63504144866056,73.63504144866056,0.11057119520687743,0.11057119520687743,False,3355.9174512398436,,
1930.21,1930,21,723.1940048096475,0.4278571428571429,748.233943314839,702.6560160658968,1931,0.43738773410887477,1931-02-18,57.24261203605715,57.24261203605715,0.0791524980231605,0.0791524980231605,False,3355.9174512398436,,
1930.22,1930,22,782.721856369107,0.403,817.7246825595828,760.52821131929,1931,0.473390178732036,1931-02-25,59.527851559459464,59.527851559459464,0.07605236914629863,0.07605236914629863,False,3355.9174512398436,,
1930.23,1930,23,848.5391820085111,0.379,885.1094475277025,817.7246825595828,1931,0.5131964972787476,1931-03-04,65.8173256394042,65.8173256394042,0.07756545252702783,0.07756545252702783,False,3355.9174512398436,,
1930.24,1930,24,952.2489420905489,0.34485714285714286,1025.1570830002852,891.8619896951615,1931,0.5759201601763639,1931-03-11,103.70976008203775,103.70976008203775,0.10891034423661879,0.10891034423661879,False,3355.9174512398436,,
1930.25,1930,25,1101.6815828266658,0.302,1182.7486219934508,1042.8375986738163,1931,0.6662970212935675,1931-03-18,149.43264073611692,149.43264073611692,0.13564050000065042,0.13564050000065042,False,3355.9174512398436,,
1930.26,1930,26,1587.4864197176596,0.2227142857142857,2094.7380107984795,1216.5619918456675,1931,0.9601117866452406,1931-03-25,485.8048368909938,485.8048368909938,0.3060214127547598,0.3060214127547598,False,3355.9174512398436,,
1930.27,1930,27,2488.288968240703,0.126,2680.6729909616597,2266.0164419409257,1931,1.5049171679919768,1931-04-01,900.8025485230435,900.8025485230435,0.3620168557673342,0.3620168557673342,False,3355.9174512398436,,
1930.28,1930,28,2772.639375456777,0.10385714285714286,2895.457390346268,2704.817472781681,1931,1.6768922942762592,1931-04-08,284.350407216074,284.350407216074,0.10255585696904014,0.10255585696904014,False,3355.9174512398436,,
1930.29,1930,29,2974.6961536427325,0.08842857142857143,3004.2640135053875,2914.698847593973,1931,1.7990962337231244,1931-04-15,202.0567781859554,202.0567781859554,0.06792518218659817,0.06792518218659817,False,3355.9174512398436,,
1930.3,1930,30,3168.300631235158,0.07528571428571429,3251.016842748816,3020.841272673107,1931,1.9161882217710238,1931-04-22,193.6044775924256,193.6044775924256,0.061106725695076844,0.061106725695076844,False,3355.9174512398436,,
1930.31,1930,31,3320.380289709428,0.06771428571428571,3355.9174512398436,3278.6645629042023,1931,2.008165999216262,1931-04-29,152.07965847426976,152.07965847426976,0.04580187966589168,0.04580187966589168,True,3355.9174512398436,True,
1930.32,1930,32,3072.833494692462,0.0812857142857143,3210.822806441037,2942.868341840209,1931,1.8584496975900007,1931-05-06,-247.54679501696592,247.54679501696592,-0.0805597815321071,0.0805597815321071,False,3355.9174512398436,,
1930.33,1930,33,2686.722652225321,0.10985714285714286,2873.0524012848505,2542.9744128795624,1931,1.624929860065874,1931-05-13,-386.1108424671411,386.1108424671411,-0.14371071839042956,0.14371071839042956,False,3355.9174512398436,,
1930.34,1930,34,2267.8274582397958,0.14742857142857144,2496.800686844093,2155.2089572641244,1931,1.3715820467434285,1931-05-20,-418.8951939855251,418.8951939855251,-0.18471210958467543,0.18471210958467543,False,3355.9174512398436,,
1930.35,1930,35,1976.5448865867147,0.17857142857142858,2102.0563354773317,1860.314920798596,1931,1.195414347407645,1931-05-27,-291.28257165308105,291.28257165308105,-0.14736957082522698,0.14736957082522698,False,3355.9174512398436,,
1930.36,1930,36,1675.8393764395676,0.20942857142857144,1807.794012387604,1551.1556592265113,1931,1.0135476548706506,1931-06-03,-300.70551014714715,300.70551014714715,-0.1794357588052478,0.1794357588052478,False,3355.9174512398436,,
1930.37,1930,37,1438.4803258000336,0.23928571428571427,1528.8393753592509,1355.589210120566,1931,0.8699929010438601,1931-06-10,-237.35905063953396,237.35905063953396,-0.16500681057804734,0.16500681057804734,False,3355.9174512398436,,
1930.38,1930,38,1202.991123076185,0.2764285714285714,1327.7083044595875,1107.711819429938,1931,0.7275690312364768,1931-06-17,-235.48920272384862,235.48920272384862,-0.19575306767158512,0.19575306767158512,False,3355.9174512398436,,
1930.39,1930,39,1029.3008005851575,0.32399999999999995,1086.4244972913411,924.6839937244496,1931,0.6225211241939033,1931-06-24,-173.69032249102747,173.69032249102747,-0.16874593159966894,0.16874593159966894,False,3355.9174512398436,,
1930.4,1930,40,808.6098014880083,0.39357142857142857,891.8619896951615,728.4970702319307,1931,0.4890472079399475,1931-07-01,-220.6909990971492,220.6909990971492,-0.2729264457233048,0.2729264457233048,False,3355.9174512398436,,
1930.41,1930,41,652.6185806764921,0.459,712.0837013457431,601.777842158206,1931,0.39470371759314243,1931-07-08,-155.9912208115162,155.9912208115162,-0.23902356664411645,0.23902356664411645,False,3355.9174512398436,,
1930.42,1930,42,557.7653331439989,0.5101428571428571,583.0034913422678,532.5192229643311,1931,0.3373364734854905,1931-07-15,-94.85324753249324,94.85324753249324,-0.17005941727827836,0.17005941727827836,False,3355.9174512398436,,
1930.43,1930,43,505.62932660313385,0.5465714285714285,532.5192229643311,486.02502639130836,1931,0.3058046167295753,1931-07-22,-52.136006540865026,52.136006540865026,-0.10311112073170221,0.10311112073170221,False,3355.9174512398436,,
1930.44,1930,44,462.8074903262473,0.5815714285714285,479.56309760929685,445.541354005931,1931,0.27990597014931445,1931-07-29,-42.82183627688653,42.82183627688653,-0.09252623860236163,0.09252623860236163,False,3355.9174512398436,,
1930.45,1930,45,433.18926950288466,0.6134285714285715,442.79918136912596,422.4698189706656,1931,0.2619928701953446,1931-08-05,-29.618220823362662,29.618220823362662,-0.06837247113104086,0.06837247113104086,False,3355.9174512398436,,
1930.46,1930,46,411.915306797473,0.6389999999999999,422.4698189706656,402.90237744418727,1931,0.24912637755111172,1931-08-12,-21.273962705411634,21.273962705411634,-0.05164644856441675,0.05164644856441675,False,3355.9174512398436,,
1930.47,1930,47,369.52527815547904,0.6888571428571428,398.1467533267305,346.9384943839358,1931,0.2234888882284337,1931-08-19,-42.39002864199398,42.39002864199398,-0.11471482777467318,0.11471482777467318,False,3355.9174512398436,,
1930.48,1930,48,332.5271075191252,0.7358571428571429,344.6194637292325,323.62655383883583,1931,0.2011123946275669,1931-08-26,-36.99817063635385,36.99817063635385,-0.11126362272352762,0.11126362272352762,False,3355.9174512398436,,
1930.49,1930,49,313.9956385561538,0.7634285714285713,323.62655383883583,309.0284073518941,1931,0.18990456219876178,1931-09-02,-18.531468962971417,18.531468962971417,-0.05901823683980031,0.05901823683980031,False,3355.9174512398436,,
1930.5,1930,50,299.3464670307778,0.7849999999999999,309.0284073518941,290.5219447532691,1931,0.18104474326021444,1931-09-09,-14.649171525376005,14.649171525376005,-0.048937178616742544,0.048937178616742544,False,3355.9174512398436,,
1930.51,1930,51,290.0455340685497,0.7978571428571428,290.5219447532691,287.1870699602335,1931,0.1754195390046589,1931-09-16,-9.300932962228046,9.300932962228046,-0.032067147636308205,0.032067147636308205,False,3355.9174512398436,,
1930.52,1930,52,267.1270685744593,0.8431428571428572,281.3222739992266,249.7991800258312,1931,0.161558451073833,1931-09-23,-22.918465494090412,22.918465494090412,-0.08579611799132252,0.08579611799132252,False,3355.9174512398436,,
1930.53,1930,53,249.7991800258312,0.875,249.7991800258312,249.7991800258312,1931,0.021582649154231817,1931-09-30,-17.327888548628124,17.327888548628124,-0.06936727553243484,0.06936727553243484,False,3355.9174512398436,,
1931.01,1931,1,242.0025829205305,0.8854285714285713,249.7991800258312,236.19433422910615,1931,0.14636316215033687,1931-10-01,-7.796597105300691,7.796597105300691,-0.032216999551037684,0.032216999551037684,False,3803.114617748527,,
1931.02,1931,2,236.19433422910612,0.8929999999999999,236.19433422910615,236.19433422910615,1931,0.1428503333417634,1931-10-08,-5.808248691424382,5.808248691424382,-0.024590973828315623,0.024590973828315623,False,3803.114617748527,,True
1931.03,1931,3,236.19433422910612,0.8929999999999999,236.19433422910615,236.19433422910615,1931,0.1428503333417634,1931-10-15,0.0,0.0,0.0,0.0,False,3803.114617748527,,
1931.04,1931,4,246.4277000354085,0.8794285714285716,256.6827889882703,236.19433422910615,1931,0.14903947298141507,1931-10-22,10.233365806302373,10.233365806302373,0.04152684866527574,0.04152684866527574,False,3803.114617748527,,
1931.05,1931,5,265.5946099848503,0.8471428571428572,273.7644374568714,258.7976520087449,1931,0.16063162011883747,1931-10-29,19.166909949441816,19.166909949441816,0.07216603511093508,0.07216603511093508,False,3803.114617748527,,
1931.06,1931,6,293.53047170590224,0.7958571428571429,323.62655383883583,273.7644374568714,1931,0.17752722928772968,1931-11-05,27.935861721051936,27.935861721051936,0.09517193073243103,0.09517193073243103,False,3803.114617748527,,
1931.07,1931,7,285.7999608728528,0.8072857142857143,294.72326674738565,273.7644374568714,1931,0.17285181633590138,1931-11-12,-7.730510833049436,7.730510833049436,-0.027048677016749487,0.027048677016749487,False,3803.114617748527,,
1931.08,1931,8,319.94150840407383,0.7547142857142857,331.6115672476363,302.30479186612183,1931,0.19350062428278386,1931-11-19,34.14154753122102,34.14154753122102,0.10671184149104392,0.10671184149104392,False,3803.114617748527,,
1931.09,1931,9,378.0240218367966,0.6774285714285714,402.90237744418727,346.9384943839358,1931,0.22862892840689455,1931-11-26,58.08251343272275,58.08251343272275,0.1536476786594228,0.1536476786594228,False,3803.114617748527,,
1931.1,1931,10,515.3137479733622,0.549,589.2318351168824,408.00454625357366,1931,0.3116617547742894,1931-12-03,137.2897261365656,137.2897261365656,0.2664196844669909,0.2664196844669909,False,3803.114617748527,,
1931.11,1931,11,589.2318351168824,0.488,589.2318351168824,589.2318351168824,1931,0.3563674138786905,1931-12-10,73.91808714352021,73.91808714352021,0.12544822383681548,0.12544822383681548,False,3803.114617748527,,
1931.12,1931,12,600.7370271732608,0.4824285714285714,623.8090120652902,589.2318351168824,1931,0.36332575403438816,1931-12-17,11.505192056378405,11.505192056378405,0.019151794439100138,0.019151794439100138,False,3803.114617748527,,
1931.13,1931,13,622.6402637226696,0.4707142857142857,623.8090120652902,615.6277736669467,1931,0.37657283149947063,1931-12-24,21.903236549408803,21.903236549408803,0.03517799574742042,0.03517799574742042,False,3803.114617748527,,
1931.14,1931,14,634.9266557992406,0.4662857142857143,647.6489852382476,623.8090120652902,1931,0.38400364142738075,1931-12-31,12.286392076571019,12.286392076571019,0.019350884018414703,0.019350884018414703,False,3803.114617748527,,
1931.15,1931,15,744.1897486060036,0.42057142857142854,819.2739407352476,647.6489852382476,1932,0.4500859599569109,1932-01-07,109.26309280676298,109.26309280676298,0.1468215505674886,0.1468215505674886,False,3803.114617748527,,
1931.16,1931,16,863.3947072625131,0.3742857142857143,891.8619896951615,834.6935677067364,1932,0.5221811189523679,1932-01-14,119.20495865650946,119.20495865650946,0.138065426685857,0.138065426685857,False,3803.114617748527,,
1931.17,1931,17,934.5683035340061,0.3488571428571429,947.0029281802471,906.4211780013767,1932,0.5652269099773668,1932-01-21,71.17359627149301,71.17359627149301,0.07615665543369589,0.07615665543369589,False,3803.114617748527,,
1931.18,1931,18,951.6113919842319,0.3447142857142857,971.4321659369264,906.4211780013767,1932,0.5755345698720633,1932-01-28,17.04308845022581,17.04308845022581,0.01790971461017168,0.01790971461017168,False,3803.114617748527,,
1931.19,1931,19,1013.2286980670293,0.32942857142857135,1022.7291742398579,989.4775076349575,1932,0.6128007165909392,1932-02-04,61.61730608279743,61.61730608279743,0.06081283149633133,0.06081283149633133,False,3803.114617748527,,
1931.2,1931,20,1059.397297590857,0.31642857142857145,1080.0406798008228,1025.1570830002852,1932,0.6407234855829504,1932-02-11,46.168599523827766,46.168599523827766,0.04358006163392937,0.04358006163392937,False,3803.114617748527,,
1931.21,1931,21,1110.9337121538742,0.29757142857142854,1132.2744617454025,1082.8793953113418,1932,0.6718927091106631,1932-02-18,51.53641456301716,51.53641456301716,0.04639017971927285,0.04639017971927285,False,3803.114617748527,,
1931.22,1931,22,1288.923967911038,0.2611428571428572,1431.7953534582748,1186.6620966242278,1932,0.7795412157925957,1932-02-25,177.99025575716382,177.99025575716382,0.13809212970539528,0.13809212970539528,False,3803.114617748527,,
1931.23,1931,23,1843.9609768894168,0.1922857142857143,2293.9632006513275,1492.9232463956196,1932,1.1152275988227194,1932-03-03,555.0370089783787,555.0370089783787,0.3010025786525441,0.3010025786525441,False,3803.114617748527,,
1931.24,1931,24,2848.2777830738055,0.09914285714285716,3488.168641405712,2363.8308777702473,1932,1.7226384032030375,1932-03-10,1004.3168061843887,1004.3168061843887,0.3526049362715422,0.3526049362715422,False,3803.114617748527,,
1931.25,1931,25,3676.469084778614,0.048857142857142856,3773.148259641381,3600.306705040052,1932,2.223528502474106,1932-03-17,828.1913017048087,828.1913017048087,0.22526812618490435,0.22526812618490435,False,3803.114617748527,,
1931.26,1931,26,3740.799175219262,0.04699999999999999,3803.114617748527,3639.447141738064,1932,2.2624353411726097,1932-03-24,64.33009044064784,64.33009044064784,0.01719688425585616,0.01719688425585616,True,3803.114617748527,True,
1931.27,1931,27,3536.518864183467,0.054285714285714284,3600.306705040052,3467.070774707111,1932,2.138886609058161,1932-03-31,-204.28031103579497,204.28031103579497,-0.05776310515537444,0.05776310515537444,False,3803.114617748527,,
1931.28,1931,28,3283.3675885348953,0.0692857142857143,3441.0052160059477,3169.0574299794807,1932,1.9857807175459046,1932-04-07,-253.15127564857175,253.15127564857175,-0.07710110696485645,0.07710110696485645,False,3803.114617748527,,
1931.29,1931,29,2962.992301620118,0.08914285714285715,3148.2868262135407,2671.4046921253907,1932,1.7920177440198473,1932-04-14,-320.37528691477746,320.37528691477746,-0.10812558869613036,0.10812558869613036,False,3803.114617748527,,
1931.3,1931,30,2513.9994759242336,0.12328571428571429,2645.619049709331,2384.832211470341,1932,1.5204668830389765,1932-04-21,-448.9928256958842,448.9928256958842,-0.17859702438116812,0.17859702438116812,False,3803.114617748527,,
1931.31,1931,31,2205.8147701216267,0.15414285714285716,2335.160165612593,2094.7380107984795,1932,1.3340767729695597,1932-04-28,-308.1847058026069,308.1847058026069,-0.13971468047863958,0.13971468047863958,False,3803.114617748527,,
1931.32,1931,32,1956.6280745077827,0.1807142857142857,2067.468969295266,1860.314920798596,1932,1.1833686594623072,1932-05-05,-249.186695613844,249.186695613844,-0.12735516721875229,0.12735516721875229,False,3803.114617748527,,
1931.33,1931,33,1740.9481580497754,0.20257142857142857,1835.7736825262566,1609.5195834351925,1932,1.0529254459885042,1932-05-12,-215.67991645800726,215.67991645800726,-0.123886466958105,0.123886466958105,False,3803.114617748527,,
1931.34,1931,34,1503.956633145064,0.22957142857142854,1551.1556592265113,1436.9972565708524,1932,0.9095929717261346,1932-05-19,-236.99152490471147,236.99152490471147,-0.15757869587576898,0.15757869587576898,False,3803.114617748527,,
1931.35,1931,35,1339.9588837009849,0.2532857142857143,1414.1459885179058,1231.9889272331854,1932,0.8104071328623556,1932-05-26,-163.9977494440791,163.9977494440791,-0.12239013557723133,0.12239013557723133,False,3803.114617748527,,
1931.36,1931,36,1173.8800551970758,0.2802857142857143,1208.137555230546,1127.726717014242,1932,0.7099626573831914,1932-06-02,-166.0788285039091,166.0788285039091,-0.14147853332087418,0.14147853332087418,False,3803.114617748527,,
1931.37,1931,37,1076.7186577141856,0.3092857142857143,1125.7884692412713,1022.7291742398579,1932,0.6511994441855394,1932-06-09,-97.16139748289015,97.16139748289015,-0.09023842652560553,0.09023842652560553,False,3803.114617748527,,
1931.38,1931,38,889.7495773307602,0.36500000000000005,957.9333972550563,819.2739407352476,1932,0.5381205443696437,1932-06-16,-186.96908038342542,186.96908038342542,-0.21013674537989754,0.21013674537989754,False,3803.114617748527,,
1931.39,1931,39,724.0732307463924,0.4271428571428571,803.6892968412517,666.8063237852695,1932,0.43791948995541813,1932-06-23,-165.67634658436782,165.67634658436782,-0.2288115891449054,0.2288115891449054,False,3803.114617748527,,
1931.4,1931,40,620.5057696356253,0.4739999999999999,647.6489852382476,583.0034913422678,1932,0.37528188947562613,1932-06-30,-103.56746111076711,103.56746111076711,-0.16690813555462058,0.16690813555462058,False,3803.114617748527,,
1931.41,1931,41,550.8923134426565,0.515,571.8920920403683,532.5192229643311,1932,0.33317967117011865,1932-07-07,-69.61345619296878,69.61345619296878,-0.12636490743161366,0.12636490743161366,False,3803.114617748527,,
1931.42,1931,42,493.4355663985413,0.556,523.0192327708844,467.1571483252964,1932,0.2984298305578377,1932-07-14,-57.45674704411516,57.45674704411516,-0.11644224891099178,0.11644224891099178,False,3803.114617748527,,
1931.43,1931,43,448.9236664341823,0.5967142857142856,462.56506724863937,440.0331111664572,1932,0.2715090334593934,1932-07-21,-44.51189996435903,44.51189996435903,-0.09915249137546867,0.09915249137546867,False,3803.114617748527,,
1931.44,1931,44,425.2032693595278,0.6235714285714286,440.0331111664572,413.7323824701425,1932,0.25716293730864237,1932-07-28,-23.7203970746545,23.7203970746545,-0.05578601761548987,0.05578601761548987,False,3803.114617748527,,
1931.45,1931,45,399.37509061770623,0.6532857142857144,408.00454625357366,386.53109723034976,1932,0.24154205480558874,1932-08-04,-25.828178741821546,25.828178741821546,-0.06467148139327761,0.06467148139327761,False,3803.114617748527,,
1931.46,1931,46,376.6308540967239,0.6811428571428573,386.53109723034976,370.36474529587133,1932,0.22778634055769864,1932-08-11,-22.744236520982327,22.744236520982327,-0.060388670427785236,0.060388670427785236,False,3803.114617748527,,
1931.47,1931,47,353.3614828660929,0.707,364.6825175805071,340.5953058875766,1932,0.21371302483741297,1932-08-18,-23.26937123063101,23.26937123063101,-0.06585146474339702,0.06585146474339702,False,3803.114617748527,,
1931.48,1931,48,330.32515484404297,0.7392857142857141,340.5953058875766,323.62655383883583,1932,0.19978065364967718,1932-08-25,-23.03632802204993,23.03632802204993,-0.06973834019067096,0.06973834019067096,False,3803.114617748527,,
1931.49,1931,49,310.51991749226454,0.7684285714285713,323.62655383883583,302.30479186612183,1932,0.18780244609932156,1932-09-01,-19.80523735177843,19.80523735177843,-0.06378089209775667,0.06378089209775667,False,3803.114617748527,,
1931.5,1931,50,291.85257611339733,0.796,302.30479186612183,287.1870699602335,1932,0.1765124380333828,1932-09-08,-18.667341378867206,18.667341378867206,-0.06396154396668453,0.06396154396668453,False,3803.114617748527,,
1931.51,1931,51,275.18237862147447,0.8271428571428572,283.6079686159883,271.2725109404546,1932,0.16643030259026778,1932-09-15,-16.670197491922863,16.670197491922863,-0.06057872446423416,0.06057872446423416,False,3803.114617748527,,
1931.52,1931,52,265.9934467336676,0.8465714285714286,270.26224589706084,258.7976520087449,1932,0.16087283658452217,1932-09-22,-9.18893188780686,9.18893188780686,-0.03454570780086737,0.03454570780086737,False,3803.114617748527,,
1931.53,1931,53,256.6827889882703,0.865,256.6827889882703,256.6827889882703,1932,0.04435478593717311,1932-09-29,-9.310657745397293,9.310657745397293,-0.036273011455484706,0.036273011455484706,False,3803.114617748527,,
1932.01,1932,1,244.9295050289825,0.8814285714285715,256.6827889882703,236.19433422910615,1932,0.14813336464152865,1932-10-01,-11.753283959287813,11.753283959287813,-0.047986394933909854,0.047986394933909854,False,1617.3520421001313,,
1932.02,1932,2,226.2999875186875,0.9144285714285713,234.76788002600708,222.2828362851385,1932,0.1368662324513022,1932-10-08,-18.629517510295017,18.629517510295017,-0.08232222067072197,0.08232222067072197,False,1617.3520421001313,,
1932.03,1932,3,215.44206692530653,0.9312857142857143,222.2828362851385,206.59664326312716,1932,0.1302993620764254,1932-10-15,-10.857920593380953,10.857920593380953,-0.05039833096822906,0.05039833096822906,False,1617.3520421001313,,
1932.04,1932,4,199.47693440195795,0.9554285714285713,202.1648125463628,195.20770377157243,1932,0.12064364992630414,1932-10-22,-15.965132523348586,15.965132523348586,-0.08003498034102474,0.08003498034102474,False,1617.3520421001313,,
1932.05,1932,5,195.2077037715724,0.965,195.20770377157243,195.20770377157243,1932,0.118061619241047,1932-10-29,-4.26923063038555,4.26923063038555,-0.02187019542723225,0.02187019542723225,False,1617.3520421001313,,True
1932.06,1932,6,195.2077037715724,0.965,195.20770377157243,195.20770377157243,1932,0.118061619241047,1932-11-05,0.0,0.0,0.0,0.0,False,1617.3520421001313,,
1932.07,1932,7,199.53211325163514,0.9552857142857142,206.59664326312716,195.20770377157243,1932,0.12067702209458891,1932-11-12,4.324409480062741,4.324409480062741,0.021672749361447977,0.021672749361447977,False,1617.3520421001313,,
1932.08,1932,8,245.23918564895348,0.8798571428571428,271.2725109404546,206.59664326312716,1932,0.14832065948048706,1932-11-19,45.70707239731834,45.70707239731834,0.1863775247677813,0.1863775247677813,False,1617.3520421001313,,
1932.09,1932,9,271.1850214928585,0.8354285714285715,283.6079686159883,256.6827889882703,1932,0.16401270099888077,1932-11-26,25.945835843905,25.945835843905,0.09567577036915467,0.09567577036915467,False,1617.3520421001313,,
1932.1,1932,10,273.81404053159696,0.8291428571428572,283.6079686159883,270.26224589706084,1932,0.16560273171350984,1932-12-03,2.629019038738477,2.629019038738477,0.009601476365617926,0.009601476365617926,False,1617.3520421001313,,
1932.11,1932,11,308.8009692656072,0.7715714285714286,329.2057950036568,287.1870699602335,1932,0.18676282621183923,1932-12-10,34.986928734010235,34.986928734010235,0.11329928405735389,0.11329928405735389,False,1617.3520421001313,,
1932.12,1932,12,371.2418152086363,0.6868571428571428,386.53109723034976,344.6194637292325,1932,0.22452704983818325,1932-12-17,62.4408459430291,62.4408459430291,0.16819453893667022,0.16819453893667022,False,1617.3520421001313,,
1932.13,1932,13,423.6202249649255,0.626,453.07261391760653,389.13393637134163,1932,0.25620551205878694,1932-12-24,52.378409756289216,52.378409756289216,0.1236447333472475,0.1236447333472475,False,1617.3520421001313,,
1932.14,1932,14,481.35598088458033,0.5657142857142857,512.1178199937132,459.26044279675483,1932,0.2911240972389942,1932-12-31,57.73575591965482,57.73575591965482,0.1199439878435804,0.1199439878435804,False,1617.3520421001313,,
1932.15,1932,15,567.1247240538008,0.5034285714285714,601.777842158206,532.5192229643311,1933,0.34299703310773877,1933-01-07,85.7687431692205,85.7687431692205,0.15123435733174626,0.15123435733174626,False,1617.3520421001313,,
1932.16,1932,16,647.9769357880463,0.4612857142857143,702.6560160658968,589.2318351168824,1933,0.39189645076461044,1933-01-14,80.85221173424543,80.85221173424543,0.12477637284406716,0.12477637284406716,False,1617.3520421001313,,
1932.17,1932,17,698.6015275942912,0.4388571428571428,720.3337222668207,666.8063237852695,1933,0.4225142038890273,1933-01-21,50.624591806244894,50.624591806244894,0.07246561853446853,0.07246561853446853,False,1617.3520421001313,,
1932.18,1932,18,694.2758772173989,0.4402857142857144,702.6560160658968,682.3088631722309,1933,0.41989805054108287,1933-01-28,-4.325650376892213,4.325650376892213,-0.006230448901997095,0.006230448901997095,False,1617.3520421001313,,
1932.19,1932,19,730.4694878829134,0.42371428571428577,739.6475434553279,705.8654488603318,1933,0.4417879462715861,1933-02-04,36.193610665514484,36.193610665514484,0.04954842230359653,0.04954842230359653,False,1617.3520421001313,,
1932.2,1932,20,772.8920239571236,0.4057142857142857,817.7246825595828,748.233943314839,1933,0.46744509608926826,1933-02-11,42.42253607421014,42.42253607421014,0.0548880500241306,0.0548880500241306,False,1617.3520421001313,,
1932.21,1932,21,859.8290999188303,0.3748571428571429,905.4211927358452,819.2739407352476,1933,0.5200246396309084,1933-02-18,86.93707596170668,86.93707596170668,0.10110971583761673,0.10110971583761673,False,1617.3520421001313,,
1932.22,1932,22,936.3427815202874,0.3488571428571428,971.4321659369264,905.4211927358452,1933,0.5663001142634697,1933-02-25,76.51368160145717,76.51368160145717,0.0817154605252856,0.0817154605252856,False,1617.3520421001313,,
1932.23,1932,23,1021.7722734982601,0.3264285714285714,1059.9978690640885,989.4775076349575,1933,0.6179678710117477,1933-03-04,85.4294919779727,85.4294919779727,0.08360913110852598,0.08360913110852598,False,1617.3520421001313,,
1932.24,1932,24,1099.7416506878233,0.302,1132.2744617454025,1080.0406798008228,1933,0.6651237503359955,1933-03-11,77.96937718956315,77.96937718956315,0.07089790328555613,0.07089790328555613,False,1617.3520421001313,,
1932.25,1932,25,1202.5462742333464,0.2748571428571428,1297.4934435018629,1151.4124173518942,1933,0.7272999866563279,1933-03-18,102.8046235455231,102.8046235455231,0.08548912066694785,0.08548912066694785,False,1617.3520421001313,,
1932.26,1932,26,1384.8972540991363,0.24700000000000003,1446.688358904274,1311.0784203230735,1933,0.8375858592791576,1933-03-25,182.3509798657899,182.3509798657899,0.131671125295434,0.131671125295434,False,1617.3520421001313,,
1932.27,1932,27,1526.0056608564703,0.22685714285714287,1609.5195834351925,1466.3705361774826,1933,0.9229282236859933,1933-04-01,141.10840675733402,141.10840675733402,0.09246912405170042,0.09246912405170042,False,1617.3520421001313,,
1932.28,1932,28,1568.3534860209163,0.22171428571428572,1617.3520421001313,1511.0711996298642,1933,0.9485401883454502,1933-04-08,42.34782516444602,42.34782516444602,0.02700145441821733,0.02700145441821733,True,1617.3520421001313,True,
1932.29,1932,29,1467.418639732245,0.23428571428571426,1511.0711996298642,1414.1459885179058,1933,0.8874947933100618,1933-04-15,-100.93484628867122,100.93484628867122,-0.0687839472361401,0.0687839472361401,False,1617.3520421001313,,
1932.3,1932,30,1372.1888631923289,0.24885714285714286,1399.6225280663384,1291.2130338573666,1933,0.8298998244587207,1933-04-22,-95.2297765399162,95.2297765399162,-0.06939990484864371,0.06939990484864371,False,1617.3520421001313,,
1932.31,1932,31,1191.5228909216387,0.2764285714285714,1246.0803627849048,1141.726989184771,1933,0.720633044429407,1933-04-29,-180.6659722706902,180.6659722706902,-0.15162610273558882,0.15162610273558882,False,1617.3520421001313,,
1932.32,1932,32,1093.257799953348,0.30428571428571427,1127.726717014242,1059.9978690640885,1933,0.6612023174117849,1933-05-06,-98.26509096829068,98.26509096829068,-0.08988281718409316,0.08988281718409316,False,1617.3520421001313,,
1932.33,1932,33,985.1566572648379,0.33571428571428574,1027.8009259147987,941.1240560143013,1933,0.595822746313774,1933-05-13,-108.1011426885101,108.1011426885101,-0.10972990122062329,0.10972990122062329,False,1617.3520421001313,,
1932.34,1932,34,833.1490735213796,0.38499999999999995,924.6839937244496,739.6475434553279,1933,0.5038885596657305,1933-05-20,-152.00758374345833,152.00758374345833,-0.18244944221204565,0.18244944221204565,False,1617.3520421001313,,
1932.35,1932,35,667.6625872669537,0.45228571428571435,728.4970702319307,608.7950640130589,1933,0.40380233277905364,1933-05-27,-165.48648625442593,165.48648625442593,-0.2478594568730252,0.2478594568730252,False,1617.3520421001313,,
1932.36,1932,36,535.657038864143,0.5252857142857142,589.2318351168824,479.56309760929685,1933,0.32396537710503365,1933-06-03,-132.00554840281063,132.00554840281063,-0.246436691437356,0.246436691437356,False,1617.3520421001313,,
1932.37,1932,37,455.5728280943878,0.5888571428571429,472.4927083802066,442.79918136912596,1933,0.2755304464314858,1933-06-10,-80.08421076975526,80.08421076975526,-0.17578794394902547,0.17578794394902547,False,1617.3520421001313,,
1932.38,1932,38,425.85675142813403,0.6224285714285714,440.0331111664572,420.28892993659525,1933,0.25755816326373543,1933-06-17,-29.71607666625374,29.71607666625374,-0.06977951286811644,0.06977951286811644,False,1617.3520421001313,,
1932.39,1932,39,401.2940683558415,0.6509999999999999,413.7323824701425,389.13393637134163,1933,0.24270265254161297,1933-06-24,-24.562683072292543,24.562683072292543,-0.06120868711797642,0.06120868711797642,False,1617.3520421001313,,
1932.4,1932,40,373.67310778743825,0.6842857142857143,386.53109723034976,353.9823107128336,1933,0.2259974955898427,1933-07-01,-27.620960568403234,27.620960568403234,-0.07391744279364962,0.07391744279364962,False,1617.3520421001313,,
1932.41,1932,41,340.1243874975078,0.7231428571428572,346.9384943839358,329.2057950036568,1933,0.20570722955849272,1933-07-08,-33.54872028993043,33.54872028993043,-0.09863662096319467,0.09863662096319467,False,1617.3520421001313,,
1932.42,1932,42,323.20995696294074,0.7502857142857141,329.2057950036568,309.0284073518941,1933,0.1954773819711865,1933-07-15,-16.91443053456709,16.91443053456709,-0.05233264065718897,0.05233264065718897,False,1617.3520421001313,,
1932.43,1932,43,304.63402777324205,0.7772857142857141,309.0284073518941,294.72326674738565,1933,0.18424265999725684,1933-07-22,-18.575929189698684,18.575929189698684,-0.06097785373972042,0.06097785373972042,False,1617.3520421001313,,
1932.44,1932,44,289.09271269911096,0.7995714285714286,290.5219447532691,287.1870699602335,1933,0.17484327264042238,1933-07-29,-15.541315074131091,15.541315074131091,-0.053758930583305865,0.053758930583305865,False,1617.3520421001313,,
1932.45,1932,45,270.35248698756,0.8371428571428571,281.3222739992266,258.7976520087449,1933,0.16350918413007626,1933-08-05,-18.740225711550977,18.740225711550977,-0.06931774854511803,0.06931774854511803,False,1617.3520421001313,,
1932.46,1932,46,243.76554916649894,0.8832857142857142,256.6827889882703,234.76788002600708,1933,0.14742940413589856,1933-08-12,-26.586937821061042,26.586937821061042,-0.10906765911741446,0.10906765911741446,False,1617.3520421001313,,
1932.47,1932,47,226.1908533220654,0.9151428571428573,231.43340615217082,224.67104686473823,1933,0.13680022808918518,1933-08-19,-17.574695844433535,17.574695844433535,-0.07769852576403488,0.07769852576403488,False,1617.3520421001313,,
1932.48,1932,48,221.7821675841248,0.9231428571428573,222.2828362851385,220.53049583159046,1933,0.13413385495487865,1933-08-26,-4.408685737940601,4.408685737940601,-0.01987845003935373,0.01987845003935373,False,1617.3520421001313,,
1932.49,1932,49,205.7129594089525,0.9427142857142856,209.2745177174335,202.1648125463628,1933,0.12441519785053447,1933-09-02,-16.069208175172292,16.069208175172292,-0.07811471003743174,0.07811471003743174,False,1617.3520421001313,,
1932.5,1932,50,200.1866071618584,0.9544285714285713,201.17011281861932,195.20770377157243,1933,0.12107286001149198,1933-09-09,-5.52635224709411,5.52635224709411,-0.027606003845331403,0.027606003845331403,False,1617.3520421001313,,
1932.51,1932,51,195.14884240199441,0.9652857142857142,195.20770377157243,194.7956741845264,1933,0.11802601988472622,1933-09-16,-5.03776475986399,5.03776475986399,-0.025814986642280508,0.025814986642280508,False,1617.3520421001313,,
1932.52,1932,52,192.176465030789,0.9720000000000002,194.7956741845264,189.23960472725517,1933,0.11622832605062118,1933-09-23,-2.9723773712054253,2.9723773712054253,-0.015466916673325294,0.015466916673325294,False,1617.3520421001313,,
1932.53,1932,53,188.71982882241662,0.978,188.71982882241662,188.71982882241662,1933,0.016305393210256796,1933-09-30,-3.456636208372373,3.456636208372373,-0.018316232215455388,0.018316232215455388,False,1617.3520421001313,,
1933.01,1933,1,186.59944455979175,0.9792857142857143,188.71982882241662,182.70050873555303,1933,0.11285534406976207,1933-10-01,-2.1203842626248672,2.1203842626248672,-0.011363293538344033,0.011363293538344033,False,5588.707650475971,,
1933.02,1933,2,175.5511665269098,0.9851428571428572,178.2793688535273,171.1379824381925,1933,0.10617334551547505,1933-10-08,-11.048278032881939,11.048278032881939,-0.06293480272139562,0.06293480272139562,False,5588.707650475971,,
1933.03,1933,3,166.6753399142471,0.9895714285714285,171.1379824381925,162.78130282482888,1933,0.10080524558013663,1933-10-15,-8.875826612662706,8.875826612662706,-0.05325218845948798,0.05325218845948798,False,5588.707650475971,,
1933.04,1933,4,164.71959760745102,0.9905714285714285,171.1379824381925,158.54189668353825,1933,0.09962241263298638,1933-10-22,-1.9557423067960826,1.9557423067960826,-0.011873161027608142,0.011873161027608142,False,5588.707650475971,,True
1933.05,1933,5,179.24985965788,0.9832857142857144,185.77870557191315,171.1379824381925,1933,0.10841031512108583,1933-10-29,14.530262050428973,14.530262050428973,0.08106149749942194,0.08106149749942194,False,5588.707650475971,,
1933.06,1933,6,191.27097434040044,0.9734285714285714,195.20770377157243,188.71982882241662,1933,0.11568068528107417,1933-11-05,12.021114682520448,12.021114682520448,0.06284860901647708,0.06284860901647708,False,5588.707650475971,,
1933.07,1933,7,209.3773213480033,0.9398571428571428,222.2828362851385,199.0925590239552,1933,0.1266314039512724,1933-11-12,18.106347007602864,18.106347007602864,0.08647711648535489,0.08647711648535489,False,5588.707650475971,,
1933.08,1933,8,228.2873443678257,0.9102857142857141,236.19433422910615,222.2828362851385,1933,0.13806818587366101,1933-11-19,18.910023019822404,18.910023019822404,0.08283430284840415,0.08283430284840415,False,5588.707650475971,,
1933.09,1933,9,260.8249794217796,0.8542857142857143,287.1870699602335,239.64129376144416,1933,0.15774694755429225,1933-11-26,32.53763505395386,32.53763505395386,0.12474892215494941,0.12474892215494941,False,5588.707650475971,,
1933.1,1933,10,321.4252440166644,0.7525714285714286,344.6194637292325,306.020121877383,1933,0.19439798758127863,1933-12-03,60.600264594884834,60.600264594884834,0.1885361082334373,0.1885361082334373,False,5588.707650475971,,
1933.11,1933,11,377.3256350394741,0.6795714285714286,402.90237744418727,360.34880084276085,1933,0.22820654407187393,1933-12-10,55.900391022809686,55.900391022809686,0.14814893511531926,0.14814893511531926,False,5588.707650475971,,
1933.12,1933,12,435.1053932354753,0.6128571428571428,462.56506724863937,408.00454625357366,1933,0.26315174182881546,1933-12-17,57.77975819600118,57.77975819600118,0.13279485635962063,0.13279485635962063,False,5588.707650475971,,
1933.13,1933,13,484.2563601435149,0.5625714285714286,512.1178199937132,462.56506724863937,1933,0.2928782466147978,1933-12-24,49.15096690803961,49.15096690803961,0.10149782419682243,0.10149782419682243,False,5588.707650475971,,
1933.14,1933,14,552.2449269022538,0.5134285714285715,571.8920920403683,527.3375978981461,1933,0.33399773179048314,1933-12-31,67.98856675873895,67.98856675873895,0.12311306713148455,0.12311306713148455,False,5588.707650475971,,
1933.15,1933,15,608.7467916124007,0.47799999999999987,623.8090120652902,589.2318351168824,1934,0.36817005956717996,1934-01-07,56.50186471014683,56.50186471014683,0.0928166940485865,0.0928166940485865,False,5588.707650475971,,
1933.16,1933,16,654.6774657109612,0.45814285714285713,682.3088631722309,630.1125986840717,1934,0.3959489312619894,1934-01-14,45.93067409856053,45.93067409856053,0.07015771353712491,0.07015771353712491,False,5588.707650475971,,
1933.17,1933,17,709.1425734237545,0.4335714285714286,739.6475434553279,682.3088631722309,1934,0.42888942840668676,1934-01-21,54.46510771279327,54.46510771279327,0.0768041713386839,0.0768041713386839,False,5588.707650475971,,
1933.18,1933,18,749.8230296626704,0.4142857142857142,760.52821131929,739.6475434553279,1934,0.453492968339983,1934-01-28,40.680456238915895,40.680456238915895,0.054253409977574545,0.054253409977574545,False,5588.707650475971,,
1933.19,1933,19,788.2016113615567,0.40099999999999997,817.7246825595828,760.52821131929,1934,0.47670433455146954,1934-02-04,38.378581698886364,38.378581698886364,0.04869132610956017,0.04869132610956017,False,5588.707650475971,,
1933.2,1933,20,829.8453148075497,0.3852857142857143,834.6935677067364,817.7246825595828,1934,0.5018904463956062,1934-02-11,41.64370344599297,41.64370344599297,0.050182489077076495,0.050182489077076495,False,5588.707650475971,,
1933.21,1933,21,983.6586998469032,0.33657142857142863,1127.726717014242,843.5265543863715,1934,0.5949167816674071,1934-02-18,153.81338503935353,153.81338503935353,0.15636865211815143,0.15636865211815143,False,5588.707650475971,,
1933.22,1933,22,1434.231106607115,0.24157142857142858,1716.4923972873114,1172.2200796855432,1934,0.8674229732759833,1934-02-25,450.5724067602117,450.5724067602117,0.3141560691889518,0.3141560691889518,False,5588.707650475971,,
1933.23,1933,23,2191.404154905664,0.1558571428571429,2567.771472034419,1832.2961330880007,1934,1.3253612328869457,1934-03-04,757.1730482985492,757.1730482985492,0.345519582320562,0.345519582320562,False,5588.707650475971,,
1933.24,1933,24,3131.5752472531526,0.07914285714285717,3553.830100561378,2716.0232486595064,1934,1.8939767095387066,1934-03-11,940.1710923474884,940.1710923474884,0.3002230564863978,0.3002230564863978,False,5588.707650475971,,
1933.25,1933,25,4667.98385815263,0.024857142857142862,5396.855655881256,3811.676948218156,1934,2.823196637410711,1934-03-18,1536.4086108994775,1536.4086108994775,0.3291375158069883,0.3291375158069883,False,5588.707650475971,,
1933.26,1933,26,5465.255915196766,0.010857142857142857,5588.707650475971,5278.010080717362,1934,3.3053867775110044,1934-03-25,797.2720570441361,797.2720570441361,0.14588009590314524,0.14588009590314524,True,5588.707650475971,True,
1933.27,1933,27,4874.4624575033695,0.019,5168.2234116951895,4525.162733396875,1934,2.948074894298038,1934-04-01,-590.7934576933967,590.7934576933967,-0.12120176590630523,0.12120176590630523,False,5588.707650475971,,
1933.28,1933,28,4223.728317344978,0.031714285714285716,4496.174938445523,3988.051260004569,1934,2.5545108863302426,1934-04-08,-650.7341401583917,650.7341401583917,-0.15406628723872115,0.15406628723872115,False,5588.707650475971,,
1933.29,1933,29,3739.9699364624835,0.046857142857142854,3950.3268111987895,3496.366435549196,1934,2.26193381757251,1934-04-15,-483.7583808824943,483.7583808824943,-0.12934820041362838,0.12934820041362838,False,5588.707650475971,,
1933.3,1933,30,3288.0856152019246,0.06885714285714287,3467.070774707111,3080.145690401829,1934,1.988634180074124,1934-04-22,-451.88432126055886,451.88432126055886,-0.13743082575810855,0.13743082575810855,False,5588.707650475971,,
1933.31,1933,31,2905.9856356292485,0.09342857142857142,3080.145690401829,2782.206511497961,1934,1.7575401124285697,1934-04-29,-382.09997957267615,382.09997957267615,-0.1314872224032649,0.1314872224032649,False,5588.707650475971,,
1933.32,1933,32,2624.0946179937173,0.11457142857142856,2749.2151184112568,2496.800686844093,1934,1.5870524249626003,1934-05-06,-281.89101763553117,281.89101763553117,-0.10742410570966923,0.10742410570966923,False,5588.707650475971,,
1933.33,1933,33,2281.6453157158517,0.146,2467.4434971899177,2102.0563354773317,1934,1.3799390869449468,1934-05-13,-342.4493022778656,342.4493022778656,-0.15008875390013207,0.15008875390013207,False,5588.707650475971,,
1933.34,1933,34,2022.2872636206666,0.17442857142857143,2076.7821263719575,1952.5344676593652,1934,1.223079337037779,1934-05-20,-259.35805209518503,259.35805209518503,-0.12824985686298349,0.12824985686298349,False,5588.707650475971,,
1933.35,1933,35,1806.6749689314836,0.19557142857142856,1916.5413979392097,1677.712303316742,1934,1.0926770212097612,1934-05-27,-215.61229468918305,215.61229468918305,-0.1193420501180143,0.1193420501180143,False,5588.707650475971,,
1933.36,1933,36,1479.776859561223,0.23300000000000004,1617.3520421001313,1392.1184694738974,1934,0.8949690446626277,1934-06-03,-326.8981093702605,326.8981093702605,-0.22091040771322162,0.22091040771322162,False,5588.707650475971,,
1933.37,1933,37,1197.3306810254633,0.27871428571428575,1341.3621257487196,1086.4244972913411,1934,0.7241455958842002,1934-06-10,-282.4461785357598,282.4461785357598,-0.23589655139702642,0.23589655139702642,False,5588.707650475971,,
1933.38,1933,38,1026.2934852296617,0.325,1080.0406798008228,957.9333972550563,1934,0.6207022998668992,1934-06-17,-171.0371957958016,171.0371957958016,-0.16665524848141006,0.16665524848141006,False,5588.707650475971,,
1933.39,1933,39,859.065035859414,0.37557142857142856,941.1240560143013,760.52821131929,1934,0.5195625336877737,1934-06-24,-167.22844937024763,167.22844937024763,-0.19466331696639388,0.19466331696639388,False,5588.707650475971,,
1933.4,1933,40,651.9134531231217,0.45942857142857146,733.8512888156049,595.7090611902229,1934,0.394277256448864,1934-07-01,-207.1515827362923,207.1515827362923,-0.3177593310030515,0.3177593310030515,False,5588.707650475971,,
1933.41,1933,41,544.8233986332028,0.5200000000000001,583.0034913422678,512.1178199937132,1934,0.3295091914933611,1934-07-08,-107.09005448991888,107.09005448991888,-0.19655920571432037,0.19655920571432037,False,5588.707650475971,,
1933.42,1933,42,480.525620843414,0.5635714285714285,505.01787451967766,462.56506724863937,1934,0.2906218954860968,1934-07-15,-64.29777778978882,64.29777778978882,-0.13380717905724565,0.13380717905724565,False,5588.707650475971,,
1933.43,1933,43,440.1332803552308,0.6061428571428571,459.26044279675483,426.6328809909446,1934,0.2661926079588436,1934-07-22,-40.39234048818321,40.39234048818321,-0.09177297489429252,0.09177297489429252,False,5588.707650475971,,
1933.44,1933,44,419.1267582184546,0.6307142857142857,426.6328809909446,408.00454625357366,1934,0.25348786337052137,1934-07-29,-21.006522136776198,21.006522136776198,-0.050119735199123966,0.050119735199123966,False,5588.707650475971,,
1933.45,1933,45,395.31959693992366,0.6589999999999999,408.00454625357366,377.11676084070143,1934,0.2390892922292659,1934-08-05,-23.80716127853094,23.80716127853094,-0.060222567924324004,0.060222567924324004,False,5588.707650475971,,
1933.46,1933,46,355.9353689836898,0.703857142857143,370.36474529587133,340.5953058875766,1934,0.21526971116133556,1934-08-12,-39.38422795623387,39.38422795623387,-0.11064994206304515,0.11064994206304515,False,5588.707650475971,,
1933.47,1933,47,328.22594229201957,0.7427142857142857,340.5953058875766,323.62655383883583,1934,0.1985110498982134,1934-08-19,-27.709426691670217,27.709426691670217,-0.08442180559578498,0.08442180559578498,False,5588.707650475971,,
1933.48,1933,48,311.05067892244466,0.7675714285714286,323.62655383883583,306.020121877383,1934,0.18812345061229452,1934-08-26,-17.175263369574907,17.175263369574907,-0.05521692937329121,0.05521692937329121,False,5588.707650475971,,
1933.49,1933,49,287.54421896417495,0.8035714285714286,302.30479186612183,273.7644374568714,1934,0.17390674362953304,1934-09-02,-23.506459958269716,23.506459958269716,-0.08174902643825498,0.08174902643825498,False,5588.707650475971,,
1933.5,1933,50,268.27588251817053,0.8415714285714285,273.7644374568714,258.7976520087449,1934,0.16225325374698954,1934-09-09,-19.26833644600441,19.26833644600441,-0.07182284246031453,0.07182284246031453,False,5588.707650475971,,
1933.51,1933,51,256.9079094339073,0.8647142857142857,258.7976520087449,249.7991800258312,1934,0.15537790362562717,1934-09-16,-11.367973084263213,11.367973084263213,-0.04424921408341366,0.04424921408341366,False,5588.707650475971,,
1933.52,1933,52,247.19837373546147,0.878142857142857,258.7976520087449,236.19433422910615,1934,0.14950557643520712,1934-09-23,-9.709535698445848,9.709535698445848,-0.03927831543437448,0.03927831543437448,False,5588.707650475971,,
1933.53,1933,53,236.19433422910615,0.893,236.19433422910615,236.19433422910615,1934,0.02040719047739477,1934-09-30,-11.004039506355326,11.004039506355326,-0.0465889223899906,0.0465889223899906,False,5588.707650475971,,
1934.01,1934,1,226.2999875186875,0.9144285714285713,234.76788002600708,222.2828362851385,1934,0.1368662324513022,1934-10-01,-9.89434671041866,9.89434671041866,-0.043722259196331596,0.043722259196331596,False,3278.6645629042023,,
1934.02,1934,2,205.02746688814935,0.9465714285714285,220.53049583159046,195.20770377157243,1934,0.1240006119739527,1934-10-08,-21.27252063053814,21.27252063053814,-0.10375449179276622,0.10375449179276622,False,3278.6645629042023,,
1934.03,1934,3,190.48175978764291,0.9731428571428571,195.20770377157243,182.70050873555303,1934,0.11520336831956644,1934-10-15,-14.545707100506434,14.545707100506434,-0.07636272951658259,0.07636272951658259,False,3278.6645629042023,,
1934.04,1934,4,188.2095571669936,0.9762857142857142,194.7956741845264,178.2793688535273,1934,0.11382914017459772,1934-10-22,-2.272202620649324,2.272202620649324,-0.012072727096601454,0.012072727096601454,False,3278.6645629042023,,True
1934.05,1934,5,209.76010567131993,0.9398571428571428,222.2828362851385,199.0925590239552,1934,0.12686291191001428,1934-10-29,21.550548504326343,21.550548504326343,0.10273902387375135,0.10273902387375135,False,3278.6645629042023,,
1934.06,1934,6,228.62851730776856,0.9097142857142856,236.19433422910615,222.2828362851385,1934,0.13827452726773842,1934-11-05,18.868411636448627,18.868411636448627,0.0825286882784132,0.0825286882784132,False,3278.6645629042023,,
1934.07,1934,7,257.31960927521635,0.8618571428571428,270.26224589706084,239.64129376144416,1934,0.15562689968965082,1934-11-12,28.69109196744779,28.69109196744779,0.11149982719257596,0.11149982719257596,False,3278.6645629042023,,
1934.08,1934,8,285.12994871820473,0.8088571428571429,306.020121877383,270.26224589706084,1934,0.17244659298477022,1934-11-19,27.81033944298838,27.81033944298838,0.0975356659937307,0.0975356659937307,False,3278.6645629042023,,
1934.09,1934,9,383.7143966586195,0.674,455.65515596238953,311.8155700798613,1934,0.23207046709913304,1934-11-26,98.58444794041475,98.58444794041475,0.256921420720429,0.256921420720429,False,3278.6645629042023,,
1934.1,1934,10,429.8899219884376,0.6178571428571429,440.0331111664572,422.4698189706656,1934,0.2599974248186071,1934-12-03,46.17552532981813,46.17552532981813,0.10741243971534666,0.10741243971534666,False,3278.6645629042023,,
1934.11,1934,11,450.2255992447307,0.5944285714285714,462.56506724863937,442.79918136912596,1934,0.2722964424232131,1934-12-10,20.33567725629308,20.33567725629308,0.04516774988007545,0.04516774988007545,False,3278.6645629042023,,
1934.12,1934,12,475.65291585959756,0.5678571428571428,486.02502639130836,462.56506724863937,1934,0.2876748835118846,1934-12-17,25.427316614866868,25.427316614866868,0.05345771205652077,0.05345771205652077,False,3278.6645629042023,,
1934.13,1934,13,525.9498728699201,0.5332857142857144,550.9983234585969,494.68108319071365,1934,0.31809448311172767,1934-12-24,50.29695701032256,50.29695701032256,0.09563070475874455,0.09563070475874455,False,3278.6645629042023,,
1934.14,1934,14,563.1651723294157,0.5048571428571428,571.8920920403683,550.9983234585969,1934,0.34060229622483057,1934-12-31,37.215299459495554,37.215299459495554,0.06608238805954957,0.06608238805954957,False,3278.6645629042023,,
1934.15,1934,15,602.662437691925,0.48142857142857143,630.1125986840717,571.8920920403683,1935,0.36449024231607624,1935-01-07,39.497265362509324,39.497265362509324,0.0655379577226944,0.0655379577226944,False,3278.6645629042023,,
1934.16,1934,16,677.4530648807728,0.44814285714285723,702.6560160658968,647.6489852382476,1935,0.40972361363989135,1935-01-14,74.7906271888478,74.7906271888478,0.1103997178048201,0.1103997178048201,False,3278.6645629042023,,
1934.17,1934,17,744.0006301049846,0.4178571428571428,779.3663976124346,712.0837013457431,1935,0.4499715810874948,1935-01-21,66.54756522421178,66.54756522421178,0.08944557643025298,0.08944557643025298,False,3278.6645629042023,,
1934.18,1934,18,834.4836054608533,0.38428571428571423,876.9389119074414,803.6892968412517,1935,0.5046956845827241,1935-01-28,90.48297535586869,90.48297535586869,0.10842990175450891,0.10842990175450891,False,3278.6645629042023,,
1934.19,1934,19,923.9023551912418,0.3531428571428571,971.4321659369264,885.1094475277025,1935,0.5587761444196631,1935-02-04,89.41874973038853,89.41874973038853,0.09678376640990316,0.09678376640990316,False,3278.6645629042023,,
1934.2,1934,20,1053.4922539609659,0.31657142857142856,1117.0362502238706,989.4775076349575,1935,0.6371521151955922,1935-02-11,129.58989876972407,129.58989876972407,0.12300982592181989,0.12300982592181989,False,3278.6645629042023,,
1934.21,1934,21,1247.8640936690051,0.2695714285714286,1414.1459885179058,1127.726717014242,1935,0.7547082038510144,1935-02-18,194.37183970803926,194.37183970803926,0.15576362898345902,0.15576362898345902,False,3278.6645629042023,,
1934.22,1934,22,1649.6898498720498,0.213,1832.2961330880007,1484.8531389610919,1935,0.9977324212026157,1935-02-25,401.82575620304465,401.82575620304465,0.24357654636367576,0.24357654636367576,False,3278.6645629042023,,
1934.23,1934,23,2174.5203781896016,0.15742857142857145,2450.1297002835204,1902.1320729105275,1935,1.3151499247290708,1935-03-04,524.8305283175519,524.8305283175519,0.2413546148298228,0.2413546148298228,False,3278.6645629042023,,
1934.24,1934,24,2853.5947115700096,0.09814285714285716,3278.6645629042023,2517.067713758129,1935,1.7258540815575416,1935-03-11,679.074333380408,679.074333380408,0.23797154186860348,0.23797154186860348,False,3278.6645629042023,,
1934.25,1934,25,3061.436213596912,0.08214285714285716,3251.016842748816,2963.5533446484865,1935,1.8515566219834119,1935-03-18,207.84150202690216,207.84150202690216,0.067890195165199,0.067890195165199,True,3278.6645629042023,True,
1934.26,1934,26,2892.373356225071,0.09471428571428571,2942.868341840209,2831.488197054909,1935,1.7493074058449227,1935-03-25,-169.0628573718409,169.0628573718409,-0.05845125664982969,0.05845125664982969,False,3278.6645629042023,,
1934.27,1934,27,2723.471485663806,0.107,2831.488197054909,2616.8987263392482,1935,1.6471555545294696,1935-04-01,-168.9018705612648,168.9018705612648,-0.0620171246331582,0.0620171246331582,False,3278.6645629042023,,
1934.28,1934,28,2489.997370751521,0.12528571428571428,2591.896796157977,2345.660513136817,1935,1.50595040983052,1935-04-08,-233.47411491228513,233.47411491228513,-0.09376480379247104,0.09376480379247104,False,3278.6645629042023,,
1934.29,1934,29,2168.723818792724,0.15857142857142859,2310.3827547648234,2067.468969295266,1935,1.3116441656058395,1935-04-15,-321.2735519587968,321.2735519587968,-0.14813944918889765,0.14813944918889765,False,3278.6645629042023,,
1934.3,1934,30,2009.3428300454832,0.17542857142857146,2067.468969295266,1971.8467458433613,1935,1.2152505436115082,1935-04-22,-159.38098874724096,159.38098874724096,-0.07931995793054052,0.07931995793054052,False,3278.6645629042023,,
1934.31,1934,31,1926.7643091132963,0.18399999999999997,1971.8467458433613,1860.314920798596,1935,1.1653070541517219,1935-04-29,-82.57852093218685,82.57852093218685,-0.04285865195945516,0.04285865195945516,False,3278.6645629042023,,
1934.32,1934,32,1781.8897318235538,0.19799999999999998,1832.2961330880007,1726.1698191997614,1935,1.0776869098068853,1935-05-06,-144.87457728974255,144.87457728974255,-0.08130389591587159,0.08130389591587159,False,3278.6645629042023,,
1934.33,1934,33,1681.7284013444357,0.20885714285714285,1707.8301963432584,1617.3520421001313,1935,1.0171093371331148,1935-05-13,-100.16133047911808,100.16133047911808,-0.05955856510423765,0.05955856510423765,False,3278.6645629042023,,
1934.34,1934,34,1579.3551387212117,0.22014285714285717,1617.3520421001313,1528.8393753592509,1935,0.9551939878985889,1935-05-20,-102.37326262322404,102.37326262322404,-0.06481965969105255,0.06481965969105255,False,3278.6645629042023,,
1934.35,1934,35,1432.3607467969255,0.24000000000000002,1511.0711996298642,1291.2130338573666,1935,0.8662917796627807,1935-05-27,-146.99439192428622,146.99439192428622,-0.10262386221697159,0.10262386221697159,False,3278.6645629042023,,
1934.36,1934,36,1113.3527284863007,0.2978571428571429,1186.6620966242278,1073.2959927204865,1935,0.6733557301885147,1935-06-03,-319.0080183106247,319.0080183106247,-0.28652915661718786,0.28652915661718786,False,3278.6645629042023,,
1934.37,1934,37,992.4091520514237,0.3337142857142857,1059.9978690640885,941.1240560143013,1935,0.600209055160701,1935-06-10,-120.94357643487706,120.94357643487706,-0.12186866292483578,0.12186866292483578,False,3278.6645629042023,,
1934.38,1934,38,845.2949427820837,0.38042857142857145,914.0536783798912,779.3663976124346,1935,0.5112343813946042,1935-06-17,-147.11420926934,147.11420926934,-0.17403890857923413,0.17403890857923413,False,3278.6645629042023,,
1934.39,1934,39,672.871094429689,0.4497142857142858,751.6655881559767,618.6506296297572,1935,0.40695243791107594,1935-06-24,-172.42384835239466,172.42384835239466,-0.2562509368879003,0.2562509368879003,False,3278.6645629042023,,
1934.4,1934,40,579.7210599731827,0.4944285714285715,608.7950640130589,562.8280752081156,1935,0.35061529707178096,1935-07-01,-93.15003445650632,93.15003445650632,-0.16068078406676367,0.16068078406676367,False,3278.6645629042023,,
1934.41,1934,41,524.6555650752074,0.5341428571428571,550.9983234585969,486.02502639130836,1935,0.3173116857574854,1935-07-08,-55.06549489797533,55.06549489797533,-0.10495551474819846,0.10495551474819846,False,3278.6645629042023,,
1934.42,1934,42,461.50555751569897,0.5838571428571429,479.56309760929685,440.0331111664572,1935,0.2791185611854947,1935-07-15,-63.150007559508424,63.150007559508424,-0.1368347716102211,0.1368347716102211,False,3278.6645629042023,,
1934.43,1934,43,421.94735553700633,0.6277142857142858,440.0331111664572,408.00454625357366,1935,0.2551937606287814,1935-07-22,-39.55820197869264,39.55820197869264,-0.09375151060811243,0.09375151060811243,False,3278.6645629042023,,
1934.44,1934,44,399.7469247807051,0.6521428571428572,408.00454625357366,389.13393637134163,1935,0.24176694010737043,1935-07-29,-22.200430756301216,22.200430756301216,-0.0555362139895886,0.0555362139895886,False,3278.6645629042023,,
1934.45,1934,45,377.4443047926023,0.6805714285714286,386.53109723034976,370.36474529587133,1935,0.22827831553856587,1935-08-05,-22.302619988102833,22.302619988102833,-0.05908850578725159,0.05908850578725159,False,3278.6645629042023,,
1934.46,1934,46,350.82662240943984,0.7095714285714286,364.6825175805071,340.5953058875766,1935,0.21217994123322922,1935-08-12,-26.617682383162446,26.617682383162446,-0.07587132983339474,0.07587132983339474,False,3278.6645629042023,,
1934.47,1934,47,331.8359447534399,0.7361428571428572,340.5953058875766,325.6607962357874,1935,0.20069437938688042,1935-08-19,-18.990677655999946,18.990677655999946,-0.057229115640592715,0.057229115640592715,False,3278.6645629042023,,
1934.48,1934,48,313.5658834883665,0.7641428571428571,323.62655383883583,306.020121877383,1935,0.18964464633376402,1935-08-26,-18.270061265073366,18.270061265073366,-0.058265462625659646,0.058265462625659646,False,3278.6645629042023,,
1934.49,1934,49,295.0194227862809,0.7911428571428571,306.020121877383,290.5219447532691,1935,0.17842774690114277,1935-09-02,-18.546460702085596,18.546460702085596,-0.06286521926904146,0.06286521926904146,False,3278.6645629042023,,
1934.5,1934,50,280.24069567630346,0.8165714285714286,287.1870699602335,271.2725109404546,1935,0.16948957274502835,1935-09-09,-14.778727109977467,14.778727109977467,-0.052735835080312085,0.052735835080312085,False,3278.6645629042023,,
1934.51,1934,51,268.77244453267787,0.8407142857142856,270.26224589706084,266.78604271350054,1935,0.16255357445336355,1935-09-16,-11.468251143625594,11.468251143625594,-0.04266899891306105,0.04266899891306105,False,3278.6645629042023,,
1934.52,1934,52,258.86485336916166,0.8614285714285714,261.382924552137,256.6827889882703,1935,0.156561463317669,1935-09-23,-9.907591163516202,9.907591163516202,-0.03827321876480155,0.03827321876480155,False,3278.6645629042023,,
1934.53,1934,53,256.6827889882703,0.865,256.6827889882703,256.6827889882703,1935,0.022177392968586555,1935-09-30,-2.1820643808913474,2.1820643808913474,-0.008501015551109123,0.008501015551109123,False,3278.6645629042023,,
1935.01,1935,1,245.9128777379024,0.8799999999999999,256.6827889882703,236.19433422910615,1935,0.14872810845588338,1935-10-01,-10.769911250367926,10.769911250367926,-0.04379563750153279,0.04379563750153279,False,2496.800686844093,,
1935.02,1935,2,233.70446280342634,0.8991428571428572,236.19433422910615,226.3790707324809,1935,0.14134445910351226,1935-10-08,-12.208414934476053,12.208414934476053,-0.05223868978807137,0.05223868978807137,False,2496.800686844093,,
1935.03,1935,3,223.05602075446012,0.9208571428571428,224.67104686473823,220.53049583159046,1935,0.13490428135229746,1935-10-15,-10.648442048966217,10.648442048966217,-0.047738868527059455,0.047738868527059455,False,2496.800686844093,,
1935.04,1935,4,208.33662844969936,0.9398571428571428,220.53049583159046,202.1648125463628,1935,0.12600199288637814,1935-10-22,-14.71939230476076,14.71939230476076,-0.0706519655919007,0.0706519655919007,False,2496.800686844093,,
1935.05,1935,5,197.5724276292603,0.9602857142857142,201.17011281861932,194.7956741845264,1935,0.11949180423017661,1935-10-29,-10.764200820439072,10.764200820439072,-0.05448230276664832,0.05448230276664832,False,2496.800686844093,,
1935.06,1935,6,192.23066835629632,0.971857142857143,194.7956741845264,189.23960472725517,1935,0.11626110822188802,1935-11-05,-5.341759272963969,5.341759272963969,-0.027788278106920528,0.027788278106920528,False,2496.800686844093,,True
1935.07,1935,7,220.14879387807926,0.9229999999999999,236.19433422910615,209.2745177174335,1935,0.13314599053746232,1935-11-12,27.91812552178294,27.91812552178294,0.1268148011623643,0.1268148011623643,False,2496.800686844093,,
1935.08,1935,8,224.3298739247954,0.9185714285714287,224.67104686473823,222.2828362851385,1935,0.13567470774971627,1935-11-19,4.181080046716147,4.181080046716147,0.01863808851476383,0.01863808851476383,False,2496.800686844093,,
1935.09,1935,9,237.32758687408366,0.894,256.6827889882703,226.3790707324809,1935,0.14353572454144578,1935-11-26,12.997712949288257,12.997712949288257,0.054766970500501964,0.054766970500501964,False,2496.800686844093,,
1935.1,1935,10,294.3124487915111,0.7965714285714285,329.2057950036568,266.78604271350054,1935,0.1780001690291059,1935-12-03,56.98486191742742,56.98486191742742,0.193620290787615,0.193620290787615,False,2496.800686844093,,
1935.11,1935,11,336.482139265575,0.7297142857142855,346.9384943839358,329.2057950036568,1935,0.20350439782781973,1935-12-10,42.169690474063884,42.169690474063884,0.12532519724852512,0.12532519724852512,False,2496.800686844093,,
1935.12,1935,12,376.76490506835137,0.681,389.13393637134163,360.34880084276085,1935,0.22786741458533893,1935-12-17,40.282765802776396,40.282765802776396,0.106917510789569,0.106917510789569,False,2496.800686844093,,
1935.13,1935,13,409.21950538572565,0.6418571428571429,422.4698189706656,389.13393637134163,1935,0.24749595685728687,1935-12-24,32.454600317374286,32.454600317374286,0.07930853708154245,0.07930853708154245,False,2496.800686844093,,
1935.14,1935,14,445.5792532372457,0.6011428571428571,467.1571483252964,422.4698189706656,1935,0.26948633235788616,1935-12-31,36.35974785152007,36.35974785152007,0.0816010790164877,0.0816010790164877,False,2496.800686844093,,
1935.15,1935,15,491.6309188149592,0.5557142857142857,512.1178199937132,477.3484869166725,1936,0.29733837969928734,1936-01-07,46.05166557771349,46.05166557771349,0.09367121516424903,0.09367121516424903,False,2496.800686844093,,
1935.16,1935,16,539.5495505460296,0.5237142857142858,550.9983234585969,516.7730027239134,1936,0.32631956817023877,1936-01-14,47.918631731070434,47.918631731070434,0.08881229107238861,0.08881229107238861,False,2496.800686844093,,
1935.17,1935,17,581.3512364957124,0.49414285714285716,615.6277736669467,556.2195342976412,1936,0.35160122783260683,1936-01-21,41.80168594968279,41.80168594968279,0.0719043554489646,0.0719043554489646,False,2496.800686844093,,
1935.18,1935,18,672.0411306739381,0.45014285714285723,702.6560160658968,630.1125986840717,1936,0.4064504758315978,1936-01-28,90.6898941782257,90.6898941782257,0.13494694005898092,0.13494694005898092,False,2496.800686844093,,
1935.19,1935,19,728.9360746742859,0.4247142857142857,760.52821131929,702.6560160658968,1936,0.44086053796300817,1936-02-04,56.89494400034778,56.89494400034778,0.07805203498231368,0.07805203498231368,False,2496.800686844093,,
1935.2,1935,20,777.3395174282086,0.4041428571428571,817.7246825595828,760.52821131929,1936,0.4701349401405806,1936-02-11,48.40344275392272,48.40344275392272,0.06226808449680166,0.06226808449680166,False,2496.800686844093,,
1935.21,1935,21,855.5868124012593,0.3774285714285715,905.4211927358452,817.3915296420113,1936,0.5174589041402816,1936-02-18,78.24729497305066,78.24729497305066,0.09145453604344905,0.09145453604344905,False,2496.800686844093,,
1935.22,1935,22,988.6287958162815,0.33514285714285713,1050.5490333418047,914.0536783798912,1936,0.5979226957096869,1936-02-25,133.04198341502217,133.04198341502217,0.13457223173959176,0.13457223173959176,False,2496.800686844093,,
1935.23,1935,23,1096.8783920111468,0.30271428571428566,1132.2744617454025,1059.9978690640885,1936,0.6633920514883417,1936-03-03,108.24959619486538,108.24959619486538,0.09868878535968581,0.09868878535968581,False,2496.800686844093,,
1935.24,1935,24,1228.454723760053,0.271,1311.0784203230735,1166.683447695578,1936,0.7429694169300799,1936-03-10,131.5763317489061,131.5763317489061,0.10710718857116476,0.10710718857116476,False,2496.800686844093,,
1935.25,1935,25,1438.5170427615826,0.23857142857142857,1484.8531389610919,1383.5781363808978,1936,0.8700151074622051,1936-03-17,210.06231900152966,210.06231900152966,0.14602699360326246,0.14602699360326246,False,2496.800686844093,,
1935.26,1935,26,1766.7383961665096,0.20057142857142857,2004.1930578689712,1528.8393753592509,1936,1.068523382001505,1936-03-24,328.22135340492696,328.22135340492696,0.18577812884867712,0.18577812884867712,False,2496.800686844093,,
1935.27,1935,27,2198.8240718140996,0.15485714285714286,2310.3827547648234,2067.468969295266,1936,1.3298487986331673,1936-03-31,432.08567564759005,432.08567564759005,0.1965076156780045,0.1965076156780045,False,2496.800686844093,,
1935.28,1935,28,2374.910105895823,0.1345714285714286,2395.739198274402,2345.660513136817,1936,1.436345632045794,1936-04-07,176.08603408172348,176.08603408172348,0.07414429440701012,0.07414429440701012,True,2496.800686844093,,
1935.29,1935,29,2368.389209270841,0.13542857142857143,2395.739198274402,2363.8308777702473,1936,1.4324017937670042,1936-04-14,-6.520896624982015,6.520896624982015,-0.002753304481989939,0.002753304481989939,False,2496.800686844093,,
1935.3,1935,30,2429.1090848887397,0.12971428571428573,2487.9248257129457,2395.739198274402,1936,1.4691251745407101,1936-04-21,60.71987561789865,60.71987561789865,0.024996767743215534,0.024996767743215534,False,2496.800686844093,,
1935.31,1935,31,2466.1205781694507,0.12671428571428572,2496.800686844093,2384.832211470341,1936,1.4915097256768834,1936-04-28,37.011493280710965,37.011493280710965,0.015007982013670968,0.015007982013670968,True,2496.800686844093,True,
1935.32,1935,32,2294.5382420024807,0.14385714285714288,2363.8308777702473,2187.823512835168,1936,1.3877367287631002,1936-05-05,-171.58233616696998,171.58233616696998,-0.07477859075350485,0.07477859075350485,False,2496.800686844093,,
1935.33,1935,33,2042.0250873935238,0.17214285714285713,2155.2089572641244,1952.5344676593652,1936,1.235016772855603,1936-05-12,-252.51315460895694,252.51315460895694,-0.12365820389174019,0.12365820389174019,False,2496.800686844093,,
1935.34,1935,34,1863.6512323856507,0.1901428571428571,1952.5344676593652,1726.1698191997614,1936,1.127136265346841,1936-05-19,-178.3738550078731,178.3738550078731,-0.09571203662368608,0.09571203662368608,False,2496.800686844093,,
1935.35,1935,35,1524.4681256683314,0.22757142857142856,1659.7232892169968,1392.1184694738974,1936,0.9219983224042069,1936-05-26,-339.18310671731933,339.18310671731933,-0.22249275075437897,0.22249275075437897,False,2496.800686844093,,
1935.36,1935,36,1192.101848865683,0.28,1341.3621257487196,1080.0406798008228,1936,0.7209831981939651,1936-06-02,-332.3662768026484,332.3662768026484,-0.27880694683839624,0.27880694683839624,False,2496.800686844093,,
1935.37,1935,37,907.3808080298752,0.3607142857142857,1027.8009259147987,794.2548359930772,1936,0.5487839126964685,1936-06-09,-284.7210408358078,284.7210408358078,-0.3137834063892097,0.3137834063892097,False,2496.800686844093,,
1935.38,1935,38,711.2909151064214,0.43257142857142866,760.52821131929,654.21608557748,1936,0.43018874545636365,1936-06-16,-196.08989292345382,196.08989292345382,-0.2756817059783695,0.2756817059783695,False,2496.800686844093,,
1935.39,1935,39,578.4531947740671,0.49642857142857144,623.8090120652902,550.9983234585969,1936,0.34984849219935577,1936-06-23,-132.83772033235425,132.83772033235425,-0.22964298846035097,0.22964298846035097,False,2496.800686844093,,
1935.4,1935,40,512.4636827017206,0.5417142857142857,548.1781559247493,477.3484869166725,1936,0.3099380352980006,1936-06-30,-65.98951207234654,65.98951207234654,-0.1287691485266786,0.1287691485266786,False,2496.800686844093,,
1935.41,1935,41,454.8116651532083,0.591,470.1789493868897,440.0331111664572,1936,0.2750700950846604,1936-07-07,-57.652017548512276,57.652017548512276,-0.12676019980510297,0.12676019980510297,False,2496.800686844093,,
1935.42,1935,42,414.97436261345035,0.6348571428571429,435.49688511870175,402.90237744418727,1936,0.2509764945086148,1936-07-14,-39.83730253975796,39.83730253975796,-0.09599943063679454,0.09599943063679454,False,2496.800686844093,,
1935.43,1935,43,384.09447609350656,0.6722857142857143,398.1467533267305,370.36474529587133,1936,0.23230033914135273,1936-07-21,-30.879886519943796,30.879886519943796,-0.08039659105231751,0.08039659105231751,False,2496.800686844093,,
1935.44,1935,44,358.75729683443035,0.700857142857143,370.36474529587133,344.6194637292325,1936,0.21697641312546348,1936-07-28,-25.33717925907621,25.33717925907621,-0.07062484716727459,0.07062484716727459,False,2496.800686844093,,
1935.45,1935,45,337.0847163334866,0.728,344.6194637292325,325.6607962357874,1936,0.20386883643849268,1936-08-04,-21.672580500943752,21.672580500943752,-0.06429416538572016,0.06429416538572016,False,2496.800686844093,,
1935.46,1935,46,315.54377293921317,0.7612857142857143,325.6607962357874,306.020121877383,1936,0.19084087387363605,1936-08-11,-21.540943394273427,21.540943394273427,-0.068266102016924,0.068266102016924,False,2496.800686844093,,
1935.47,1935,47,288.14440782047734,0.8031428571428572,302.30479186612183,273.7644374568714,1936,0.17426973784982472,1936-08-18,-27.39936511873583,27.39936511873583,-0.0950890052872602,0.0950890052872602,False,2496.800686844093,,
1935.48,1935,48,266.50709496035137,0.8454285714285713,271.2725109404546,258.7976520087449,1936,0.16118349103202048,1936-08-25,-21.637312860125974,21.637312860125974,-0.08118850593206528,0.08118850593206528,False,2496.800686844093,,
1935.49,1935,49,257.589158854188,0.8637142857142858,258.7976520087449,256.6827889882703,1936,0.15578992327501293,1936-09-01,-8.917936106163381,8.917936106163381,-0.03462077420428825,0.03462077420428825,False,2496.800686844093,,
1935.5,1935,50,240.05903352099836,0.8879999999999999,249.7991800258312,236.19433422910615,1936,0.1451877034734998,1936-09-08,-17.53012533318963,17.53012533318963,-0.07302422689982313,0.07302422689982313,False,2496.800686844093,,
1935.51,1935,51,228.76591107584005,0.9098571428571428,234.76788002600708,224.67104686473823,1936,0.13835762301866808,1936-09-15,-11.293122445158303,11.293122445158303,-0.04936540759962453,0.04936540759962453,False,2496.800686844093,,
1935.52,1935,52,222.03250193463165,0.9225714285714286,222.2828362851385,220.53049583159046,1936,0.1342852571700652,1936-09-22,-6.733409141208398,6.733409141208398,-0.030326231891900104,0.030326231891900104,False,2496.800686844093,,
1935.53,1935,53,220.53049583159046,0.9259999999999999,220.53049583159046,220.53049583159046,1936,0.03810766967969882,1936-09-29,-1.5020061030411966,1.5020061030411966,-0.006810877096055746,0.006810877096055746,False,2496.800686844093,,
1936.01,1936,1,206.9791967565995,0.9415714285714286,209.2745177174335,206.59664326312716,1936,0.12518101819839136,1936-10-01,-13.551299074990965,13.551299074990965,-0.06547179275667415,0.06547179275667415,False,3600.306705040052,,
1936.02,1936,2,201.8806126241504,0.9477142857142856,202.1648125463628,201.17011281861932,1936,0.12209739451508614,1936-10-08,-5.098584132449105,5.098584132449105,-0.025255442145607876,0.025255442145607876,False,3600.306705040052,,
1936.03,1936,3,201.17011281861934,0.952,201.17011281861932,201.17011281861932,1936,0.121667684232701,1936-10-15,-0.7104998055310432,0.7104998055310432,-0.0035318357959646315,0.0035318357959646315,False,3600.306705040052,,True
1936.04,1936,4,201.17011281861934,0.952,201.17011281861932,201.17011281861932,1936,0.121667684232701,1936-10-22,0.0,0.0,0.0,0.0,False,3600.306705040052,,
1936.05,1936,5,203.0047500106911,0.9474285714285714,206.59664326312716,201.17011281861932,1936,0.12277727280646598,1936-10-29,1.8346371920717672,1.8346371920717672,0.009037410168851455,0.009037410168851455,False,3600.306705040052,,
1936.06,1936,6,210.72388331608673,0.937142857142857,220.53049583159046,202.1648125463628,1936,0.12744580462956923,1936-11-05,7.719133305395616,7.719133305395616,0.036631506518968626,0.036631506518968626,False,3600.306705040052,,
1936.07,1936,7,232.50794893819213,0.9025714285714285,234.76788002600708,222.2828362851385,1936,0.1406208075178186,1936-11-12,21.784065622105402,21.784065622105402,0.09369170267764172,0.09369170267764172,False,3600.306705040052,,
1936.08,1936,8,252.0912447506178,0.8714285714285716,258.7976520087449,236.19433422910615,1936,0.15246478482517364,1936-11-19,19.58329581242566,19.58329581242566,0.07768336354480898,0.07768336354480898,False,3600.306705040052,,
1936.09,1936,9,269.6821012551872,0.8394285714285713,283.6079686159883,258.7976520087449,1936,0.16310373483913723,1936-11-26,17.590856504569416,17.590856504569416,0.06522812015590176,0.06522812015590176,False,3600.306705040052,,
1936.1,1936,10,304.1348452793326,0.7775714285714285,309.0284073518941,290.5219447532691,1936,0.18394075442494034,1936-12-03,34.452744024145375,34.452744024145375,0.11328114669827542,0.11328114669827542,False,3600.306705040052,,
1936.11,1936,11,330.5492180682786,0.7387142857142857,344.6194637292325,311.8155700798613,1936,0.19991616708769488,1936-12-10,26.414372788946025,26.414372788946025,0.07991055898819233,0.07991055898819233,False,3600.306705040052,,
1936.12,1936,12,363.01340269755354,0.6970000000000001,370.36474529587133,344.6194637292325,1936,0.2195505059514804,1936-12-17,32.46418462927494,32.46418462927494,0.08942971358091326,0.08942971358091326,False,3600.306705040052,,
1936.13,1936,13,394.92610689092515,0.6595714285714286,426.6328809909446,373.01012538244936,1936,0.23885130944763155,1936-12-24,31.91270419337161,31.91270419337161,0.08080677280265393,0.08080677280265393,False,3600.306705040052,,
1936.14,1936,14,470.56934266976094,0.5754285714285714,505.01787451967766,442.79918136912596,1936,0.28460033844667143,1936-12-31,75.64323577883579,75.64323577883579,0.16074832956536475,0.16074832956536475,False,3600.306705040052,,
1936.15,1936,15,542.1848957247021,0.5218571428571429,550.9983234585969,516.7730027239134,1937,0.3279134249342998,1937-01-07,71.61555305494113,71.61555305494113,0.132086957087245,0.132086957087245,False,3600.306705040052,,
1936.16,1936,16,606.789515987319,0.4804285714285715,666.8063237852695,571.8920920403683,1937,0.36698629926913046,1937-01-14,64.60462026261689,64.60462026261689,0.1064695723318447,0.1064695723318447,False,3600.306705040052,,
1936.17,1936,17,696.8012638175309,0.4394285714285715,720.3337222668207,682.3088631722309,1937,0.42142540435684267,1937-01-21,90.0117478302119,90.0117478302119,0.12917850828379523,0.12917850828379523,False,3600.306705040052,,
1936.18,1936,18,848.1882315564128,0.3817142857142857,1025.1570830002852,728.4970702319307,1937,0.5129842424453184,1937-01-28,151.38696773888194,151.38696773888194,0.17848274959095942,0.17848274959095942,False,3600.306705040052,,
1936.19,1936,19,1123.516981693135,0.29457142857142854,1195.2983332432605,1066.3481241083625,1937,0.6795030705280081,1937-02-04,275.3287501367222,275.3287501367222,0.24505971393668036,0.24505971393668036,False,3600.306705040052,,
1936.2,1936,20,1578.4601231697623,0.2225714285714286,1916.5413979392097,1291.2130338573666,1937,0.9546526824930722,1937-02-11,454.94314147662726,454.94314147662726,0.28821959756768495,0.28821959756768495,False,3600.306705040052,,
1936.21,1936,21,2506.4572187986064,0.12542857142857142,2840.311133494523,2217.372657831301,1937,1.5159053259293973,1937-02-18,927.9970956288441,927.9970956288441,0.370242543407005,0.370242543407005,False,3600.306705040052,,
1936.22,1936,22,3106.5280189852188,0.07985714285714286,3278.6645629042023,2931.535401286021,1937,1.87882814588226,1937-02-25,600.0708001866124,600.0708001866124,0.19316445772236493,0.19316445772236493,True,3600.306705040052,,
1936.23,1936,23,2992.1602184856633,0.087,3080.145690401829,2914.698847593973,1937,1.809658500140129,1937-03-04,-114.36780049955541,114.36780049955541,-0.03822248547821317,0.03822248547821317,False,3600.306705040052,,
1936.24,1936,24,2835.066622829963,0.09871428571428571,2931.535401286021,2742.499149867776,1937,1.7146482934875613,1937-03-11,-157.09359565570048,157.09359565570048,-0.05541090089053699,0.05541090089053699,False,3600.306705040052,,
1936.25,1936,25,3132.545851041029,0.07785714285714286,3313.0406406455268,3004.2640135053875,1937,1.8945637307096144,1937-03-18,297.47922821106613,297.47922821106613,0.09496404597308793,0.09496404597308793,False,3600.306705040052,,
1936.26,1936,26,3521.490444834481,0.05557142857142856,3600.306705040052,3417.233058807453,1937,2.1297974210358936,1937-03-25,388.944593793452,388.944593793452,0.11044885677994035,0.11044885677994035,True,3600.306705040052,True,
1936.27,1936,27,3513.7615086071664,0.055714285714285716,3600.306705040052,3441.0052160059477,1937,2.125122960405614,1937-04-01,-7.728936227314534,7.728936227314534,-0.0021996189008223945,0.0021996189008223945,False,3600.306705040052,,
1936.28,1936,28,3188.5097306482467,0.07442857142857143,3405.101513165422,3049.547329305057,1937,1.9284106850960596,1937-04-08,-325.2517779589198,325.2517779589198,-0.102007459733483,0.102007459733483,False,3600.306705040052,,
1936.29,1936,29,2748.268433891731,0.105,2914.698847593973,2645.619049709331,1937,1.6621527488177188,1937-04-15,-440.24129675651557,440.24129675651557,-0.16018860869900708,0.16018860869900708,False,3600.306705040052,,
1936.3,1936,30,2520.1318635957023,0.1227142857142857,2567.771472034419,2496.800686844093,1937,1.5241757511026806,1937-04-22,-228.13657029602882,228.13657029602882,-0.09052564811847803,0.09052564811847803,False,3600.306705040052,,
1936.31,1936,31,2472.6049512246796,0.12614285714285714,2496.800686844093,2450.1297002835204,1937,1.4954314745006863,1937-04-29,-47.52691237102272,47.52691237102272,-0.019221393351769627,0.019221393351769627,False,3600.306705040052,,
1936.32,1936,32,2421.236381697908,0.13014285714285714,2450.1297002835204,2395.739198274402,1937,1.4643637636508948,1937-05-06,-51.36856952677135,51.36856952677135,-0.021215842416323183,0.021215842416323183,False,3600.306705040052,,
1936.33,1936,33,2368.389209270841,0.13542857142857143,2395.739198274402,2363.8308777702473,1937,1.4324017937670042,1937-05-13,-52.84717242706711,52.84717242706711,-0.022313550585436603,0.022313550585436603,False,3600.306705040052,,
1936.34,1936,34,2346.889554753677,0.13785714285714287,2363.8308777702473,2310.3827547648234,1937,1.419398802715024,1937-05-20,-21.49965451716389,21.49965451716389,-0.009160914485138791,0.009160914485138791,False,3600.306705040052,,
1936.35,1936,35,2155.917983116938,0.15971428571428573,2276.101843596241,2041.65817572948,1937,1.3038991961891244,1937-05-27,-190.9715716367391,190.9715716367391,-0.08858016544796393,0.08858016544796393,False,3600.306705040052,,
1936.36,1936,36,1799.9566666434428,0.19657142857142856,1983.4436828176406,1617.3520421001313,1937,1.0886137919859542,1937-06-03,-355.96131647349534,355.96131647349534,-0.197761047846386,0.197761047846386,False,3600.306705040052,,
1936.37,1936,37,1445.6923255565393,0.238,1528.8393753592509,1355.589210120566,1937,0.874354718496595,1937-06-10,-354.2643410869034,354.2643410869034,-0.2450482269458852,0.2450482269458852,False,3600.306705040052,,
1936.38,1936,38,1212.5742029242617,0.2738571428571429,1311.0784203230735,1125.7884692412713,1937,0.7333648779285936,1937-06-17,-233.11812263227762,233.11812263227762,-0.1922506037734322,0.1922506037734322,False,3600.306705040052,,
1936.39,1936,39,1014.5003171426305,0.3271428571428571,1086.4244972913411,947.0029281802471,1937,0.613569791807863,1937-06-24,-198.07388578163125,198.07388578163125,-0.19524280321519474,0.19524280321519474,False,3600.306705040052,,
1936.4,1936,40,831.1009691949522,0.38642857142857145,941.1240560143013,728.4970702319307,1937,0.5026498661691072,1937-07-01,-183.39934794767828,183.39934794767828,-0.22067035744805888,0.22067035744805888,False,3600.306705040052,,
1936.41,1936,41,651.3783256816731,0.45942857142857146,702.6560160658968,618.6506296297572,1937,0.3939536113722759,1937-07-08,-179.72264351327908,179.72264351327908,-0.275911304425424,0.275911304425424,False,3600.306705040052,,
1936.42,1936,42,581.6459941716809,0.4935714285714285,608.7950640130589,550.9983234585969,1937,0.3517794972750325,1937-07-15,-69.73233150999226,69.73233150999226,-0.11988792531666573,0.11988792531666573,False,3600.306705040052,,
1936.43,1936,43,520.478389929325,0.5367142857142858,550.9983234585969,494.68108319071365,1937,0.3147853302292557,1937-07-22,-61.16760424235588,61.16760424235588,-0.11752189029531417,0.11752189029531417,False,3600.306705040052,,
1936.44,1936,44,472.8473161160977,0.5707142857142857,486.02502639130836,462.56506724863937,1937,0.2859780567870159,1937-07-29,-47.63107381322726,47.63107381322726,-0.10073246096533295,0.10073246096533295,False,3600.306705040052,,
1936.45,1936,45,440.92017218944136,0.6045714285714284,459.26044279675483,426.6328809909446,1937,0.2666685201401741,1937-08-05,-31.927143926656356,31.927143926656356,-0.07241025913629295,0.07241025913629295,False,3600.306705040052,,
1936.46,1936,46,413.9817743284862,0.6365714285714285,422.4698189706656,402.90237744418727,1937,0.25037617711386845,1937-08-12,-26.93839786095515,26.93839786095515,-0.06507145853136054,0.06507145853136054,False,3600.306705040052,,
1936.47,1936,47,384.9977647591482,0.6704285714285714,398.1467533267305,370.36474529587133,1937,0.23284664812633282,1937-08-19,-28.984009569338014,28.984009569338014,-0.07528357882147757,0.07528357882147757,False,3600.306705040052,,
1936.48,1936,48,349.1681360223796,0.7127142857142857,370.36474529587133,331.6115672476363,1937,0.21117688866633516,1937-08-26,-35.8296287367686,35.8296287367686,-0.10261425668713405,0.10261425668713405,False,3600.306705040052,,
1936.49,1936,49,326.09244091319255,0.7462857142857143,329.2057950036568,323.62655383883583,1937,0.1972207082642988,1937-09-02,-23.075695109187052,23.075695109187052,-0.07076427483128908,0.07076427483128908,False,3600.306705040052,,
1936.5,1936,50,304.43200502093504,0.777142857142857,311.8155700798613,290.5219447532691,1937,0.1841204766366615,1937-09-09,-21.66043589225751,21.66043589225751,-0.0711503243253546,0.0711503243253546,False,3600.306705040052,,
1936.51,1936,51,285.8030522664532,0.8068571428571428,290.5219447532691,281.3222739992266,1937,0.17285368601075096,1937-09-16,-18.628952754481816,18.628952754481816,-0.06518108399036307,0.06518108399036307,False,3600.306705040052,,
1936.52,1936,52,271.1955297099168,0.8344285714285716,273.7644374568714,270.26224589706084,1937,0.16401905636855768,1937-09-23,-14.607522556536424,14.607522556536424,-0.053863434150855295,0.053863434150855295,False,3600.306705040052,,
1936.53,1936,53,270.26224589706084,0.836,270.26224589706084,270.26224589706084,1937,0.023350658045506054,1937-09-30,-0.9332838128559615,0.9332838128559615,-0.003453252635262405,0.003453252635262405,False,3600.306705040052,,
1937.01,1937,1,260.4758027756823,0.8585714285714287,266.78604271350054,256.6827889882703,1937,0.1575357655187327,1937-10-01,-9.786443121378511,9.786443121378511,-0.0375714097704747,0.0375714097704747,False,3227.9047484993603,,
1937.02,1937,2,250.78334924588657,0.8734285714285714,256.6827889882703,239.64129376144416,1937,0.1516737696239122,1937-10-08,-9.692453529795756,9.692453529795756,-0.03864871236045483,0.03864871236045483,False,3227.9047484993603,,
1937.03,1937,3,236.19433422910612,0.8929999999999999,236.19433422910615,236.19433422910615,1937,0.1428503333417634,1937-10-15,-14.58901501678045,14.58901501678045,-0.06176699819831095,0.06176699819831095,False,3227.9047484993603,,
1937.04,1937,4,235.1066433029442,0.8962857142857141,236.19433422910615,231.43340615217082,1937,0.14219249786962068,1937-10-22,-1.0876909261619119,1.0876909261619119,-0.004626372572383585,0.004626372572383585,False,3227.9047484993603,,
1937.05,1937,5,225.15905368409327,0.9165714285714286,226.3790707324809,224.67104686473823,1937,0.1361761956681396,1937-10-29,-9.947589618850941,9.947589618850941,-0.04418027814598914,0.04418027814598914,False,3227.9047484993603,,True
1937.06,1937,6,262.9588785027315,0.849857142857143,270.26224589706084,236.19433422910615,1937,0.15903752971845198,1937-11-05,37.79982481863826,37.79982481863826,0.14374804545055742,0.14374804545055742,False,3227.9047484993603,,
1937.07,1937,7,265.36957047313496,0.8487142857142859,270.26224589706084,258.7976520087449,1937,0.16049551622215202,1937-11-12,2.410691970403434,2.410691970403434,0.009084281841755039,0.009084281841755039,False,3227.9047484993603,,
1937.08,1937,8,269.799434975742,0.8389999999999999,283.6079686159883,258.7976520087449,1937,0.16317469827332878,1937-11-19,4.429864502607018,4.429864502607018,0.016419102223121085,0.016419102223121085,False,3227.9047484993603,,
1937.09,1937,9,316.8288833592229,0.7592857142857142,340.5953058875766,294.72326674738565,1937,0.19161810865565804,1937-11-26,47.02944838348094,47.02944838348094,0.14843800819181818,0.14843800819181818,False,3227.9047484993603,,
1937.1,1937,10,378.5061824391459,0.6777142857142856,402.90237744418727,344.6194637292325,1937,0.2289205391391954,1937-12-03,61.67729907992299,61.67729907992299,0.1629492514031501,0.1629492514031501,False,3227.9047484993603,,
1937.11,1937,11,416.100626292288,0.6335714285714286,430.9578316629287,402.90237744418727,1937,0.25165765878157575,1937-12-10,37.59444385314208,37.59444385314208,0.09034940463351775,0.09034940463351775,False,3227.9047484993603,,
1937.12,1937,12,446.48120363538635,0.5988571428571429,462.56506724863937,426.6328809909446,1937,0.27003183195868163,1937-12-17,30.380577343098366,30.380577343098366,0.0680444710678309,0.0680444710678309,False,3227.9047484993603,,
1937.13,1937,13,485.59512821580614,0.5605714285714286,512.1178199937132,467.1571483252964,1937,0.29368793354491957,1937-12-24,39.11392458041979,39.11392458041979,0.08054842873760658,0.08054842873760658,False,3227.9047484993603,,
1937.14,1937,14,538.5369099344933,0.525,556.2195342976412,516.7730027239134,1937,0.32570712312838157,1937-12-31,52.941781718687196,52.941781718687196,0.09830669122591233,0.09830669122591233,False,3227.9047484993603,,
1937.15,1937,15,580.0021238705301,0.49414285714285716,601.777842158206,562.8280752081156,1938,0.35078528451689656,1938-01-07,41.465213936036776,41.465213936036776,0.07149148637478571,0.07149148637478571,False,3227.9047484993603,,
1937.16,1937,16,630.2824178816576,0.46900000000000003,654.21608557748,608.7950640130589,1938,0.38119480633482666,1938-01-14,50.28029401112747,50.28029401112747,0.07977422911480951,0.07977422911480951,False,3227.9047484993603,,
1937.17,1937,17,685.7894331712976,0.444,705.8654488603318,659.9420006160087,1938,0.41476544918200076,1938-01-21,55.50701528963998,55.50701528963998,0.08093886053764167,0.08093886053764167,False,3227.9047484993603,,
1937.18,1937,18,739.2153352341016,0.41957142857142854,760.52821131929,712.0837013457431,1938,0.4470774347495847,1938-01-28,53.425902062804084,53.425902062804084,0.0722738010378054,0.0722738010378054,False,3227.9047484993603,,
1937.19,1937,19,800.1070363559877,0.39685714285714285,834.6935677067364,768.4460718744957,1938,0.4839047355881013,1938-02-04,60.89170112188606,60.89170112188606,0.07610444397441071,0.07610444397441071,False,3227.9047484993603,,
1937.2,1937,20,866.6481581872071,0.3727142857142858,891.8619896951615,843.5265543863715,1938,0.5241488060716228,1938-02-11,66.54112183121936,66.54112183121936,0.07677985720341844,0.07677985720341844,False,3227.9047484993603,,
1937.21,1937,21,940.0387004340147,0.3485714285714286,971.4321659369264,905.4211927358452,1938,0.5685354060224921,1938-02-18,73.39054224680763,73.39054224680763,0.07807183067348536,0.07807183067348536,False,3227.9047484993603,,
1937.22,1937,22,1024.3657704911966,0.3264285714285714,1042.8375986738163,971.4321659369264,1938,0.6195364179930757,1938-02-25,84.32707005718191,84.32707005718191,0.08232124938804426,0.08232124938804426,False,3227.9047484993603,,
1937.23,1937,23,1089.442011752413,0.30557142857142855,1107.711819429938,1059.9978690640885,1938,0.6588945287078594,1938-03-04,65.07624126121641,65.07624126121641,0.05973355218469917,0.05973355218469917,False,3227.9047484993603,,
1937.24,1937,24,1137.1496477996784,0.2904285714285715,1172.2200796855432,1107.711819429938,1938,0.6877481069892456,1938-03-11,47.707636047265396,47.707636047265396,0.04195370076363918,0.04195370076363918,False,3227.9047484993603,,
1937.25,1937,25,1235.1660226671622,0.2695714285714286,1297.4934435018629,1172.2200796855432,1938,0.7470284105090994,1938-03-18,98.01637486748382,98.01637486748382,0.07935481795057125,0.07935481795057125,False,3227.9047484993603,,
1937.26,1937,26,1623.784675841112,0.2171428571428571,1860.314920798596,1341.3621257487196,1938,0.9820649719487045,1938-03-25,388.6186531739497,388.6186531739497,0.2393289325585286,0.2393289325585286,False,3227.9047484993603,,
1937.27,1937,27,2754.6142077386585,0.10671428571428569,3080.145690401829,2041.65817572948,1938,1.6659906728403409,1938-04-01,1130.8295318975465,1130.8295318975465,0.41052192670779725,0.41052192670779725,False,3227.9047484993603,,
1937.28,1937,28,3145.717975844493,0.07614285714285715,3227.9047484993603,3080.145690401829,1938,1.902530231790749,1938-04-08,391.10376810583466,391.10376810583466,0.12432893574982345,0.12432893574982345,True,3227.9047484993603,True,
1937.29,1937,29,2881.6202151225966,0.09557142857142856,3049.547329305057,2742.499149867776,1938,1.7428039061061462,1938-04-15,-264.0977607218965,264.0977607218965,-0.09164905192430456,0.09164905192430456,False,3227.9047484993603,,
1937.3,1937,30,2377.0748086286767,0.136,2680.6729909616597,2261.108087620956,1938,1.4376548442586239,1938-04-22,-504.5454064939199,504.5454064939199,-0.21225474463926938,0.21225474463926938,False,3227.9047484993603,,
1937.31,1937,31,2155.154832000647,0.1602857142857143,2261.108087620956,2067.468969295266,1938,1.303437642393991,1938-04-29,-221.91997662802987,221.91997662802987,-0.10297170919363592,0.10297170919363592,False,3227.9047484993603,,
1937.32,1937,32,1854.8540884507472,0.19042857142857145,2004.1930578689712,1807.794012387604,1938,1.1218157526950119,1938-05-06,-300.3007435498996,300.3007435498996,-0.16189992809662107,0.16189992809662107,False,3227.9047484993603,,
1937.33,1937,33,1660.772819311557,0.2111428571428571,1783.4177282502415,1570.314592802547,1938,1.0044354011196297,1938-05-13,-194.08126913919023,194.08126913919023,-0.11686202163378558,0.11686202163378558,False,3227.9047484993603,,
1937.34,1937,34,1430.463730538781,0.24028571428571427,1511.0711996298642,1355.589210120566,1938,0.8651444642298545,1938-05-20,-230.30908877277602,230.30908877277602,-0.16100309560874404,0.16100309560874404,False,3227.9047484993603,,
1937.35,1937,35,1231.1870805344938,0.268,1269.7472452468235,1208.137555230546,1938,0.7446219463072618,1938-05-27,-199.27665000428715,199.27665000428715,-0.1618573270910018,0.1618573270910018,False,3227.9047484993603,,
1937.36,1937,36,1091.0129209218053,0.305,1186.6620966242278,1042.8375986738163,1938,0.6598446145735078,1938-06-03,-140.17415961268853,140.17415961268853,-0.12848075116677288,0.12848075116677288,False,3227.9047484993603,,
1937.37,1937,37,897.7089652369989,0.36371428571428577,1022.7291742398579,817.7246825595828,1938,0.5429343821753368,1938-06-10,-193.3039556848064,193.3039556848064,-0.2153303165840316,0.2153303165840316,False,3227.9047484993603,,
1937.38,1937,38,719.437707464898,0.42914285714285716,794.2548359930772,666.8063237852695,1938,0.4351159254747704,1938-06-17,-178.27125777210085,178.27125777210085,-0.24779248560696113,0.24779248560696113,False,3227.9047484993603,,
1937.39,1937,39,567.291992932914,0.5054285714285714,636.9257883620418,548.1781559247493,1938,0.3430981973258264,1938-06-24,-152.14571453198403,152.14571453198403,-0.26819647805248725,0.26819647805248725,False,3227.9047484993603,,
1937.4,1937,40,500.8107628012958,0.55,537.7325322740754,479.56309760929685,1938,0.3028903493422236,1938-07-01,-66.48123013161819,66.48123013161819,-0.1327472072679788,0.1327472072679788,False,3227.9047484993603,,
1937.41,1937,41,449.70035937520754,0.5964285714285714,472.4927083802066,435.49688511870175,1938,0.27197877735012554,1938-07-08,-51.11040342608828,51.11040342608828,-0.11365435308323672,0.11365435308323672,False,3227.9047484993603,,
1937.42,1937,42,426.4160313207556,0.6215714285714286,435.49688511870175,420.28892993659525,1938,0.25789641574279304,1938-07-15,-23.28432805445192,23.28432805445192,-0.054604720142280835,0.054604720142280835,False,3227.9047484993603,,
1937.43,1937,43,397.34322454882613,0.657,417.85777193562865,386.53109723034976,1938,0.24031318220713005,1938-07-22,-29.072806771929493,29.072806771929493,-0.0731679942572092,0.0731679942572092,False,3227.9047484993603,,
1937.44,1937,44,363.2756782022523,0.6964285714285715,380.8369423592014,360.34880084276085,1938,0.21970913017672222,1938-07-29,-34.067546346573806,34.067546346573806,-0.09377877020329127,0.09377877020329127,False,3227.9047484993603,,
1937.45,1937,45,349.26640104757183,0.7115714285714285,360.34880084276085,344.6194637292325,1938,0.21123631935357148,1938-08-05,-14.00927715468049,14.00927715468049,-0.04011057780726053,0.04011057780726053,False,3227.9047484993603,,
1937.46,1937,46,330.344628048264,0.7381428571428571,340.5953058875766,325.6607962357874,1938,0.19979243104359004,1938-08-12,-18.921772999307848,18.921772999307848,-0.05727888814508992,0.05727888814508992,False,3227.9047484993603,,
1937.47,1937,47,311.98210372929236,0.7665714285714287,325.6607962357874,306.020121877383,1938,0.18868677633547598,1938-08-19,-18.362524318971623,18.362524318971623,-0.05885762067591169,0.05885762067591169,False,3227.9047484993603,,
1937.48,1937,48,289.3934428755695,0.8015714285714285,306.020121877383,281.3222739992266,1938,0.17502515425114445,1938-08-26,-22.588660853722843,22.588660853722843,-0.07805519236811212,0.07805519236811212,False,3227.9047484993603,,
1937.49,1937,49,273.3431891515748,0.829714285714286,281.3222739992266,270.26224589706084,1938,0.1653179607988724,1938-09-02,-16.05025372399473,16.05025372399473,-0.05871832319588,0.05871832319588,False,3227.9047484993603,,
1937.5,1937,50,264.5958723481522,0.8501428571428572,270.26224589706084,261.382924552137,1938,0.16002758359616245,1938-09-09,-8.747316803422564,8.747316803422564,-0.03305915820150416,0.03305915820150416,False,3227.9047484993603,,
1937.51,1937,51,256.68278898827026,0.8650000000000001,256.6827889882703,256.6827889882703,1938,0.1552417507801059,1938-09-16,-7.913083359881966,7.913083359881966,-0.030828258455005232,0.030828258455005232,False,3227.9047484993603,,
1937.52,1937,52,247.98848395837484,0.8774285714285716,256.6827889882703,243.2796862142866,1938,0.14998343509802511,1938-09-23,-8.694305029895418,8.694305029895418,-0.03505930957404767,0.03505930957404767,False,3227.9047484993603,,
1937.53,1937,53,239.64129376144416,0.89,239.64129376144416,239.64129376144416,1938,0.020705007780988775,1938-09-30,-8.347190196930683,8.347190196930683,-0.03483201941498473,0.03483201941498473,False,3227.9047484993603,,
1938.01,1938,1,228.55949181972304,0.9098571428571429,231.43340615217082,226.3790707324809,1938,0.1382327806525685,1938-10-01,-11.081801941721125,11.081801941721125,-0.048485415562885166,0.048485415562885166,False,2873.0524012848505,,
1938.02,1938,2,222.80568640395327,0.9214285714285714,224.67104686473823,220.53049583159046,1938,0.1347528791371109,1938-10-08,-5.753805415769762,5.753805415769762,-0.02582432032429344,0.02582432032429344,False,2873.0524012848505,,
1938.03,1938,3,225.6470605034483,0.9151428571428571,226.3790707324809,224.67104686473823,1938,0.13647134219248552,1938-10-15,2.8413740994950274,2.8413740994950274,0.012592116614129817,0.012592116614129817,False,2873.0524012848505,,
1938.04,1938,4,221.03116453260418,0.9248571428571429,222.2828362851385,220.53049583159046,1938,0.13367964830931897,1938-10-22,-4.615895970844122,4.615895970844122,-0.020883462205906415,0.020883462205906415,False,2873.0524012848505,,True
1938.05,1938,5,230.20831581316423,0.9069999999999998,234.76788002600708,224.67104686473823,1938,0.1392299894038017,1938-10-29,9.177151280560054,9.177151280560054,0.03986455158295923,0.03986455158295923,False,2873.0524012848505,,
1938.06,1938,6,241.1520635436864,0.8867142857142858,246.1954239432886,236.19433422910615,1938,0.14584876803122154,1938-11-05,10.943747730522176,10.943747730522176,0.04538110754561152,0.04538110754561152,False,2873.0524012848505,,
1938.07,1938,7,258.79765200874493,0.862,258.7976520087449,258.7976520087449,1938,0.15652081993488892,1938-11-12,17.645588465058523,17.645588465058523,0.06818295424280846,0.06818295424280846,False,2873.0524012848505,,
1938.08,1938,8,309.5201671003546,0.7724285714285715,325.6607962357874,258.7976520087449,1938,0.18719779706229445,1938-11-19,50.722515091609694,50.722515091609694,0.163874669514391,0.163874669514391,False,2873.0524012848505,,
1938.09,1938,9,318.65855697109197,0.7568571428571428,325.6607962357874,311.8155700798613,1938,0.19272469525611644,1938-11-26,9.138389870737342,9.138389870737342,0.028677685475009408,0.028677685475009408,False,2873.0524012848505,,
1938.1,1938,10,347.10418546593354,0.7142857142857143,364.6825175805071,335.4728177879068,1938,0.20992861136979665,1938-12-03,28.44562849484157,28.44562849484157,0.08195126905962752,0.08195126905962752,False,2873.0524012848505,,
1938.11,1938,11,431.57279647963554,0.6171428571428571,459.26044279675483,391.8169121240828,1938,0.2610152273108836,1938-12-10,84.468611013702,84.468611013702,0.19572274180096008,0.19572274180096008,False,2873.0524012848505,,
1938.12,1938,12,491.8861248825797,0.5571428571428572,516.7730027239134,470.1789493868897,1938,0.2974927283289842,1938-12-17,60.31332840294414,60.31332840294414,0.122616445864054,0.122616445864054,False,2873.0524012848505,,
1938.13,1938,13,547.2968122998253,0.5195714285714287,548.1781559247493,542.0087505502821,1938,0.33100511207893435,1938-12-24,55.41068741724564,55.41068741724564,0.10124430870408584,0.10124430870408584,False,2873.0524012848505,,
1938.14,1938,14,579.8652917004231,0.4944285714285715,601.777842158206,562.8280752081156,1938,0.35070252842041594,1938-12-31,32.56847940059777,32.56847940059777,0.05616559546975555,0.05616559546975555,False,2873.0524012848505,,
1938.15,1938,15,666.8609016952418,0.4522857142857143,682.3088631722309,636.9257883620418,1939,0.40331747334528223,1939-01-07,86.99560999481866,86.99560999481866,0.1304554064778205,0.1304554064778205,False,2873.0524012848505,,
1938.16,1938,16,705.4084588792017,0.43642857142857144,720.3337222668207,682.3088631722309,1939,0.4266310359301412,1939-01-14,38.54755718395995,38.54755718395995,0.05464572574761407,0.05464572574761407,False,2873.0524012848505,,
1938.17,1938,17,796.1244012378587,0.398,819.2739407352476,760.52821131929,1939,0.4814960378686569,1939-01-21,90.715942358657,90.715942358657,0.11394694374096156,0.11394694374096156,False,2873.0524012848505,,
1938.18,1938,18,873.3503265837978,0.36985714285714283,905.4211927358452,847.0875422650073,1939,0.528202277517881,1939-01-28,77.22592534593912,77.22592534593912,0.0884249115106151,0.0884249115106151,False,2873.0524012848505,,
1938.19,1938,19,988.834737006703,0.333,997.6786758623872,976.7769450097452,1939,0.5980472489416538,1939-02-04,115.48441042290517,115.48441042290517,0.11678838343855868,0.11678838343855868,False,2873.0524012848505,,
1938.2,1938,20,1066.547969373573,0.31457142857142856,1080.0406798008228,1042.8375986738163,1939,0.645048211877137,1939-02-11,77.7132323668701,77.7132323668701,0.07286426358536338,0.07286426358536338,False,2873.0524012848505,,
1938.21,1938,21,1276.7058349514666,0.26657142857142857,1446.688358904274,1107.711819429938,1939,0.7721516889786468,1939-02-18,210.15786557789352,210.15786557789352,0.1646094658805116,0.1646094658805116,False,2873.0524012848505,,
1938.22,1938,22,1878.4827526117354,0.18885714285714283,2076.7821263719575,1716.4923972873114,1939,1.1361063687795776,1939-02-25,601.7769176602687,601.7769176602687,0.3203526446136343,0.3203526446136343,False,2873.0524012848505,,
1938.23,1938,23,2721.3680041429666,0.10742857142857141,2873.0524012848505,2496.800686844093,1939,1.6458833689056662,1939-03-04,842.8852515312312,842.8852515312312,0.3097285079592456,0.3097285079592456,False,2873.0524012848505,,
1938.24,1938,24,2750.0904782559396,0.10542857142857143,2782.206511497961,2742.499149867776,1939,1.6632547212491922,1939-03-11,28.722474112973032,28.722474112973032,0.010444192414784961,0.010444192414784961,False,2873.0524012848505,,
1938.25,1938,25,2753.025841379368,0.10471428571428572,2782.206511497961,2697.0639055583683,1939,1.6650300288662419,1939-03-18,2.9353631234284876,2.9353631234284876,0.0010662315911854144,0.0010662315911854144,True,2873.0524012848505,True,
1938.26,1938,26,2560.4779494061772,0.11985714285714286,2575.550311723379,2542.9744128795624,1939,1.548577063800856,1939-03-25,-192.54789197319087,192.54789197319087,-0.07519998054185405,0.07519998054185405,False,2873.0524012848505,,
1938.27,1938,27,2454.4307262340017,0.12785714285714286,2542.9744128795624,2395.739198274402,1939,1.4844397032263243,1939-04-01,-106.04722317217556,106.04722317217556,-0.04320644377480189,0.04320644377480189,False,2873.0524012848505,,
1938.28,1938,28,2351.4176565263297,0.1372857142857143,2395.739198274402,2301.531632213161,1939,1.4221373986671244,1939-04-08,-103.013069707672,103.013069707672,-0.043808920725656945,0.043808920725656945,False,2873.0524012848505,,
1938.29,1938,29,2162.4958765803026,0.15957142857142856,2221.9458555412634,2112.7014560687376,1939,1.307877506155767,1939-04-15,-188.92177994602707,188.92177994602707,-0.08736283938944732,0.08736283938944732,False,2873.0524012848505,,
1938.3,1938,30,1989.0171397944498,0.17799999999999996,2067.468969295266,1902.1320729105275,1939,1.202957566147683,1939-04-22,-173.4787367858528,173.4787367858528,-0.08721832171027975,0.08721832171027975,False,2873.0524012848505,,
1938.31,1938,31,1719.4686016706291,0.20500000000000002,1832.2961330880007,1631.4057003589478,1939,1.0399346102903966,1939-04-29,-269.54853812382066,269.54853812382066,-0.15676269858136888,0.15676269858136888,False,2873.0524012848505,,
1938.32,1938,32,1478.6605289046136,0.23314285714285712,1551.1556592265113,1399.6225280663384,1939,0.8942938878815102,1939-05-06,-240.80807276601558,240.80807276601558,-0.16285554936967536,0.16285554936967536,False,2873.0524012848505,,
1938.33,1938,33,1247.454783427857,0.26642857142857146,1311.0784203230735,1199.561484005937,1939,0.7544606530171679,1939-05-13,-231.20574547675665,231.20574547675665,-0.18534198477433453,0.18534198477433453,False,2873.0524012848505,,
1938.34,1938,34,1115.1435099835878,0.29857142857142854,1182.7486219934508,1066.3481241083625,1939,0.674438794838074,1939-05-20,-132.3112734442691,132.3112734442691,-0.11864954802652834,0.11864954802652834,False,2873.0524012848505,,
1938.35,1938,35,959.8565130611031,0.34128571428571425,997.6786758623872,914.0536783798912,1939,0.5805212190993552,1939-05-27,-155.28699692248472,155.28699692248472,-0.16178146921903458,0.16178146921903458,False,2873.0524012848505,,
1938.36,1938,36,781.2796056047322,0.40299999999999997,817.7246825595828,748.233943314839,1939,0.4725179054697421,1939-06-03,-178.57690745637092,178.57690745637092,-0.22856977985256305,0.22856977985256305,False,2873.0524012848505,,
1938.37,1938,37,645.7682957318723,0.46128571428571424,684.6893499137433,608.7950640130589,1939,0.3905606652586365,1939-06-10,-135.5113098728599,135.5113098728599,-0.20984509578513774,0.20984509578513774,False,2873.0524012848505,,
1938.38,1938,38,544.925565883607,0.5195714285714287,563.9275439778775,527.3375978981461,1939,0.32957098224640546,1939-06-17,-100.84272984826532,100.84272984826532,-0.18505780635332636,0.18505780635332636,False,2873.0524012848505,,
1938.39,1938,39,476.35651321495106,0.5677142857142857,489.3436243127323,462.56506724863937,1939,0.28810041919240237,1939-06-24,-68.5690526686559,68.5690526686559,-0.14394482024792807,0.14394482024792807,False,2873.0524012848505,,
1938.4,1938,40,430.4850490496229,0.6167142857142858,440.0331111664572,422.4698189706656,1939,0.2603573576652119,1939-07-01,-45.87146416532818,45.87146416532818,-0.10655762439740499,0.10655762439740499,False,2873.0524012848505,,
1938.41,1938,41,415.3767607818315,0.6365714285714287,420.28892993659525,408.00454625357366,1939,0.2512198649208517,1939-07-08,-15.108288267791409,15.108288267791409,-0.03637249286492159,0.03637249286492159,False,2873.0524012848505,,
1938.42,1938,42,387.21643127385954,0.6677142857142856,391.8169121240828,380.8369423592014,1939,0.23418849763443025,1939-07-15,-28.160329507971937,28.160329507971937,-0.07272503755930619,0.07272503755930619,False,2873.0524012848505,,
1938.43,1938,43,372.446719427175,0.6858571428571428,377.11676084070143,364.6825175805071,1939,0.22525577590955542,1939-07-22,-14.769711846684515,14.769711846684515,-0.03965590533164155,0.03965590533164155,False,2873.0524012848505,,
1938.44,1938,44,342.5446924975055,0.7202857142857143,350.2192051008483,335.4728177879068,1939,0.20717103002249132,1939-07-29,-29.902026929669546,29.902026929669546,-0.08729379723169205,0.08729379723169205,False,2873.0524012848505,,
1938.45,1938,45,328.21112666943696,0.7417142857142858,331.6115672476363,325.6607962357874,1939,0.19850208940967545,1939-08-05,-14.333565828068515,14.333565828068515,-0.043671785211915726,0.043671785211915726,False,2873.0524012848505,,
1938.46,1938,46,314.8878269845901,0.763,320.2150422476492,311.8155700798613,1939,0.19044415776028012,1939-08-12,-13.323299684846859,13.323299684846859,-0.04231125671777357,0.04231125671777357,False,2873.0524012848505,,
1938.47,1938,47,308.9968183881021,0.7701428571428571,311.8155700798613,306.020121877383,1939,0.18688127576112415,1939-08-19,-5.891008596488007,5.891008596488007,-0.01906494904128385,0.01906494904128385,False,2873.0524012848505,,
1938.48,1938,48,284.788579351954,0.8087142857142856,290.5219447532691,281.3222739992266,1939,0.1722401327920618,1939-08-26,-24.208239036148086,24.208239036148086,-0.08500424803282051,0.08500424803282051,False,2873.0524012848505,,
1938.49,1938,49,271.26658468218534,0.8341428571428572,273.7644374568714,266.78604271350054,1939,0.16406203041578565,1939-09-02,-13.521994669768674,13.521994669768674,-0.049847623825879546,0.049847623825879546,False,2873.0524012848505,,
1938.5,1938,50,255.1721066438881,0.8665714285714285,264.1051871975735,249.7991800258312,1939,0.1543280900982235,1939-09-09,-16.09447803829724,16.09447803829724,-0.06307303039496513,0.06307303039496513,False,2873.0524012848505,,
1938.51,1938,51,243.2796862142866,0.8840000000000001,243.2796862142866,243.2796862142866,1939,0.14713555422240054,1939-09-16,-11.892420429601486,11.892420429601486,-0.048883737950592206,0.048883737950592206,False,2873.0524012848505,,
1938.52,1938,52,243.2796862142866,0.8840000000000001,243.2796862142866,243.2796862142866,1939,0.14713555422240054,1939-09-23,0.0,0.0,0.0,0.0,False,2873.0524012848505,,
1938.53,1938,53,236.19433422910615,0.893,236.19433422910615,236.19433422910615,1939,0.02040719047739477,1939-09-30,-7.085351985180466,7.085351985180466,-0.02999797606621565,0.02999797606621565,False,2873.0524012848505,,
1939.01,1939,1,235.10190545046183,0.8954285714285714,236.19433422910615,228.5473327785961,1939,0.14218963241643934,1939-10-01,-1.0924287786443188,1.0924287786443188,-0.004646618140126064,0.004646618140126064,False,5259.545195770601,,
1939.02,1939,2,218.90014840286963,0.9262857142857142,226.3790707324809,214.75310038088375,1939,0.13239080975405554,1939-10-08,-16.201757047592196,16.201757047592196,-0.0740143721500547,0.0740143721500547,False,5259.545195770601,,True
1939.03,1939,3,220.96723785664526,0.9244285714285715,229.36508545768086,214.75310038088375,1939,0.13364098545569902,1939-10-15,2.0670894537756226,2.0670894537756226,0.009354732736971025,0.009354732736971025,False,5259.545195770601,,
1939.04,1939,4,244.7248920884149,0.8832857142857142,256.6827889882703,229.36508545768086,1939,0.14800961473507335,1939-10-22,23.757654231769635,23.757654231769635,0.09707902628550921,0.09707902628550921,False,5259.545195770601,,
1939.05,1939,5,261.59560733128166,0.8561428571428572,264.1051871975735,256.6827889882703,1939,0.15821302331395917,1939-10-29,16.870715242866765,16.870715242866765,0.0644915846063955,0.0644915846063955,False,5259.545195770601,,
1939.06,1939,6,265.8680594511771,0.8478571428571428,273.7644374568714,264.1051871975735,1939,0.16079700235607192,1939-11-05,4.2724521198954335,4.2724521198954335,0.01606982098080875,0.01606982098080875,False,5259.545195770601,,
1939.07,1939,7,286.8028619145376,0.8042857142857143,299.18021087320443,273.7644374568714,1939,0.17345837088591232,1939-11-12,20.934802463360484,20.934802463360484,0.07299370140036714,0.07299370140036714,False,5259.545195770601,,
1939.08,1939,8,345.3620535085673,0.7198571428571429,377.11676084070143,299.18021087320443,1939,0.20887496996198154,1939-11-19,58.559191594029755,58.559191594029755,0.16955884701032184,0.16955884701032184,False,5259.545195770601,,
1939.09,1939,9,414.9018943211756,0.6354285714285713,435.49688511870175,389.13393637134163,1939,0.25093266568544703,1939-11-26,69.53984081260825,69.53984081260825,0.16760550328742885,0.16760550328742885,False,5259.545195770601,,
1939.1,1939,10,463.94963518283464,0.5807142857142856,489.3436243127323,435.49688511870175,1939,0.2805967393585784,1939-12-03,49.047740861659065,49.047740861659065,0.10571781318963681,0.10571781318963681,False,5259.545195770601,,
1939.11,1939,11,517.4898220377896,0.5387142857142858,542.0087505502821,489.3436243127323,1939,0.3129778443684551,1939-12-10,53.54018685495498,53.54018685495498,0.10346133310240296,0.10346133310240296,False,5259.545195770601,,
1939.12,1939,12,562.5714166526578,0.5067142857142858,589.2318351168824,548.1781559247493,1939,0.3402431927915275,1939-12-17,45.08159461486821,45.08159461486821,0.08013488293292091,0.08013488293292091,False,5259.545195770601,,
1939.13,1939,13,651.4825854793909,0.45957142857142863,702.6560160658968,589.2318351168824,1939,0.39401666769793564,1939-12-24,88.91116882673305,88.91116882673305,0.136475127360938,0.136475127360938,False,5259.545195770601,,
1939.14,1939,14,715.7414394657617,0.43242857142857144,720.3337222668207,702.6560160658968,1939,0.43288042258889264,1939-12-31,64.25885398637081,64.25885398637081,0.08977942374600305,0.08977942374600305,False,5259.545195770601,,
1939.15,1939,15,750.2102641564572,0.4142857142857142,760.52821131929,720.3337222668207,1940,0.4537271677618253,1940-01-07,34.468824690695556,34.468824690695556,0.04594555198395291,0.04594555198395291,False,5259.545195770601,,
1939.16,1939,16,824.6587591380011,0.3871428571428571,885.1094475277025,760.52821131929,1940,0.4987536175266631,1940-01-14,74.44849498154383,74.44849498154383,0.09027794121699904,0.09027794121699904,False,5259.545195770601,,
1939.17,1939,17,924.0731061271538,0.35285714285714287,957.9333972550563,905.4211927358452,1940,0.5588794145857026,1940-01-21,99.4143469891527,99.4143469891527,0.10758277275896952,0.10758277275896952,False,5259.545195770601,,
1939.18,1939,18,993.1161613307041,0.333,1042.8375986738163,971.4321659369264,1940,0.6006366543728098,1940-01-28,69.04305520355035,69.04305520355035,0.06952163089465549,0.06952163089465549,False,5259.545195770601,,
1939.19,1939,19,1050.603791747713,0.3188571428571429,1080.0406798008228,1042.8375986738163,1940,0.6354051732490169,1940-02-04,57.48763041700897,57.48763041700897,0.05471865880226499,0.05471865880226499,False,5259.545195770601,,
1939.2,1939,20,1100.2113103231222,0.30114285714285716,1107.711819429938,1080.0406798008228,1940,0.6654078004834244,1940-02-11,49.60751857540913,49.60751857540913,0.045089082533463366,0.045089082533463366,False,5259.545195770601,,
1939.21,1939,21,1130.1557542667867,0.29228571428571426,1166.683447695578,1111.9159691599295,1940,0.6835182001805525,1940-02-18,29.94444394366451,29.94444394366451,0.02649585584165045,0.02649585584165045,False,5259.545195770601,,
1939.22,1939,22,1290.5813964899367,0.26085714285714284,1414.1459885179058,1172.2200796855432,1940,0.7805436285971137,1940-02-25,160.4256422231499,160.4256422231499,0.12430493935482731,0.12430493935482731,False,5259.545195770601,,
1939.23,1939,23,1875.0474457602536,0.18985714285714286,2301.531632213161,1436.9972565708524,1940,1.1340286951958014,1940-03-03,584.466049270317,584.466049270317,0.31170733870861617,0.31170733870861617,False,5259.545195770601,,
1939.24,1939,24,2651.7799320034796,0.11328571428571428,3112.623308365314,2327.3604518173347,1940,1.6037965028757046,1940-03-10,776.732486243226,776.732486243226,0.292909859098446,0.292909859098446,False,5259.545195770601,,
1939.25,1939,25,3502.605455814804,0.056999999999999995,3773.148259641381,3139.3228726318957,1940,2.1183757796767932,1940-03-17,850.8255238113243,850.8255238113243,0.24291217910336935,0.24291217910336935,False,5259.545195770601,,
1939.26,1939,26,4573.691628855312,0.02457142857142857,5008.694156859004,4110.977625580697,1940,2.7661686971316923,1940-03-24,1071.0861730405081,1071.0861730405081,0.23418416892889124,0.23418416892889124,False,5259.545195770601,,
1939.27,1939,27,5174.124999534295,0.015285714285714286,5259.545195770601,5114.9019471125,1940,3.129310799718341,1940-03-31,600.433370678983,600.433370678983,0.11604539332409362,0.11604539332409362,True,5259.545195770601,True,
1939.28,1939,28,4873.800826510143,0.019,5062.737561765161,4629.081161917657,1940,2.9476747398733343,1940-04-07,-300.3241730241516,300.3241730241516,-0.061620116150539736,0.061620116150539736,False,5259.545195770601,,
1939.29,1939,29,4332.708681804487,0.029,4525.162733396875,4091.3024114860686,1940,2.6204222107553545,1940-04-14,-541.0921447056562,541.0921447056562,-0.12488542028639278,0.12488542028639278,False,5259.545195770601,,
1939.3,1939,30,3919.456605993015,0.04028571428571428,4056.5448687282815,3773.148259641381,1940,2.3704873553045753,1940-04-21,-413.2520758114724,413.2520758114724,-0.10543606355523685,0.10543606355523685,False,5259.545195770601,,
1939.31,1939,31,3480.884516456983,0.058428571428571434,3670.338943913297,3313.0406406455268,1940,2.105238955553183,1940-04-28,-438.57208953603185,438.57208953603185,-0.1259944383281156,0.1259944383281156,False,5259.545195770601,,
1939.32,1939,32,3079.95054418849,0.08114285714285716,3251.016842748816,2914.698847593973,1940,1.8627540891251986,1940-05-05,-400.9339722684931,400.9339722684931,-0.13017545785759746,0.13017545785759746,False,5259.545195770601,,
1939.33,1939,33,2709.035365009943,0.10814285714285714,2840.311133494523,2542.9744128795624,1940,1.6384245887580136,1940-05-12,-370.9151791785471,370.9151791785471,-0.13691780623070077,0.13691780623070077,False,5259.545195770601,,
1939.34,1939,34,2330.7104661273715,0.14042857142857143,2467.4434971899177,2139.216866369918,1940,1.4096136899138343,1940-05-19,-378.32489888257123,378.32489888257123,-0.16232170592651213,0.16232170592651213,False,5259.545195770601,,
1939.35,1939,35,2060.88100873508,0.17057142857142857,2130.077665449665,1952.5344676593652,1940,1.246420834082976,1940-05-26,-269.8294573922917,269.8294573922917,-0.13092917846717733,0.13092917846717733,False,5259.545195770601,,
1939.36,1939,36,1845.0019253142032,0.19185714285714286,1952.5344676593652,1677.712303316742,1940,1.11585716443003,1940-06-02,-215.87908342087667,215.87908342087667,-0.1170075111895141,0.1170075111895141,False,5259.545195770601,,
1939.37,1939,37,1502.443368464774,0.2305714285714286,1659.7232892169968,1383.5781363808978,1940,0.9086777492474953,1940-06-09,-342.5585568494291,342.5585568494291,-0.22800097763382732,0.22800097763382732,False,5259.545195770601,,
1939.38,1939,38,1296.2699244468135,0.2602857142857143,1383.5781363808978,1172.2200796855432,1940,0.7839840503054327,1940-06-16,-206.1734440179605,206.1734440179605,-0.1590513211250701,0.1590513211250701,False,5259.545195770601,,
1939.39,1939,39,1088.7049462505788,0.306,1172.2200796855432,997.6786758623872,1940,0.65844875149235,1940-06-23,-207.56497819623473,207.56497819623473,-0.19065310478387512,0.19065310478387512,False,5259.545195770601,,
1939.4,1939,40,912.5371298999564,0.3574285714285714,989.4775076349575,817.7246825595828,1940,0.5519024561634936,1940-06-30,-176.1678163506224,176.1678163506224,-0.1930527652830259,0.1930527652830259,False,5259.545195770601,,
1939.41,1939,41,739.7024406539597,0.4218571428571428,817.7246825595828,684.6893499137433,1940,0.44737203610751486,1940-07-07,-172.83468924599674,172.83468924599674,-0.23365434497308973,0.23365434497308973,False,5259.545195770601,,
1939.42,1939,42,665.0130424286215,0.45285714285714285,682.3088631722309,630.1125986840717,1940,0.4021998880608303,1940-07-14,-74.68939822533821,74.68939822533821,-0.11231268179729711,0.11231268179729711,False,5259.545195770601,,
1939.43,1939,43,576.1705716579032,0.4985714285714286,623.8090120652902,548.1781559247493,1940,0.3484679617386999,1940-07-21,-88.84247077071825,88.84247077071825,-0.15419473874737874,0.15419473874737874,False,5259.545195770601,,
1939.44,1939,44,524.3855272431873,0.5347142857142857,548.1781559247493,494.68108319071365,1940,0.3171483668766797,1940-07-28,-51.78504441471591,51.78504441471591,-0.09875376364210801,0.09875376364210801,False,5259.545195770601,,
1939.45,1939,45,472.6739718789136,0.5721428571428572,489.3436243127323,455.65515596238953,1940,0.28587321819236694,1940-08-04,-51.71155536427369,51.71155536427369,-0.10940216394551297,0.10940216394551297,False,5259.545195770601,,
1939.46,1939,46,438.71448755476865,0.6087142857142858,455.65515596238953,420.28892993659525,1940,0.2653345220731241,1940-08-11,-33.95948432414497,33.95948432414497,-0.0774067993820366,0.0774067993820366,False,5259.545195770601,,
1939.47,1939,47,405.233407653036,0.6471428571428571,420.28892993659525,386.53109723034976,1940,0.2450851649485562,1940-08-18,-33.48107990173264,33.48107990173264,-0.08262171693997994,0.08262171693997994,False,5259.545195770601,,
1939.48,1939,48,373.27014136169157,0.6852857142857144,386.53109723034976,360.34880084276085,1940,0.2257537814955511,1940-08-25,-31.96326629134444,31.96326629134444,-0.08563038601143468,0.08563038601143468,False,5259.545195770601,,
1939.49,1939,49,339.03634837392536,0.7255714285714286,350.2192051008483,325.6607962357874,1940,0.20504918349655005,1940-09-01,-34.23379298776621,34.23379298776621,-0.10097381343315301,0.10097381343315301,False,5259.545195770601,,
1939.5,1939,50,313.72389421888903,0.7637142857142856,325.6607962357874,302.30479186612183,1940,0.18974021122358406,1940-09-08,-25.312454155036335,25.312454155036335,-0.08068385807226887,0.08068385807226887,False,5259.545195770601,,
1939.51,1939,51,289.6140945827251,0.8005714285714286,299.18021087320443,273.7644374568714,1940,0.17515860440363218,1940-09-15,-24.109799636163928,24.109799636163928,-0.08324801895743796,0.08324801895743796,False,5259.545195770601,,
1939.52,1939,52,261.87871841464914,0.854,273.7644374568714,256.6827889882703,1940,0.15838424889717984,1940-09-22,-27.73537616807596,27.73537616807596,-0.1059092404910917,0.1059092404910917,False,5259.545195770601,,
1939.53,1939,53,264.1051871975735,0.852,264.1051871975735,264.1051871975735,1940,0.04563737634774071,1940-09-29,2.2264687829243712,2.2264687829243712,0.008430234962627903,0.008430234962627903,False,5259.545195770601,,
1940.01,1940,1,264.1051871975735,0.8520000000000001,264.1051871975735,264.1051871975735,1940,0.1597308172170925,1940-10-01,0.0,0.0,0.0,0.0,False,3355.9174512398436,,
1940.02,1940,2,260.16594008089663,0.8590000000000001,264.1051871975735,256.6827889882703,1940,0.1573483605609263,1940-10-08,-3.9392471166768814,3.9392471166768814,-0.015141286808918963,0.015141286808918963,False,3355.9174512398436,,True
1940.03,1940,3,268.9361371530872,0.8401428571428572,275.9224808516464,264.1051871975735,1940,0.16265257575018713,1940-10-15,8.77019707219057,8.77019707219057,0.032610705147439106,0.032610705147439106,False,3355.9174512398436,,
1940.04,1940,4,298.4236876327845,0.7865714285714286,309.0284073518941,287.1870699602335,1940,0.18048664628030808,1940-10-22,29.48755047969729,29.48755047969729,0.098811025068433,0.098811025068433,False,3355.9174512398436,,
1940.05,1940,5,312.4879777937936,0.7655714285714285,316.52242407738737,311.8155700798613,1940,0.18899272896968636,1940-10-29,14.064290161009126,14.064290161009126,0.045007459999917024,0.045007459999917024,False,3355.9174512398436,,
1940.06,1940,6,325.6607962357875,0.7459999999999999,325.6607962357874,325.6607962357874,1940,0.19695964956340423,1940-11-05,13.172818441993854,13.172818441993854,0.040449506339892284,0.040449506339892284,False,3355.9174512398436,,
1940.07,1940,7,328.7175550648468,0.7411428571428571,331.6115672476363,325.6607962357874,1940,0.19880837730321937,1940-11-12,3.0567588290593335,3.0567588290593335,0.009299043455273694,0.009299043455273694,False,3355.9174512398436,,
1940.08,1940,8,332.1631744676749,0.7352857142857142,335.4728177879068,331.6115672476363,1940,0.20089228791804978,1940-11-19,3.445619402828072,3.445619402828072,0.010373273341784579,0.010373273341784579,False,3355.9174512398436,,
1940.09,1940,9,338.6459365865107,0.7261428571428572,340.5953058875766,338.3210417029997,1940,0.20481306244752165,1940-11-26,6.482762118835808,6.482762118835808,0.01914318590141925,0.01914318590141925,False,3355.9174512398436,,
1940.1,1940,10,357.5259099744422,0.7018571428571428,373.01012538244936,350.2192051008483,1940,0.21623167035254268,1940-12-03,18.8799733879315,18.8799733879315,0.052807287139779995,0.052807287139779995,False,3355.9174512398436,,
1940.11,1940,11,391.0814635738142,0.663142857142857,402.90237744418727,377.11676084070143,1940,0.2365260691694428,1940-12-10,33.55555359937199,33.55555359937199,0.08580195362043436,0.08580195362043436,False,3355.9174512398436,,
1940.12,1940,12,422.6207907322791,0.6267142857142858,477.3484869166725,402.90237744418727,1940,0.2556010542348824,1940-12-17,31.539327158464914,31.539327158464914,0.07462795927246367,0.07462795927246367,False,3355.9174512398436,,
1940.13,1940,13,466.3797084309785,0.5777142857142857,477.3484869166725,455.65515596238953,1940,0.28206644765905575,1940-12-24,43.758917698699406,43.758917698699406,0.09382680444206219,0.09382680444206219,False,3355.9174512398436,,
1940.14,1940,14,501.5969587139722,0.549,527.3375978981461,479.56309760929685,1940,0.3033658406302104,1940-12-31,35.21725028299369,35.21725028299369,0.0702102548095308,0.0702102548095308,False,3355.9174512398436,,
1940.15,1940,15,575.3794548783941,0.49914285714285717,608.7950640130589,548.1781559247493,1941,0.3479894943104528,1941-01-07,73.7824961644219,73.7824961644219,0.1282327610741954,0.1282327610741954,False,3355.9174512398436,,
1940.16,1940,16,683.1236626440278,0.44542857142857145,779.3663976124346,615.6277736669467,1941,0.413153191167108,1941-01-14,107.74420776563375,107.74420776563375,0.15772284530243053,0.15772284530243053,False,3355.9174512398436,,
1940.17,1940,17,886.0401951840978,0.36628571428571427,941.1240560143013,817.7246825595828,1941,0.5358771100473424,1941-01-21,202.91653254006997,202.91653254006997,0.22901504202967768,0.22901504202967768,False,3355.9174512398436,,
1940.18,1940,18,1003.2869758744075,0.3298571428571429,1042.8375986738163,952.4350838829193,1941,0.6067879630088416,1941-01-28,117.24678069030972,117.24678069030972,0.11686265595955149,0.11686265595955149,False,3355.9174512398436,,
1940.19,1940,19,1023.589169353272,0.3242857142857143,1082.8793953113418,989.4775076349575,1941,0.619066729624859,1941-02-04,20.302193478864524,20.302193478864524,0.019834318383509207,0.019834318383509207,False,3355.9174512398436,,
1940.2,1940,20,1162.1954409241996,0.284,1231.9889272331854,1096.4988223473633,1941,0.702895802670956,1941-02-11,138.60627157092756,138.60627157092756,0.11926244647862777,0.11926244647862777,False,3355.9174512398436,,
1940.21,1940,21,1370.8972819863247,0.2492857142857143,1454.6784350498776,1291.2130338573666,1941,0.8291186761453292,1941-02-18,208.70184106212514,208.70184106212514,0.1522374023236316,0.1522374023236316,False,3355.9174512398436,,
1940.22,1940,22,1595.6080312332717,0.2191428571428571,1659.7232892169968,1492.9232463956196,1941,0.9650237372898827,1941-02-25,224.710749246947,224.710749246947,0.14083079606541235,0.14083079606541235,False,3355.9174512398436,,
1940.23,1940,23,1719.5478605197643,0.20514285714285713,1832.2961330880007,1659.7232892169968,1941,1.0399825460423535,1941-03-04,123.93982928649257,123.93982928649257,0.07207698728957129,0.07207698728957129,False,3355.9174512398436,,
1940.24,1940,24,2015.962787035461,0.17485714285714288,2169.222343577076,1871.7016074586716,1941,1.2192542935990467,1941-03-11,296.4149265156966,296.4149265156966,0.14703392762104722,0.14703392762104722,False,3355.9174512398436,,
1940.25,1940,25,2496.712508038215,0.12842857142857142,2914.698847593973,2217.372657831301,1941,1.510011724861513,1941-03-18,480.7497210027543,480.7497210027543,0.19255309510204763,0.19255309510204763,False,3355.9174512398436,,
1940.26,1940,26,3218.336233191378,0.07314285714285715,3355.9174512398436,3004.2640135053875,1941,1.9464497538341456,1941-03-25,721.6237251531629,721.6237251531629,0.22422260225979676,0.22422260225979676,True,3355.9174512398436,True,
1940.27,1940,27,3207.38112760058,0.07414285714285715,3355.9174512398436,3004.2640135053875,1941,1.9398241059728305,1941-04-01,-10.955105590798212,10.955105590798212,-0.0034155920843101212,0.0034155920843101212,False,3355.9174512398436,,
1940.28,1940,28,2869.8465062359805,0.09614285714285713,2963.5533446484865,2782.206511497961,1941,1.7356831669715214,1941-04-08,-337.5346213645994,337.5346213645994,-0.11761417226710895,0.11761417226710895,False,3355.9174512398436,,
1940.29,1940,29,2697.8489781735816,0.10914285714285714,2749.2151184112568,2591.896796157977,1941,1.6316590619993823,1941-04-15,-171.99752806239894,171.99752806239894,-0.06375357903793401,0.06375357903793401,False,3355.9174512398436,,
1940.3,1940,30,2396.368025579134,0.13214285714285715,2411.0479762115906,2384.832211470341,1941,1.4493233818702604,1941-04-22,-301.48095259444744,301.48095259444744,-0.12580745084911907,0.12580745084911907,False,3355.9174512398436,,
1940.31,1940,31,2189.1646326527757,0.156,2310.3827547648234,2076.7821263719575,1941,1.3240067698283986,1941-04-29,-207.20339292635845,207.20339292635845,-0.09464952513656978,0.09464952513656978,False,3355.9174512398436,,
1940.32,1940,32,1910.0631808375695,0.18542857142857144,2041.65817572948,1751.5174261192885,1941,1.1552062117705622,1941-05-06,-279.10145181520625,279.10145181520625,-0.14612158101116807,0.14612158101116807,False,3355.9174512398436,,
1940.33,1940,33,1659.2520911324498,0.21157142857142858,1745.9668486656192,1559.6365373841436,1941,1.003515664716906,1941-05-13,-250.81108970511968,250.81108970511968,-0.15115912226088538,0.15115912226088538,False,3355.9174512398436,,
1940.34,1940,34,1428.3271236785563,0.24099999999999996,1528.006983766956,1341.3621257487196,1941,0.8638522444007909,1941-05-20,-230.9249674538935,230.9249674538935,-0.16167512583473345,0.16167512583473345,False,3355.9174512398436,,
1940.35,1940,35,1235.1405974328586,0.269,1327.7083044595875,1166.683447695578,1941,0.7470130333273929,1941-05-27,-193.18652624569768,193.18652624569768,-0.1564085308565037,0.1564085308565037,False,3355.9174512398436,,
1940.36,1940,36,1056.0499096952233,0.315,1127.726717014242,971.4321659369264,1941,0.638698985383671,1941-06-03,-179.09068773763533,179.09068773763533,-0.1695854391856546,0.1695854391856546,False,3355.9174512398436,,
1940.37,1940,37,851.1604895214108,0.3782857142857142,941.1240560143013,760.52821131929,1941,0.5147818640625493,1941-06-10,-204.88942017381248,204.88942017381248,-0.2407177291429697,0.2407177291429697,False,3355.9174512398436,,
1940.38,1940,38,673.811673814178,0.4492857142857143,733.8512888156049,615.6277736669467,1941,0.40752130032281486,1941-06-17,-177.3488157072328,177.3488157072328,-0.2632023495576029,0.2632023495576029,False,3355.9174512398436,,
1940.39,1940,39,575.782335954658,0.49857142857142855,608.7950640130589,550.9983234585969,1941,0.3482331567853772,1941-06-24,-98.02933785951996,98.02933785951996,-0.17025415984147108,0.17025415984147108,False,3355.9174512398436,,
1940.4,1940,40,527.179542524107,0.533,548.1781559247493,494.68108319071365,1941,0.3188381873185799,1941-07-01,-48.60279343055106,48.60279343055106,-0.09219400509709373,0.09219400509709373,False,3355.9174512398436,,
1940.41,1940,41,463.5175257330055,0.5815714285714285,486.02502639130836,442.79918136912596,1941,0.28033539956332176,1941-07-08,-63.66201679110145,63.66201679110145,-0.13734543627110213,0.13734543627110213,False,3355.9174512398436,,
1940.42,1940,42,429.83661284165527,0.6172857142857143,440.0331111664572,422.4698189706656,1941,0.2599651834466331,1941-07-15,-33.68091289135026,33.68091289135026,-0.07835747789999861,0.07835747789999861,False,3355.9174512398436,,
1940.43,1940,43,406.56304403895905,0.6458571428571428,420.28892993659525,389.13393637134163,1941,0.24588932903476243,1941-07-22,-23.273568802696218,23.273568802696218,-0.057244673720186975,0.057244673720186975,False,3355.9174512398436,,
1940.44,1940,44,373.27014136169157,0.6852857142857144,386.53109723034976,360.34880084276085,1941,0.2257537814955511,1941-07-29,-33.29290267726748,33.29290267726748,-0.08919251498610305,0.08919251498610305,False,3355.9174512398436,,
1940.45,1940,45,339.80894987725617,0.7241428571428571,350.2192051008483,329.2057950036568,1941,0.2055164528857645,1941-08-05,-33.4611914844354,33.4611914844354,-0.09847060089653925,0.09847060089653925,False,3355.9174512398436,,
1940.46,1940,46,316.6806675202453,0.7597142857142857,325.6607962357874,311.8155700798613,1941,0.19152846771624443,1941-08-12,-23.128282357010846,23.128282357010846,-0.0730334520831849,0.0730334520831849,False,3355.9174512398436,,
1940.47,1940,47,307.8239149908792,0.7722857142857141,311.8155700798613,299.18021087320443,1941,0.18617190378648374,1941-08-19,-8.856752529366133,8.856752529366133,-0.02877213919402123,0.02877213919402123,False,3355.9174512398436,,
1940.48,1940,48,279.7903966502502,0.8170000000000002,290.5219447532691,273.7644374568714,1941,0.16921723189407134,1941-08-26,-28.033518340628973,28.033518340628973,-0.10019471245709713,0.10019471245709713,False,3355.9174512398436,,
1940.49,1940,49,273.40844795452614,0.8290000000000001,273.7644374568714,271.2725109404546,1941,0.1653574293228974,1941-09-02,-6.381948695724077,6.381948695724077,-0.023342178134837795,0.023342178134837795,False,3355.9174512398436,,
1940.5,1940,50,264.1051871975735,0.8520000000000001,264.1051871975735,264.1051871975735,1941,0.1597308172170925,1941-09-09,-9.303260756952625,9.303260756952625,-0.03522558892413189,0.03522558892413189,False,3355.9174512398436,,
1940.51,1940,51,263.3469678848837,0.8534285714285714,264.1051871975735,258.7976520087449,1941,0.1592722461767777,1941-09-16,-0.7582193126897891,0.7582193126897891,-0.0028791647717820996,0.0028791647717820996,False,3355.9174512398436,,
1940.52,1940,52,240.91368211839858,0.8887142857142857,256.6827889882703,229.36508545768086,1941,0.14570459494520746,1941-09-23,-22.43328576648514,22.43328576648514,-0.0931175247882358,0.0931175247882358,False,3355.9174512398436,,
1940.53,1940,53,224.67104686473823,0.9179999999999999,224.67104686473823,224.67104686473823,1941,0.019411578449113384,1941-09-30,-16.242635253660353,16.242635253660353,-0.07229518658645467,0.07229518658645467,False,3355.9174512398436,,
1941.01,1941,1,208.45633822838417,0.9412857142857142,222.2828362851385,201.17011281861932,1941,0.12607439336052675,1941-10-01,-16.21470863635406,16.21470863635406,-0.07778467555440445,0.07778467555440445,False,2187.823512835168,,
1941.02,1941,2,203.7799686456208,0.946,206.59664326312716,201.17011281861932,1941,0.12324612503687146,1941-10-08,-4.676369582763357,4.676369582763357,-0.02294813182004016,0.02294813182004016,False,2187.823512835168,,
1941.03,1941,3,201.17011281861934,0.952,201.17011281861932,201.17011281861932,1941,0.121667684232701,1941-10-15,-2.609855827001468,2.609855827001468,-0.012973377558099734,0.012973377558099734,False,2187.823512835168,,True
1941.04,1941,4,203.7799686456208,0.946,206.59664326312716,201.17011281861932,1941,0.12324612503687145,1941-10-22,2.609855827001468,2.609855827001468,0.012807224597919541,0.012807224597919541,False,2187.823512835168,,
1941.05,1941,5,217.0217860056699,0.9285714285714286,224.67104686473823,206.59664326312716,1941,0.13125477617622916,1941-10-29,13.241817360049083,13.241817360049083,0.06101607402541203,0.06101607402541203,False,2187.823512835168,,
1941.06,1941,6,223.98870098485258,0.919142857142857,224.67104686473823,222.2828362851385,1941,0.13546836635563886,1941-11-05,6.96691497918269,6.96691497918269,0.031103867956508362,0.031103867956508362,False,2187.823512835168,,
1941.07,1941,7,231.1082969472408,0.9051428571428569,239.64129376144416,224.67104686473823,1941,0.13977429799369123,1941-11-12,7.1195959623882175,7.1195959623882175,0.03080631918642685,0.03080631918642685,False,2187.823512835168,,
1941.08,1941,8,256.5372583892272,0.8642857142857144,264.1051871975735,246.1954239432886,1941,0.1551537338738046,1941-11-19,25.428961441986388,25.428961441986388,0.09912385281441143,0.09912385281441143,False,2187.823512835168,,
1941.09,1941,9,260.7008300992872,0.8572857142857142,266.78604271350054,249.7991800258312,1941,0.1576718620440489,1941-11-26,4.163571710060012,4.163571710060012,0.01597068834983888,0.01597068834983888,False,2187.823512835168,,
1941.1,1941,10,290.890358382334,0.7997142857142858,309.0284073518941,270.26224589706084,1941,0.1759304887496356,1941-12-03,30.189528283046798,30.189528283046798,0.103783186389997,0.103783186389997,False,2187.823512835168,,
1941.11,1941,11,322.61167815862893,0.7527142857142854,323.62655383883583,316.52242407738737,1941,0.19511554295033873,1941-12-10,31.721319776294933,31.721319776294933,0.09832663205917017,0.09832663205917017,False,2187.823512835168,,
1941.12,1941,12,333.4424681015538,0.7345714285714287,344.6194637292325,325.6607962357874,1941,0.2016660047078197,1941-12-17,10.830789942924866,10.830789942924866,0.03248173516885745,0.03248173516885745,False,2187.823512835168,,
1941.13,1941,13,407.4003558431205,0.6437142857142858,459.26044279675483,350.2192051008483,1941,0.24639573521391928,1941-12-24,73.95788774156671,73.95788774156671,0.18153613928124795,0.18153613928124795,False,2187.823512835168,,
1941.14,1941,14,431.4948655816624,0.6167142857142858,453.07261391760653,420.28892993659525,1941,0.26096809470378934,1941-12-31,24.094509738541888,24.094509738541888,0.055839620956003914,0.055839620956003914,False,2187.823512835168,,
1941.15,1941,15,454.36324582661,0.5917142857142856,467.1571483252964,440.0331111664572,1942,0.27479889107593375,1942-01-07,22.868380244947616,22.868380244947616,0.05033061202682411,0.05033061202682411,False,2187.823512835168,,
1941.16,1941,16,474.55959228145014,0.5677142857142857,479.56309760929685,470.1789493868897,1942,0.28701364141182106,1942-01-14,20.196346454840125,20.196346454840125,0.042558082869521154,0.042558082869521154,False,2187.823512835168,,
1941.17,1941,17,510.79089038037,0.5431428571428571,527.3375978981461,486.02502639130836,1942,0.3089263305020477,1942-01-21,36.231298098919865,36.231298098919865,0.07093176245163564,0.07093176245163564,False,2187.823512835168,,
1941.18,1941,18,545.8564381559772,0.5198571428571429,562.8280752081156,532.5192229643311,1942,0.33013397379673504,1942-01-28,35.06554777560723,35.06554777560723,0.064239505709718,0.064239505709718,False,2187.823512835168,,
1941.19,1941,19,585.3360957632739,0.49071428571428577,615.6277736669467,563.9275439778775,1942,0.35401127071762806,1942-02-04,39.479657607296645,39.479657607296645,0.0674478438849999,0.0674478438849999,False,2187.823512835168,,
1941.2,1941,20,665.9513927735903,0.4527142857142857,691.9065967426677,630.1125986840717,1942,0.4027674023494674,1942-02-11,80.61529701031645,80.61529701031645,0.12105282440294254,0.12105282440294254,False,2187.823512835168,,
1941.21,1941,21,728.0648226742229,0.4252857142857143,748.233943314839,702.6560160658968,1942,0.44033360475336997,1942-02-18,62.11342990063258,62.11342990063258,0.0853130490118812,0.0853130490118812,False,2187.823512835168,,
1941.22,1941,22,806.8403322032822,0.3937142857142857,843.5265543863715,760.52821131929,1942,0.48797703291654504,1942-02-25,78.77550952905926,78.77550952905926,0.09763457078793118,0.09763457078793118,False,2187.823512835168,,
1941.23,1941,23,879.9896863425059,0.36742857142857144,906.4211780013767,847.0875422650073,1942,0.5322177622999475,1942-03-04,73.14935413922376,73.14935413922376,0.08312524030054697,0.08312524030054697,False,2187.823512835168,,
1941.24,1941,24,957.5618114833638,0.34242857142857147,989.4775076349575,924.6839937244496,1942,0.5791333835851383,1942-03-11,77.5721251408579,77.5721251408579,0.08101004468911573,0.08101004468911573,False,2187.823512835168,,
1941.25,1941,25,1027.2958263902444,0.32457142857142857,1059.9978690640885,989.4775076349575,1942,0.6213085158008198,1942-03-18,69.73401490688059,69.73401490688059,0.06788114301205225,0.06788114301205225,False,2187.823512835168,,
1941.26,1941,26,1095.2762724147556,0.30328571428571427,1127.726717014242,1073.2959927204865,1942,0.6624230895564442,1942-03-25,67.98044602451114,67.98044602451114,0.06206693939843566,0.06206693939843566,False,2187.823512835168,,
1941.27,1941,27,1234.2011686296448,0.27014285714285713,1399.6225280663384,1132.2744617454025,1942,0.7464448667872093,1942-04-01,138.92489621488926,138.92489621488926,0.11256260303913017,0.11256260303913017,False,2187.823512835168,,
1941.28,1941,28,1752.5986951344496,0.20199999999999999,1952.5344676593652,1492.9232463956196,1942,1.0599716908173151,1942-04-08,518.3975265048048,518.3975265048048,0.2957879222117281,0.2957879222117281,False,2187.823512835168,,
1941.29,1941,29,2104.5863629501664,0.16571428571428573,2169.222343577076,2004.1930578689712,1942,1.272853832312261,1942-04-15,351.9876678157168,351.9876678157168,0.16724790866852698,0.16724790866852698,False,2187.823512835168,,
1941.3,1941,30,2165.3137673094693,0.15885714285714286,2187.823512835168,2130.077665449665,1942,1.3095817664687672,1942-04-22,60.72740435930291,60.72740435930291,0.028045544842565846,0.028045544842565846,True,2187.823512835168,True,
1941.31,1941,31,2030.1835757024946,0.1737142857142857,2102.0563354773317,1952.5344676593652,1942,1.2278550265848687,1942-04-29,-135.13019160697468,135.13019160697468,-0.06656057768579683,0.06656057768579683,False,2187.823512835168,,
1941.32,1941,32,1793.3631158710773,0.19700000000000004,1902.1320729105275,1677.712303316742,1942,1.0846260124788276,1942-05-06,-236.82045983141734,236.82045983141734,-0.13205382542753383,0.13205382542753383,False,2187.823512835168,,
1941.33,1941,33,1554.935900255647,0.22342857142857148,1631.4057003589478,1492.9232463956196,1942,0.9404252324746153,1942-05-13,-238.4272156154302,238.4272156154302,-0.15333571986872924,0.15333571986872924,False,2187.823512835168,,
1941.34,1941,34,1323.6055509650348,0.2555714285714286,1466.3705361774826,1182.7486219934508,1942,0.8005166372236531,1942-05-20,-231.33034929061228,231.33034929061228,-0.17477287634669586,0.17477287634669586,False,2187.823512835168,,
1941.35,1941,35,1093.2950276859394,0.3044285714285714,1166.683447695578,1022.7291742398579,1942,0.6612248327444561,1942-05-27,-230.31052327909538,230.31052327909538,-0.21065724936714383,0.21065724936714383,False,2187.823512835168,,
1941.36,1941,36,866.6610489906343,0.3737142857142857,971.4321659369264,739.6475434553279,1942,0.5241566024295357,1942-06-03,-226.63397869530513,226.63397869530513,-0.26150243968995346,0.26150243968995346,False,2187.823512835168,,
1941.37,1941,37,632.5637342942466,0.46885714285714286,702.6560160658968,566.8540212047202,1942,0.38257454650116035,1942-06-10,-234.09731469638768,234.09731469638768,-0.370077040470192,0.370077040470192,False,2187.823512835168,,
1941.38,1941,38,519.3089735779597,0.5375714285714286,556.2195342976412,486.02502639130836,1942,0.31407806721995,1942-06-17,-113.25476071628691,113.25476071628691,-0.2180874324893307,0.2180874324893307,False,2187.823512835168,,
1941.39,1941,39,458.28571791985024,0.5867142857142857,477.3484869166725,440.0331111664572,1942,0.2771712021979254,1942-06-24,-61.02325565810946,61.02325565810946,-0.1331554819886005,0.1331554819886005,False,2187.823512835168,,
1941.4,1941,40,419.39225416796126,0.631,435.49688511870175,408.00454625357366,1942,0.253648435320783,1942-07-01,-38.89346375188899,38.89346375188899,-0.09273767783110427,0.09273767783110427,False,2187.823512835168,,
1941.41,1941,41,390.84273086946325,0.6635714285714285,402.90237744418727,380.8369423592014,1942,0.2363816836298514,1942-07-08,-28.549523298498002,28.549523298498002,-0.0730460644233734,0.0730460644233734,False,2187.823512835168,,
1941.42,1941,42,364.24635225085314,0.694857142857143,377.11676084070143,350.2192051008483,1942,0.220296193841316,1942-07-15,-26.596378618610117,26.596378618610117,-0.07301755653627914,0.07301755653627914,False,2187.823512835168,,
1941.43,1941,43,338.45289399813197,0.7258571428571428,346.9384943839358,331.6115672476363,1942,0.20469631029007024,1942-07-22,-25.793458252721166,25.793458252721166,-0.07620989127326985,0.07620989127326985,False,2187.823512835168,,
1941.44,1941,44,321.594818857903,0.7525714285714287,331.6115672476363,309.0284073518941,1942,0.19450054644525974,1942-07-29,-16.858075140228948,16.858075140228948,-0.05242023239086356,0.05242023239086356,False,2187.823512835168,,
1941.45,1941,45,298.9695257436261,0.786142857142857,309.0284073518941,290.5219447532691,1942,0.1808167691697451,1942-08-05,-22.62529311427693,22.62529311427693,-0.07567758974096472,0.07567758974096472,False,2187.823512835168,,
1941.46,1941,46,280.7019688136923,0.8152857142857144,287.1870699602335,273.7644374568714,1942,0.16976855073852112,1942-08-12,-18.26755692993379,18.26755692993379,-0.06507812184979131,0.06507812184979131,False,2187.823512835168,,
1941.47,1941,47,267.40963785066884,0.8438571428571429,271.2725109404546,261.382924552137,1942,0.1617293489720845,1942-08-19,-13.29233096302346,13.29233096302346,-0.04970774826914195,0.04970774826914195,False,2187.823512835168,,
1941.48,1941,48,251.9073661735711,0.8717142857142858,258.7976520087449,243.2796862142866,1942,0.15235357506177583,1942-08-26,-15.502271677097752,15.502271677097752,-0.0615395727110904,0.0615395727110904,False,2187.823512835168,,
1941.49,1941,49,233.0546769367394,0.9015714285714286,239.64129376144416,228.5473327785961,1942,0.14095146861134,1942-09-02,-18.85268923683168,18.85268923683168,-0.08089384639102982,0.08089384639102982,False,2187.823512835168,,
1941.5,1941,50,220.17121359144343,0.9248571428571429,226.3790707324809,212.05144921368182,1942,0.13315954998010496,1942-09-09,-12.88346334529598,12.88346334529598,-0.05851565758820286,0.05851565758820286,False,2187.823512835168,,
1941.51,1941,51,205.57489880585302,0.9441428571428572,212.05144921368182,201.17011281861932,1942,0.12433169879777989,1942-09-16,-14.596314785590408,14.596314785590408,-0.07100241746622632,0.07100241746622632,False,2187.823512835168,,
1941.52,1941,52,195.24759953801248,0.966,200.2479822683398,191.21938009017487,1942,0.11808574820058995,1942-09-23,-10.327299267840544,10.327299267840544,-0.05289334820134338,0.05289334820134338,False,2187.823512835168,,
1941.53,1941,53,189.23960472725517,0.977,189.23960472725517,189.23960472725517,1942,0.016350301848434848,1942-09-30,-6.00799481075731,6.00799481075731,-0.03174808370275575,0.03174808370275575,False,2187.823512835168,,
1942.01,1942,1,184.94457482711923,0.9781428571428572,192.89523707448373,171.1379824381925,1942,0.11185447885544172,1942-10-01,-4.295029900135944,4.295029900135944,-0.023223335446042753,0.023223335446042753,False,1707.8301963432584,,True
1942.02,1942,2,193.22558945978213,0.9701428571428571,195.20770377157243,192.89523707448373,1942,0.11686283650527621,1942-10-08,8.281014632662902,8.281014632662902,0.04285671818010683,0.04285671818010683,False,1707.8301963432584,,
1942.03,1942,3,199.71947335015997,0.9571428571428571,201.17011281861932,199.0925590239552,1942,0.12079033748217673,1942-10-15,6.493883890377845,6.493883890377845,0.032515026108607764,0.032515026108607764,False,1707.8301963432584,,
1942.04,1942,4,202.48035193347957,0.949,209.2745177174335,200.2479822683398,1942,0.12246011684936844,1942-10-22,2.7608785833195952,2.7608785833195952,0.013635291310766887,0.013635291310766887,False,1707.8301963432584,,
1942.05,1942,5,213.53306091553966,0.9344285714285715,220.53049583159046,201.17011281861932,1942,0.12914479524171835,1942-10-29,11.052708982060096,11.052708982060096,0.051761113406377186,0.051761113406377186,False,1707.8301963432584,,
1942.06,1942,6,216.01783462862826,0.9314285714285714,220.53049583159046,212.05144921368182,1942,0.13064758638339435,1942-11-05,2.4847737130886003,2.4847737130886003,0.011502632258861185,0.011502632258861185,False,1707.8301963432584,,
1942.07,1942,7,228.61896166719816,0.9101428571428569,234.76788002600708,222.2828362851385,1942,0.13826874801632144,1942-11-12,12.6011270385699,12.6011270385699,0.05511846850618378,0.05511846850618378,False,1707.8301963432584,,
1942.08,1942,8,239.03116204409847,0.8908571428571428,249.7991800258312,234.76788002600708,1942,0.14456604680427076,1942-11-19,10.412200376900302,10.412200376900302,0.043560012376040624,0.043560012376040624,False,1707.8301963432584,,
1942.09,1942,9,255.09513675147895,0.867,264.1051871975735,249.7991800258312,1942,0.1542815387072945,1942-11-26,16.06397470738048,16.06397470738048,0.06297248513612579,0.06297248513612579,False,1707.8301963432584,,
1942.1,1942,10,257.06188216931866,0.8641428571428572,264.1051871975735,249.7991800258312,1942,0.155471026336004,1942-12-03,1.966745417839718,1.966745417839718,0.007650863680147973,0.007650863680147973,False,1707.8301963432584,,
1942.11,1942,11,291.44208841237923,0.7985714285714286,306.020121877383,271.2725109404546,1942,0.17626417507180697,1942-12-10,34.38020624306057,34.38020624306057,0.11796582446394603,0.11796582446394603,False,1707.8301963432584,,
1942.12,1942,12,346.10639489522737,0.7178571428571429,364.6825175805071,325.6607962357874,1942,0.20932514763263352,1942-12-17,54.66430648284813,54.66430648284813,0.15794075835956745,0.15794075835956745,False,1707.8301963432584,,
1942.13,1942,13,375.8906488266991,0.682857142857143,386.53109723034976,370.36474529587133,1942,0.22733866441038764,1942-12-24,29.78425393147171,29.78425393147171,0.07923648546309932,0.07923648546309932,False,1707.8301963432584,,
1942.14,1942,14,408.78387285592333,0.6424285714285716,422.4698189706656,391.8169121240828,1942,0.24723248630326244,1942-12-31,32.89322402922426,32.89322402922426,0.08046605116640092,0.08046605116640092,False,1707.8301963432584,,
1942.15,1942,15,444.05874540945825,0.6022857142857142,459.26044279675483,426.6328809909446,1943,0.26856672922364033,1943-01-07,35.27487255353492,35.27487255353492,0.07943740083535258,0.07943740083535258,False,1707.8301963432584,,
1942.16,1942,16,477.2146987252653,0.5664285714285715,489.3436243127323,467.1571483252964,1943,0.2886194497890404,1943-01-14,33.15595331580704,33.15595331580704,0.06947806386595622,0.06947806386595622,False,1707.8301963432584,,
1942.17,1942,17,514.7779244109704,0.5417142857142857,516.7730027239134,512.1178199937132,1943,0.31133768868375494,1943-01-21,37.563225685705106,37.563225685705106,0.07296976794155743,0.07296976794155743,False,1707.8301963432584,,
1942.18,1942,18,528.456851236728,0.532,537.7325322740754,523.0192327708844,1943,0.3196107036279731,1943-01-28,13.678926825757571,13.678926825757571,0.02588466171598549,0.02588466171598549,False,1707.8301963432584,,
1942.19,1942,19,557.6548016053034,0.5094285714285715,571.8920920403683,537.7325322740754,1943,0.33726962401088745,1943-02-04,29.197950368575448,29.197950368575448,0.05235846671547384,0.05235846671547384,False,1707.8301963432584,,
1942.2,1942,20,598.7728140049777,0.484,615.6277736669467,577.9502839498093,1943,0.3621377979102106,1943-02-11,41.118012399674285,41.118012399674285,0.0686704730708306,0.0686704730708306,False,1707.8301963432584,,
1942.21,1942,21,670.2237867550547,0.4507142857142856,702.6560160658968,630.1125986840717,1943,0.4053513462294571,1943-02-18,71.45097275007697,71.45097275007697,0.1066076348856744,0.1066076348856744,False,1707.8301963432584,,
1942.22,1942,22,713.4497835781415,0.43242857142857144,739.6475434553279,702.6560160658968,1943,0.43149442910806,1943-02-25,43.2259968230868,43.2259968230868,0.060587301051935105,0.060587301051935105,False,1707.8301963432584,,
1942.23,1942,23,793.9031756212233,0.39885714285714285,843.5265543863715,748.233943314839,1943,0.48015264061571583,1943-03-04,80.45339204308186,80.45339204308186,0.10133904802701876,0.10133904802701876,False,1707.8301963432584,,
1942.24,1942,24,899.9168195013611,0.3608571428571429,947.0029281802471,847.0875422650073,1943,0.5442696924344232,1943-03-11,106.0136438801378,106.0136438801378,0.11780382540119583,0.11780382540119583,False,1707.8301963432584,,
1942.25,1942,25,1028.9733725032704,0.324,1082.8793953113418,957.9333972550563,1943,0.6223230956899779,1943-03-18,129.05655300190926,129.05655300190926,0.12542263624173527,0.12542263624173527,False,1707.8301963432584,,
1942.26,1942,26,1183.9101530110033,0.27871428571428575,1269.7472452468235,1117.0362502238706,1943,0.7160288605410547,1943-03-25,154.93678050773292,154.93678050773292,0.13086869819782088,0.13086869819782088,False,1707.8301963432584,,
1942.27,1942,27,1482.5634222520173,0.23300000000000004,1589.152359062425,1327.7083044595875,1943,0.89665435777802,1943-04-01,298.65326924101396,298.65326924101396,0.20144384028263623,0.20144384028263623,False,1707.8301963432584,,
1942.28,1942,28,1643.5718487753136,0.21357142857142855,1659.7232892169968,1617.3520421001313,1943,0.9940322541393098,1943-04-08,161.0084265232963,161.0084265232963,0.09796251173520017,0.09796251173520017,False,1707.8301963432584,,
1942.29,1942,29,1694.9225279033228,0.20728571428571427,1707.8301963432584,1677.712303316742,1943,1.0250891448759298,1943-04-15,51.35067912800923,51.35067912800923,0.030296770668056305,0.030296770668056305,True,1707.8301963432584,,
1942.3,1942,30,1678.607838138713,0.20942857142857144,1707.8301963432584,1659.7232892169968,1943,1.0152220205062936,1943-04-22,-16.31468976460974,16.31468976460974,-0.009719178830178655,0.009719178830178655,False,1707.8301963432584,,
1942.31,1942,31,1707.8301963432584,0.206,1707.8301963432584,1707.8301963432584,1943,1.032895702748403,1943-04-29,29.222358204545344,29.222358204545344,0.017110810118661186,0.017110810118661186,True,1707.8301963432584,True,
1942.32,1942,32,1703.5276401966132,0.20642857142857143,1707.8301963432584,1677.712303316742,1943,1.030293516790912,1943-05-06,-4.302556146645202,4.302556146645202,-0.0025256743977154494,0.0025256743977154494,False,1707.8301963432584,,
1942.33,1942,33,1634.4153615528405,0.2144285714285714,1659.7232892169968,1589.152359062425,1943,0.9884944106671579,1943-05-13,-69.1122786437727,69.1122786437727,-0.042285627184823975,0.042285627184823975,False,1707.8301963432584,,
1942.34,1942,34,1531.513518211293,0.22599999999999998,1589.152359062425,1466.3705361774826,1943,0.92625937581419,1943-05-20,-102.90184334154742,102.90184334154742,-0.06718964091269007,0.06718964091269007,False,1707.8301963432584,,
1942.35,1942,35,1400.549766996426,0.2445714285714286,1466.3705361774826,1327.7083044595875,1943,0.8470524990794384,1943-05-27,-130.96375121486722,130.96375121486722,-0.09350881653832828,0.09350881653832828,False,1707.8301963432584,,
1942.36,1942,36,1232.1742039561468,0.26914285714285713,1297.4934435018629,1172.2200796855432,1943,0.7452189585526775,1943-06-03,-168.37556304027908,168.37556304027908,-0.13664915439689856,0.13664915439689856,False,1707.8301963432584,,
1942.37,1942,37,1085.287568338128,0.30671428571428566,1141.726989184771,1022.7291742398579,1943,0.6563819213308998,1943-06-10,-146.88663561801877,146.88663561801877,-0.13534351622855348,0.13534351622855348,False,1707.8301963432584,,
1942.38,1942,38,880.1883467367921,0.36814285714285716,976.7769450097452,760.52821131929,1943,0.5323379121064119,1943-06-17,-205.0992216013359,205.0992216013359,-0.2330174244657069,0.2330174244657069,False,1707.8301963432584,,
1942.39,1942,39,671.2781782238118,0.4507142857142857,739.6475434553279,608.7950640130589,1943,0.40598904218976134,1943-06-24,-208.91016851298036,208.91016851298036,-0.31121251262144756,0.31121251262144756,False,1707.8301963432584,,
1942.4,1942,40,560.4275251559516,0.5087142857142857,595.7090611902229,527.3375978981461,1943,0.33894656721431954,1943-07-01,-110.85065306786021,110.85065306786021,-0.19779658937525155,0.19779658937525155,False,1707.8301963432584,,
1942.41,1942,41,485.2309429041624,0.5615714285714286,512.1178199937132,462.56506724863937,1943,0.29346767426843745,1943-07-08,-75.19658225178915,75.19658225178915,-0.15497070694158344,0.15497070694158344,False,1707.8301963432584,,
1942.42,1942,42,440.5842692860343,0.6061428571428572,459.26044279675483,422.4698189706656,1943,0.2664653660641936,1943-07-15,-44.64667361812809,44.64667361812809,-0.10133515136724675,0.10133515136724675,False,1707.8301963432584,,
1942.43,1942,43,409.7086468966473,0.6417142857142857,420.28892993659525,398.1467533267305,1943,0.2477917896430923,1943-07-22,-30.875622389387047,30.875622389387047,-0.0753599481564657,0.0753599481564657,False,1707.8301963432584,,
1942.44,1942,44,378.5719618374806,0.6791428571428572,389.13393637134163,370.36474529587133,1943,0.22896032251930826,1943-07-29,-31.136685059166666,31.136685059166666,-0.08224773146970012,0.08224773146970012,False,1707.8301963432584,,
1942.45,1942,45,349.9268478342637,0.710857142857143,364.6825175805071,338.3210417029997,1943,0.2116357575701627,1943-08-05,-28.645114003216918,28.645114003216918,-0.08186029217393499,0.08186029217393499,False,1707.8301963432584,,
1942.46,1942,46,325.1948893467158,0.748,335.4728177879068,316.52242407738737,1943,0.19667786907689372,1943-08-12,-24.7319584875479,24.7319584875479,-0.07605272806479814,0.07605272806479814,False,1707.8301963432584,,
1942.47,1942,47,303.7312535395043,0.7787142857142856,311.8155700798613,299.18021087320443,1943,0.18369666214069216,1943-08-19,-21.463635807211517,21.463635807211517,-0.07066653680543905,0.07066653680543905,False,1707.8301963432584,,
1942.48,1942,48,286.55003261148005,0.8064285714285715,294.72326674738565,273.7644374568714,1943,0.17330545972342318,1943-08-26,-17.18122092802423,17.18122092802423,-0.0599588866608836,0.0599588866608836,False,1707.8301963432584,,
1942.49,1942,49,267.62130377538637,0.843,273.7644374568714,261.382924552137,1943,0.16185736452335367,1943-09-02,-18.928728836093683,18.928728836093683,-0.07072952926042278,0.07072952926042278,False,1707.8301963432584,,
1942.5,1942,50,250.45623956437294,0.8738571428571429,258.7976520087449,239.64129376144416,1943,0.15147593368853277,1943-09-09,-17.16506421101343,17.16506421101343,-0.06853518299591661,0.06853518299591661,False,1707.8301963432584,,
1942.51,1942,51,231.63642705743555,0.9037142857142858,236.19433422910615,226.3790707324809,1943,0.14009371108433705,1943-09-16,-18.81981250693738,18.81981250693738,-0.08124720600301309,0.08124720600301309,False,1707.8301963432584,,
1942.52,1942,52,213.9343559865053,0.9334285714285714,222.2828362851385,206.59664326312716,1943,0.1293874985006384,1943-09-23,-17.70207107093026,17.70207107093026,-0.08274534022037527,0.08274534022037527,False,1707.8301963432584,,
1942.53,1942,53,206.59664326312716,0.942,206.59664326312716,206.59664326312716,1943,0.017849949977934185,1943-09-30,-7.337712723378132,7.337712723378132,-0.035517095570776626,0.035517095570776626,False,1707.8301963432584,,
1943.01,1943,1,200.1583667105039,0.9552857142857142,202.1648125463628,199.0925590239552,1943,0.12105578018651275,1943-10-01,-6.43827655262325,6.43827655262325,-0.032165912714181746,0.032165912714181746,False,2542.9744128795624,,
1943.02,1943,2,195.373469338465,0.9652857142857142,199.0925590239552,192.89523707448373,1943,0.11816187425590363,1943-10-08,-4.784897372038927,4.784897372038927,-0.024491029351326975,0.024491029351326975,False,2542.9744128795624,,
1943.03,1943,3,187.6168027797707,0.9775714285714284,193.27466035303507,179.82651022652541,1943,0.11347064232120534,1943-10-15,-7.756666558694292,7.756666558694292,-0.041343133684029684,0.041343133684029684,False,2542.9744128795624,,
1943.04,1943,4,178.94242944195506,0.9835714285714285,179.82651022652541,178.2793688535273,1943,0.10822438132649444,1943-10-22,-8.674373337815638,8.674373337815638,-0.048475777180779875,0.048475777180779875,False,2542.9744128795624,,True
1943.05,1943,5,186.757342314465,0.9767142857142858,195.20770377157243,178.2793688535273,1943,0.11295084063178845,1943-10-29,7.81491287250995,7.81491287250995,0.04184527781162721,0.04184527781162721,False,2542.9744128795624,,
1943.06,1943,6,197.08503992469036,0.9621428571428571,200.2479822683398,194.7956741845264,1943,0.11919703214645272,1943-11-05,10.327697610225357,10.327697610225357,0.05240224024193694,0.05240224024193694,False,2542.9744128795624,,
1943.07,1943,7,202.9165883082916,0.95,212.05144921368182,199.0925590239552,1943,0.12272395260885474,1943-11-12,5.831548383601245,5.831548383601245,0.028738647895761783,0.028738647895761783,False,2542.9744128795624,,
1943.08,1943,8,229.87482171855268,0.9075714285714286,239.64129376144416,214.75310038088375,1943,0.13902829217538068,1943-11-19,26.958233410261073,26.958233410261073,0.11727353700035664,0.11727353700035664,False,2542.9744128795624,,
1943.09,1943,9,263.4624393343673,0.8518571428571428,271.2725109404546,249.7991800258312,1943,0.15934208330942534,1943-11-26,33.587617615814594,33.587617615814594,0.1274854119648822,0.1274854119648822,False,2542.9744128795624,,
1943.1,1943,10,311.9000476450351,0.769,360.34880084276085,283.6079686159883,1943,0.18863714881571725,1943-12-03,48.43760831066783,48.43760831066783,0.1552984960290655,0.1552984960290655,False,2542.9744128795624,,
1943.11,1943,11,358.02274206770704,0.7018571428571428,373.01012538244936,340.5953058875766,1943,0.21653215440254925,1943-12-10,46.12269442267194,46.12269442267194,0.12882615823871185,0.12882615823871185,False,2542.9744128795624,,
1943.12,1943,12,401.29653770249587,0.6511428571428571,430.9578316629287,377.11676084070143,1943,0.2427041460024695,1943-12-17,43.273795634788826,43.273795634788826,0.10783495886244145,0.10783495886244145,False,2542.9744128795624,,
1943.13,1943,13,486.01588791242483,0.562142857142857,527.3375978981461,445.541354005931,1943,0.2939424090094345,1943-12-24,84.71935020992896,84.71935020992896,0.17431395210930745,0.17431395210930745,False,2542.9744128795624,,
1943.14,1943,14,571.6999960973359,0.5002857142857142,595.7090611902229,542.0087505502821,1943,0.3457641576396687,1943-12-31,85.68410818491105,85.68410818491105,0.1498759992475542,0.1498759992475542,False,2542.9744128795624,,
1943.15,1943,15,654.3096453925092,0.45785714285714285,691.9065967426677,623.8090120652902,1944,0.3957264735333895,1944-01-07,82.60964929517331,82.60964929517331,0.1262546714340688,0.1262546714340688,False,2542.9744128795624,,
1943.16,1943,16,701.0445065037429,0.43800000000000006,720.3337222668207,673.1577568282033,1944,0.42399171753346376,1944-01-14,46.73486111123373,46.73486111123373,0.06666461355543653,0.06666461355543653,False,2542.9744128795624,,
1943.17,1943,17,790.0366495444302,0.39999999999999997,847.0875422650073,733.8512888156049,1944,0.4778141656444715,1944-01-21,88.99214304068732,88.99214304068732,0.11264305661263195,0.11264305661263195,False,2542.9744128795624,,
1943.18,1943,18,912.1484813290688,0.35714285714285715,971.4321659369264,858.5276662376176,1944,0.5516674015078208,1944-01-28,122.11183178463853,122.11183178463853,0.1338727567760815,0.1338727567760815,False,2542.9744128795624,,
1943.19,1943,19,1065.1406394158196,0.3127142857142857,1132.2744617454025,989.4775076349575,1944,0.6441970587186877,1944-02-04,152.9921580867508,152.9921580867508,0.14363564061423845,0.14363564061423845,False,2542.9744128795624,,
1943.2,1943,20,1236.3748827045256,0.2692857142857143,1341.3621257487196,1151.4124173518942,1944,0.7477595290596969,1944-02-11,171.234243288706,171.234243288706,0.13849702520172302,0.13849702520172302,False,2542.9744128795624,,
1943.21,1943,21,1530.1134627478027,0.22771428571428573,1716.4923972873114,1388.7186585312054,1944,0.9254126222698712,1944-02-18,293.7385800432771,293.7385800432771,0.19197176365978547,0.19197176365978547,False,2542.9744128795624,,
1943.22,1943,22,1858.9933263698185,0.19057142857142856,1983.4436828176406,1745.9668486656192,1944,1.1243191637884662,1944-02-25,328.8798636220158,328.8798636220158,0.1769128801899691,0.1769128801899691,False,2542.9744128795624,,
1943.23,1943,23,2083.2595998595916,0.16814285714285715,2094.7380107984795,2041.65817572948,1944,1.259955405995081,1944-03-03,224.26627348977308,224.26627348977308,0.10765162128852701,0.10765162128852701,True,2542.9744128795624,,
1943.24,1943,24,2069.0077414401408,0.1697142857142857,2094.7380107984795,2041.65817572948,1944,1.251335882022997,1944-03-10,-14.251858419450855,14.251858419450855,-0.006888257658007019,0.006888257658007019,False,2542.9744128795624,,
1943.25,1943,25,2092.5147459072687,0.16714285714285712,2130.077665449665,2028.446564081993,1944,1.2655529183247158,1944-03-17,23.5070044671279,23.5070044671279,0.011233853674438875,0.011233853674438875,False,2542.9744128795624,,
1943.26,1943,26,2186.3727904212524,0.15671428571428572,2221.9458555412634,2139.216866369918,1944,1.3223182636467734,1944-03-24,93.85804451398371,93.85804451398371,0.042928655591208634,0.042928655591208634,False,2542.9744128795624,,
1943.27,1943,27,2301.1573354249185,0.14314285714285718,2327.3604518173347,2261.108087620956,1944,1.3917399564649908,1944-03-31,114.78454500366615,114.78454500366615,0.04988122421558398,0.04988122421558398,False,2542.9744128795624,,
1943.28,1943,28,2377.694519913348,0.13471428571428573,2450.1297002835204,2327.3604518173347,1944,1.4380296456435926,1944-04-07,76.53718448842938,76.53718448842938,0.03218966265322371,0.03218966265322371,False,2542.9744128795624,,
1943.29,1943,29,2495.461669464629,0.12457142857142857,2542.9744128795624,2450.1297002835204,1944,1.5092552176922074,1944-04-14,117.76714955128091,117.76714955128091,0.047192529940380305,0.047192529940380305,False,2542.9744128795624,,
1943.3,1943,30,2532.6772092857195,0.12242857142857143,2542.9744128795624,2496.800686844093,1944,1.5317631761760029,1944-04-21,37.215539821090715,37.215539821090715,0.014694150397312755,0.014694150397312755,True,2542.9744128795624,True,
1943.31,1943,31,2412.788848806156,0.1315714285714286,2496.800686844093,2310.3827547648234,1944,1.4592546957579637,1944-04-28,-119.88836047956374,119.88836047956374,-0.049688707960866246,0.049688707960866246,False,2542.9744128795624,,
1943.32,1943,32,2194.945366439189,0.1555714285714286,2293.9632006513275,2112.7014560687376,1944,1.3275029576224218,1944-05-05,-217.84348236696678,217.84348236696678,-0.09924779254090019,0.09924779254090019,False,2542.9744128795624,,
1943.33,1943,33,1977.7999525208797,0.1787142857142857,2076.7821263719575,1881.0436962338129,1944,1.196173411284628,1944-05-12,-217.14541391830926,217.14541391830926,-0.10979139403939127,0.10979139403939127,False,2542.9744128795624,,
1943.34,1943,34,1783.1931212375187,0.19799999999999998,1881.0436962338129,1677.712303316742,1944,1.0784751997244515,1944-05-19,-194.6068312833611,194.6068312833611,-0.10913390645445394,0.10913390645445394,False,2542.9744128795624,,
1943.35,1943,35,1521.7393782743186,0.228,1645.7136786211431,1399.6225280663384,1944,0.9203479759803077,1944-05-26,-261.45374296320006,261.45374296320006,-0.17181243167913127,0.17181243167913127,False,2542.9744128795624,,
1943.36,1943,36,1239.7812008954002,0.27042857142857146,1383.5781363808978,1125.7884692412713,1944,0.749819670301538,1944-06-02,-281.95817737891844,281.95817737891844,-0.22742575639579093,0.22742575639579093,False,2542.9744128795624,,
1943.37,1943,37,988.5437708015244,0.33499999999999996,1096.4988223473633,858.5276662376176,1944,0.5978712725807618,1944-06-09,-251.2374300938758,251.2374300938758,-0.2541490195119728,0.2541490195119728,False,2542.9744128795624,,
1943.38,1943,38,722.6492383796475,0.42842857142857144,803.6892968412517,636.9257883620418,1944,0.4370582593720107,1944-06-16,-265.8945324218769,265.8945324218769,-0.3679441121643967,0.3679441121643967,False,2542.9744128795624,,
1943.39,1943,39,584.6170263842235,0.4932857142857143,623.8090120652902,548.1781559247493,1944,0.35357637755717847,1944-06-23,-138.03221199542395,138.03221199542395,-0.23610706798796868,0.23610706798796868,False,2542.9744128795624,,
1943.4,1943,40,515.0401587771978,0.5404285714285715,542.0087505502821,489.3436243127323,1944,0.31149628802844925,1944-06-30,-69.57686760702575,69.57686760702575,-0.13509017970989742,0.13509017970989742,False,2542.9744128795624,,
1943.41,1943,41,459.73587246788674,0.5847142857142857,486.02502639130836,442.79918136912596,1944,0.2780482556685779,1944-07-07,-55.30428630931107,55.30428630931107,-0.12029578203770505,0.12029578203770505,False,2542.9744128795624,,
1943.42,1943,42,418.95632385685514,0.6312857142857143,440.0331111664572,398.1467533267305,1944,0.253384784668626,1944-07-14,-40.7795486110316,40.7795486110316,-0.09733603788485778,0.09733603788485778,False,2542.9744128795624,,
1943.43,1943,43,372.9268252394726,0.6849999999999999,389.13393637134163,353.9823107128336,1944,0.225546143904833,1944-07-21,-46.02949861738256,46.02949861738256,-0.12342769546766985,0.12342769546766985,False,2542.9744128795624,,
1943.44,1943,44,345.038732486429,0.7160000000000001,353.9823107128336,338.3210417029997,1944,0.20867942540779227,1944-07-28,-27.888092753043566,27.888092753043566,-0.08082597728108816,0.08082597728108816,False,2542.9744128795624,,
1943.45,1943,45,327.57134359403915,0.7435714285714285,335.4728177879068,311.8155700798613,1944,0.1981151486056749,1944-08-04,-17.467388892389863,17.467388892389863,-0.05332392235762017,0.05332392235762017,False,2542.9744128795624,,
1943.46,1943,46,299.2516088045671,0.7852857142857143,311.8155700798613,287.1870699602335,1944,0.18098737300500223,1944-08-11,-28.319734789472022,28.319734789472022,-0.0946351964575965,0.0946351964575965,False,2542.9744128795624,,
1943.47,1943,47,279.81594773477127,0.8185714285714286,283.6079686159883,273.7644374568714,1944,0.16923268518998968,1944-08-18,-19.435661069795856,19.435661069795856,-0.06945873252448895,0.06945873252448895,False,2542.9744128795624,,
1943.48,1943,48,265.31205671078885,0.8481428571428572,273.7644374568714,256.6827889882703,1944,0.1604607318986851,1944-08-25,-14.503891023982419,14.503891023982419,-0.05466728954497838,0.05466728954497838,False,2542.9744128795624,,
1943.49,1943,49,243.37783563703314,0.884142857142857,256.6827889882703,234.76788002600708,1944,0.14719491499327764,1944-09-01,-21.934221073755708,21.934221073755708,-0.09012415208781702,0.09012415208781702,False,2542.9744128795624,,
1943.5,1943,50,229.21841535276494,0.9087142857142857,234.76788002600708,224.67104686473823,1944,0.13863129760535225,1944-09-08,-14.159420284268208,14.159420284268208,-0.061772612215632836,0.061772612215632836,False,2542.9744128795624,,
1943.51,1943,51,215.3959827109991,0.9314285714285714,222.2828362851385,206.59664326312716,1944,0.13027149034361227,1944-09-15,-13.822432641765829,13.822432641765829,-0.06417219331481985,0.06417219331481985,False,2542.9744128795624,,
1943.52,1943,52,201.5501326462864,0.9522857142857141,206.59664326312716,200.2479822683398,1944,0.12189752022447398,1944-09-22,-13.845850064712721,13.845850064712721,-0.0686968045266024,0.0686968045266024,False,2542.9744128795624,,
1943.53,1943,53,199.0925590239552,0.959,199.0925590239552,199.0925590239552,1944,0.03440319419933946,1944-09-29,-2.457573622331182,2.457573622331182,-0.012343874800642259,0.012343874800642259,False,2542.9744128795624,,
1944.01,1944,1,197.4276210586483,0.9615714285714285,199.0925590239552,195.20770377157243,1944,0.11940422521627048,1944-10-01,-1.6649379653069047,1.6649379653069047,-0.008433156193541503,0.008433156193541503,False,3886.053218431513,,
1944.02,1944,2,194.70076727754005,0.9667142857142859,195.20770377157243,192.89523707448373,1944,0.1177550240494562,1944-10-08,-2.7268537811082467,2.7268537811082467,-0.014005357139765142,0.014005357139765142,False,3886.053218431513,,
1944.03,1944,3,193.16625370202038,0.9702857142857141,193.27466035303507,192.89523707448373,1944,0.11682695023898193,1944-10-15,-1.534513575519668,1.534513575519668,-0.007944004431989551,0.007944004431989551,False,3886.053218431513,,True
1944.04,1944,4,193.27513474121878,0.9701428571428572,194.7956741845264,192.89523707448373,1944,0.11689280149148909,1944-10-22,0.10888103919839409,0.10888103919839409,0.0005633473718395168,0.0005633473718395168,False,3886.053218431513,,
1944.05,1944,5,196.2588010455323,0.9635714285714284,199.0925590239552,194.7956741845264,1944,0.11869732287233797,1944-10-29,2.983666304313516,2.983666304313516,0.01520271339893339,0.01520271339893339,False,3886.053218431513,,
1944.06,1944,6,203.0816487717751,0.9495714285714286,212.05144921368182,199.0925590239552,1944,0.12282378117716958,1944-11-05,6.822847726242799,6.822847726242799,0.033596574419731906,0.033596574419731906,False,3886.053218431513,,
1944.07,1944,7,227.63235366036545,0.9117142857142857,243.2796862142866,214.75310038088375,1944,0.13767204749378903,1944-11-12,24.55070488859036,24.55070488859036,0.10785244054200123,0.10785244054200123,False,3886.053218431513,,
1944.08,1944,8,257.00700912363993,0.8635714285714285,266.78604271350054,246.1954239432886,1944,0.15543783911797743,1944-11-19,29.37465546327448,29.37465546327448,0.11429515313001846,0.11429515313001846,False,3886.053218431513,,
1944.09,1944,9,288.4170117996169,0.8038571428571429,306.020121877383,270.26224589706084,1944,0.17443460873640831,1944-11-26,31.410002675976955,31.410002675976955,0.1089048197260973,0.1089048197260973,False,3886.053218431513,,
1944.1,1944,10,344.30410835556347,0.7205714285714286,380.8369423592014,316.52242407738737,1944,0.2082351247334448,1944-12-03,55.887096555946584,55.887096555946584,0.1623189941673071,0.1623189941673071,False,3886.053218431513,,
1944.11,1944,11,407.63120015394026,0.6445714285714287,420.28892993659525,386.53109723034976,1944,0.24653534985310305,1944-12-10,63.327091798376784,63.327091798376784,0.15535388796162208,0.15535388796162208,False,3886.053218431513,,
1944.12,1944,12,420.88705752093585,0.6305714285714286,440.0331111664572,413.7323824701425,1944,0.25455249238866207,1944-12-17,13.255857366995599,13.255857366995599,0.03149504630784762,0.03149504630784762,False,3886.053218431513,,
1944.13,1944,13,455.98190669828944,0.5889999999999999,462.56506724863937,442.79918136912596,1944,0.27577785717112546,1944-12-24,35.09484917735358,35.09484917735358,0.07696544240421993,0.07696544240421993,False,3886.053218431513,,
1944.14,1944,14,472.80691277462756,0.5704285714285715,486.02502639130836,459.26044279675483,1944,0.28595362084609466,1944-12-31,16.825006076338127,16.825006076338127,0.03558536396517977,0.03558536396517977,False,3886.053218431513,,
1944.15,1944,15,506.7698355580834,0.5458571428571429,523.0192327708844,489.3436243127323,1945,0.30649439654552885,1945-01-07,33.96292278345584,33.96292278345584,0.0670184379582379,0.0670184379582379,False,3886.053218431513,,
1944.16,1944,16,552.4529341511623,0.5135714285714287,571.8920920403683,527.3375978981461,1945,0.3341235345746229,1945-01-14,45.68309859307885,45.68309859307885,0.0826913855806928,0.0826913855806928,False,3886.053218431513,,
1944.17,1944,17,616.714730134672,0.475,647.6489852382476,589.2318351168824,1945,0.3729890687854496,1945-01-21,64.26179598350973,64.26179598350973,0.10420019636871149,0.10420019636871149,False,3886.053218431513,,
1944.18,1944,18,688.9431035257574,0.4428571428571429,720.3337222668207,659.9420006160087,1945,0.4166727890123781,1945-01-28,72.22837339108537,72.22837339108537,0.10483938807348114,0.10483938807348114,False,3886.053218431513,,
1944.19,1944,19,774.061371791817,0.40714285714285714,817.7246825595828,720.3337222668207,1945,0.4681523176596909,1945-02-04,85.11826826605966,85.11826826605966,0.10996320365273586,0.10996320365273586,False,3886.053218431513,,
1944.2,1944,20,865.3421391249724,0.3724285714285714,905.4211927358452,834.6935677067364,1945,0.5233589257427833,1945-02-11,91.28076733315538,91.28076733315538,0.10548517540756518,0.10548517540756518,False,3886.053218431513,,
1944.21,1944,21,1022.2752724437005,0.3244285714285714,1117.0362502238706,924.6839937244496,1945,0.61827208477395,1945-02-18,156.9331333187281,156.9331333187281,0.15351357657667578,0.15351357657667578,False,3886.053218431513,,
1944.22,1944,22,1091.7502859495125,0.3038571428571429,1195.2983332432605,971.4321659369264,1945,0.6602905729422651,1945-02-25,69.47501350581206,69.47501350581206,0.06363635933961632,0.06363635933961632,False,3886.053218431513,,
1944.23,1944,23,1533.5188005258976,0.23828571428571424,2102.0563354773317,1080.0406798008228,1945,0.9274721705580631,1945-03-04,441.7685145763851,441.7685145763851,0.28807505615509055,0.28807505615509055,False,3886.053218431513,,
1944.24,1944,24,2436.2627122671156,0.13214285714285715,2769.1490746977324,2161.5709846171685,1945,1.4734516883791515,1945-03-11,902.743911741218,902.743911741218,0.37054456696960675,0.37054456696960675,False,3886.053218431513,,
1944.25,1944,25,3186.5681307995033,0.07571428571428572,3452.248381930785,2895.457390346268,1945,1.9272364055075393,1945-03-18,750.3054185323876,750.3054185323876,0.2354587718619208,0.2354587718619208,False,3886.053218431513,,
1944.26,1944,26,3731.6717569720813,0.046999999999999986,3886.053218431513,3496.366435549196,1945,2.2569150786167147,1945-03-25,545.1036261725781,545.1036261725781,0.14607491271281614,0.14607491271281614,False,3886.053218431513,,
1944.27,1944,27,3778.5420303640885,0.04557142857142856,3866.6886018228884,3639.447141738064,1945,2.285262219964201,1945-04-01,46.87027339200722,46.87027339200722,0.01240432765213702,0.01240432765213702,True,3886.053218431513,True,
1944.28,1944,28,3444.817853639292,0.06028571428571428,3573.2680912123824,3278.6645629042023,1945,2.0834258378810437,1945-04-08,-333.7241767247965,333.7241767247965,-0.09687716184245626,0.09687716184245626,False,3886.053218431513,,
1944.29,1944,29,3031.251239828495,0.0842857142857143,3210.822806441037,2873.0524012848505,1945,1.8333007498482734,1945-04-15,-413.5666138107972,413.5666138107972,-0.13643429102042903,0.13643429102042903,False,3886.053218431513,,
1944.3,1944,30,2690.7023906670297,0.10942857142857143,2873.0524012848505,2567.771472034419,1945,1.6273368058754194,1945-04-22,-340.5488491614651,340.5488491614651,-0.12656503756888643,0.12656503756888643,False,3886.053218431513,,
1944.31,1944,31,2419.2932315413454,0.13128571428571428,2517.067713758129,2310.3827547648234,1945,1.4631885464362058,1945-04-29,-271.40915912568425,271.40915912568425,-0.11218530915856278,0.11218530915856278,False,3886.053218431513,,
1944.32,1944,32,2188.9186764851333,0.1562857142857143,2276.101843596241,2094.7380107984795,1945,1.3238580155382087,1945-05-06,-230.3745550562121,230.3745550562121,-0.10524582641239881,0.10524582641239881,False,3886.053218431513,,
1944.33,1944,33,1962.5535245772899,0.18014285714285713,2067.468969295266,1860.314920798596,1945,1.186952371664345,1945-05-13,-226.36515190784348,226.36515190784348,-0.1153421545313521,0.1153421545313521,False,3886.053218431513,,
1944.34,1944,34,1729.791906826479,0.20385714285714288,1832.2961330880007,1609.5195834351925,1945,1.0461781452486547,1945-05-20,-232.76161775081096,232.76161775081096,-0.13456047333337423,0.13456047333337423,False,3886.053218431513,,
1944.35,1944,35,1482.0467302805669,0.23285714285714285,1589.152359062425,1365.945584949549,1945,0.8963418624736869,1945-05-27,-247.74517654591205,247.74517654591205,-0.16716421384298139,0.16716421384298139,False,3886.053218431513,,
1944.36,1944,36,1196.8193244207334,0.27814285714285714,1327.7083044595875,1096.4988223473633,1945,0.7238363274096596,1945-06-03,-285.2274058598334,285.2274058598334,-0.23832119020795803,0.23832119020795803,False,3886.053218431513,,
1944.37,1944,37,956.7769781203118,0.3448571428571428,1080.0406798008228,847.0875422650073,1945,0.5786587163671646,1945-06-10,-240.04234630042163,240.04234630042163,-0.2508864153190745,0.2508864153190745,False,3886.053218431513,,
1944.38,1944,38,763.0168602907576,0.4107142857142857,817.7246825595828,712.0837013457431,1945,0.46147259710385,1945-06-17,-193.76011782955425,193.76011782955425,-0.25393949716356123,0.25393949716356123,False,3886.053218431513,,
1944.39,1944,39,642.7709123087888,0.46328571428571425,691.9065967426677,595.7090611902229,1945,0.38874784776435545,1945-06-24,-120.24594798196881,120.24594798196881,-0.18707434589728658,0.18707434589728658,False,3886.053218431513,,
1944.4,1944,40,547.5791298235733,0.5175714285714286,566.8540212047202,523.0192327708844,1945,0.33117585771729713,1945-07-01,-95.19178248521541,95.19178248521541,-0.17384114423039757,0.17384114423039757,False,3886.053218431513,,
1944.41,1944,41,486.34318703783725,0.5594285714285715,512.1178199937132,470.1789493868897,1945,0.29414035952048395,1945-07-08,-61.235942785736086,61.235942785736086,-0.12591097072564103,0.12591097072564103,False,3886.053218431513,,
1944.42,1944,42,450.0685006846303,0.5961428571428572,467.1571483252964,440.0331111664572,1945,0.2722014292140644,1945-07-15,-36.27468635320696,36.27468635320696,-0.08059814516685133,0.08059814516685133,False,3886.053218431513,,
1944.43,1944,43,422.44237397628586,0.6264285714285714,435.49688511870175,408.00454625357366,1945,0.25549314778085774,1945-07-22,-27.62612670834443,27.62612670834443,-0.06539620173116262,0.06539620173116262,False,3886.053218431513,,
1944.44,1944,44,392.80965102272694,0.6614285714285714,402.90237744418727,380.8369423592014,1945,0.23757127693854527,1945-07-29,-29.632722953558925,29.632722953558925,-0.07543786889249433,0.07543786889249433,False,3886.053218431513,,
1944.45,1944,45,356.25727396179536,0.7035714285714286,373.01012538244936,344.6194637292325,1945,0.21546439929209385,1945-08-05,-36.552377060931576,36.552377060931576,-0.10260106875698884,0.10260106875698884,False,3886.053218431513,,
1944.46,1944,46,337.77792215546305,0.7275714285714285,344.6194637292325,329.2057950036568,1945,0.20428808731962403,1945-08-12,-18.479351806332318,18.479351806332318,-0.054708583937073174,0.054708583937073174,False,3886.053218431513,,
1944.47,1944,47,316.9549091301824,0.7598571428571427,325.6607962357874,309.0284073518941,1945,0.1916943290419343,1945-08-19,-20.82301302528066,20.82301302528066,-0.06569708316689317,0.06569708316689317,False,3886.053218431513,,
1944.48,1944,48,291.59046020459874,0.7981428571428572,302.30479186612183,283.6079686159883,1945,0.17635391033174133,1945-08-26,-25.364448925583645,25.364448925583645,-0.08698655267317836,0.08698655267317836,False,3886.053218431513,,
1944.49,1944,49,271.84967516201317,0.8339999999999999,281.3222739992266,266.78604271350054,1945,0.16441468353798555,1945-09-02,-19.74078504258557,19.74078504258557,-0.07261654821114182,0.07261654821114182,False,3886.053218431513,,
1944.5,1944,50,255.84624043695416,0.8651428571428573,261.382924552137,246.1954239432886,1945,0.15473580621626992,1945-09-09,-16.00343472505901,16.00343472505901,-0.06255098647424756,0.06255098647424756,False,3886.053218431513,,
1944.51,1944,51,234.96235045071694,0.8979999999999999,243.2796862142866,231.43340615217082,1945,0.1421052295525936,1945-09-16,-20.88388998623722,20.88388998623722,-0.08888185680036254,0.08888185680036254,False,3886.053218431513,,
1944.52,1944,52,227.4805362305137,0.9118571428571428,229.36508545768086,224.67104686473823,1945,0.1375802283122147,1945-09-23,-7.481814220203233,7.481814220203233,-0.032889909370627024,0.032889909370627024,False,3886.053218431513,,
1944.53,1944,53,224.67104686473823,0.9179999999999999,224.67104686473823,224.67104686473823,1945,0.019411578449113384,1945-09-30,-2.8094893657754767,2.8094893657754767,-0.01250490174404587,0.01250490174404587,False,3886.053218431513,,
1945.01,1945,1,219.6308144686234,0.9262857142857143,222.2828362851385,214.75310038088375,1945,0.13283271659062343,1945-10-01,-5.040232396114817,5.040232396114817,-0.022948657766029765,0.022948657766029765,False,1589.152359062425,,
1945.02,1945,2,203.78400800362752,0.9465714285714285,212.05144921368182,201.17011281861932,1945,0.12324856804059392,1945-10-08,-15.846806464995893,15.846806464995893,-0.07776275783482385,0.07776275783482385,False,1589.152359062425,,
1945.03,1945,3,198.86770062915326,0.9589999999999999,200.2479822683398,195.20770377157243,1945,0.12027518534051188,1945-10-15,-4.916307374474258,4.916307374474258,-0.02472149755299954,0.02472149755299954,False,1589.152359062425,,True
1945.04,1945,4,199.83763689849386,0.9555714285714286,206.59664326312716,194.7956741845264,1945,0.12086180279620909,1945-10-22,0.9699362693405931,0.9699362693405931,0.00485362159197902,0.00485362159197902,False,1589.152359062425,,
1945.05,1945,5,204.6871755936717,0.9442857142857142,209.2745177174335,201.17011281861932,1945,0.12379480379905264,1945-10-29,4.849538695177841,4.849538695177841,0.023692440335415788,0.023692440335415788,False,1589.152359062425,,
1945.06,1945,6,219.39488986606557,0.9258571428571429,224.67104686473823,209.2745177174335,1945,0.13269002939099647,1945-11-05,14.707714272393872,14.707714272393872,0.06703763374512743,0.06703763374512743,False,1589.152359062425,,
1945.07,1945,7,230.6608200900891,0.9058571428571428,234.76788002600708,226.3790707324809,1945,0.1395036639904859,1945-11-12,11.26593022402352,11.26593022402352,0.04884197593515618,0.04884197593515618,False,1589.152359062425,,
1945.08,1945,8,251.34346440843063,0.8715714285714287,266.78604271350054,236.19433422910615,1945,0.15201252727421888,1945-11-19,20.682644318341545,20.682644318341545,0.08228837128119017,0.08228837128119017,False,1589.152359062425,,
1945.09,1945,9,291.8399354644106,0.7985714285714286,309.0284073518941,271.2725109404546,1945,0.1765047929688755,1945-11-26,40.49647105597995,40.49647105597995,0.1387626096871805,0.1387626096871805,False,1589.152359062425,,
1945.1,1945,10,325.9847890805436,0.7457142857142857,340.5953058875766,311.8155700798613,1945,0.19715560043591276,1945-12-03,34.14485361613299,34.14485361613299,0.10474370203726456,0.10474370203726456,False,1589.152359062425,,
1945.11,1945,11,361.1012399139321,0.6978571428571428,398.1467533267305,340.5953058875766,1945,0.21839402989994613,1945-12-10,35.11645083338851,35.11645083338851,0.09724821449452364,0.09724821449452364,False,1589.152359062425,,
1945.12,1945,12,423.4429756112686,0.6252857142857143,440.0331111664572,408.00454625357366,1945,0.2560983116496952,1945-12-17,62.3417356973365,62.3417356973365,0.1472258114740054,0.1472258114740054,False,1589.152359062425,,
1945.13,1945,13,473.91150654168825,0.5697142857142857,486.02502639130836,467.1571483252964,1945,0.286621679156413,1945-12-24,50.46853093041966,50.46853093041966,0.10649357577052232,0.10649357577052232,False,1589.152359062425,,
1945.14,1945,14,520.1760878642444,0.537,542.0087505502821,489.3436243127323,1945,0.31460249794029504,1945-12-31,46.26458132255618,46.26458132255618,0.0889402308216642,0.0889402308216642,False,1589.152359062425,,
1945.15,1945,15,597.9940809256872,0.4865714285714286,659.9420006160087,550.9983234585969,1946,0.36166682014385565,1946-01-07,77.81799306144273,77.81799306144273,0.13013171123864886,0.13013171123864886,False,1589.152359062425,,
1945.16,1945,16,743.7576288012613,0.41942857142857143,817.7246825595828,682.3088631722309,1946,0.4498246138990028,1946-01-14,145.7635478755741,145.7635478755741,0.19598259195069503,0.19598259195069503,False,1589.152359062425,,
1945.17,1945,17,893.0117573143913,0.3632857142857143,947.0029281802471,843.5265543863715,1946,0.5400935108237438,1946-01-21,149.25412851313,149.25412851313,0.16713568135092763,0.16713568135092763,False,1589.152359062425,,
1945.18,1945,18,965.2284059639711,0.34114285714285714,971.4321659369264,947.0029281802471,1946,0.5837701399270097,1946-01-28,72.21664864957984,72.21664864957984,0.0748181966085605,0.0748181966085605,False,1589.152359062425,,
1945.19,1945,19,971.4321659369263,0.33999999999999997,971.4321659369264,971.4321659369264,1946,0.5875221739586529,1946-02-04,6.20375997295514,6.20375997295514,0.006386199871168299,0.006386199871168299,False,1589.152359062425,,
1945.2,1945,20,971.4321659369263,0.33999999999999997,971.4321659369264,971.4321659369264,1946,0.5875221739586529,1946-02-11,0.0,0.0,0.0,0.0,False,1589.152359062425,,
1945.21,1945,21,971.4321659369263,0.33999999999999997,971.4321659369264,971.4321659369264,1946,0.5875221739586529,1946-02-18,0.0,0.0,0.0,0.0,False,1589.152359062425,,
1945.22,1945,22,977.759573311711,0.33771428571428574,997.6786758623872,971.4321659369264,1946,0.5913489899389227,1946-02-25,6.327407374784798,6.327407374784798,0.0064713325724376335,0.0064713325724376335,False,1589.152359062425,,
1945.23,1945,23,1049.6656517470053,0.3192857142857143,1080.0406798008228,1022.7291742398579,1946,0.6348377861765888,1946-03-04,71.90607843529426,71.90607843529426,0.06850379291312217,0.06850379291312217,False,1589.152359062425,,
1945.24,1945,24,1105.303624715826,0.2997142857142857,1132.2744617454025,1080.0406798008228,1946,0.6684876322281315,1946-03-11,55.63797296882058,55.63797296882058,0.05033727540984508,0.05033727540984508,False,1589.152359062425,,
1945.25,1945,25,1159.1516123280694,0.28357142857142864,1172.2200796855432,1141.726989184771,1946,0.7010548951360164,1946-03-18,53.847987612243514,53.847987612243514,0.046454654455506346,0.046454654455506346,False,1589.152359062425,,
1945.26,1945,26,1183.2104863543548,0.2781428571428571,1195.2983332432605,1172.2200796855432,1946,0.7156057021471136,1946-03-25,24.058874026285366,24.058874026285366,0.020333553753748658,0.020333553753748658,False,1589.152359062425,,
1945.27,1945,27,1225.6022494131455,0.2685714285714286,1246.0803627849048,1208.137555230546,1946,0.7412442404450705,1946-04-01,42.39176305879073,42.39176305879073,0.034588516036984394,0.034588516036984394,False,1589.152359062425,,
1945.28,1945,28,1320.2674589209523,0.25685714285714284,1355.589210120566,1297.4934435018629,1946,0.798497759155392,1946-04-08,94.66520950780682,94.66520950780682,0.07170153961469004,0.07170153961469004,False,1589.152359062425,,
1945.29,1945,29,1419.853002449179,0.24157142857142858,1466.3705361774826,1383.5781363808978,1946,0.8587270958812634,1946-04-15,99.58554352822671,99.58554352822671,0.07013792509255984,0.07013792509255984,False,1589.152359062425,,
1945.3,1945,30,1497.0924550807,0.23042857142857143,1528.8393753592509,1466.3705361774826,1946,0.9054415168328074,1946-04-22,77.23945263152086,77.23945263152086,0.05159297434797193,0.05159297434797193,False,1589.152359062425,,
1945.31,1945,31,1574.0796131552668,0.2207142857142857,1589.152359062425,1551.1556592265113,1946,0.9520033500363053,1946-04-29,76.98715807456688,76.98715807456688,0.048909316549907496,0.048909316549907496,True,1589.152359062425,True,
1945.32,1945,32,1518.8208298887344,0.2275714285714286,1570.314592802547,1466.3705361774826,1946,0.9185828379167064,1946-05-06,-55.25878326653242,55.25878326653242,-0.03638268726573928,0.03638268726573928,False,1589.152359062425,,
1945.33,1945,33,1416.876867232946,0.24185714285714283,1454.6784350498776,1383.5781363808978,1946,0.8569271293024858,1946-05-13,-101.94396265578825,101.94396265578825,-0.07194976854613848,0.07194976854613848,False,1589.152359062425,,
1945.34,1945,34,1387.090239920675,0.24699999999999997,1399.6225280663384,1383.5781363808978,1946,0.8389121771040242,1946-05-20,-29.786627312271094,29.786627312271094,-0.02147418131496227,0.02147418131496227,False,1589.152359062425,,
1945.35,1945,35,1255.372948966106,0.2661428571428571,1355.589210120566,1172.2200796855432,1946,0.7592495595347009,1946-05-27,-131.71729095456908,131.71729095456908,-0.10492283672596911,0.10492283672596911,False,1589.152359062425,,
1945.36,1945,36,1073.4697843322674,0.3097142857142857,1141.726989184771,989.4775076349575,1946,0.6492345255641554,1946-06-03,-181.90316463383851,181.90316463383851,-0.16945345578309698,0.16945345578309698,False,1589.152359062425,,
1945.37,1945,37,861.2526548614312,0.37471428571428567,947.0029281802471,760.52821131929,1946,0.5208856056601937,1946-06-10,-212.2171294708362,212.2171294708362,-0.24640519628352295,0.24640519628352295,False,1589.152359062425,,
1945.38,1945,38,674.3005248152107,0.4488571428571429,728.4970702319307,623.8090120652902,1946,0.40781695740823937,1946-06-17,-186.95213004622053,186.95213004622053,-0.27725342509180756,0.27725342509180756,False,1589.152359062425,,
1945.39,1945,39,571.3562790653787,0.5018571428571429,608.7950640130589,523.0192327708844,1946,0.345556277578741,1946-06-24,-102.94424574983202,102.94424574983202,-0.18017522432452765,0.18017522432452765,False,1589.152359062425,,
1945.4,1945,40,465.0176655200416,0.5802857142857142,494.68108319071365,440.0331111664572,1946,0.28124268410652115,1946-07-01,-106.33861354533707,106.33861354533707,-0.22867650291611133,0.22867650291611133,False,1589.152359062425,,
1945.41,1945,41,416.6019512391031,0.6335714285714286,430.9578316629287,402.90237744418727,1946,0.25196086010940955,1946-07-08,-48.415714280938516,48.415714280938516,-0.11621576456119614,0.11621576456119614,False,1589.152359062425,,
1945.42,1945,42,388.68437497506375,0.6654285714285714,402.90237744418727,377.11676084070143,1946,0.23507630998491855,1946-07-15,-27.917576264039326,27.917576264039326,-0.07182582594381468,0.07182582594381468,False,1589.152359062425,,
1945.43,1945,43,354.88243121704227,0.7052857142857144,373.01012538244936,340.5953058875766,1946,0.21463289440006716,1946-07-22,-33.80194375802148,33.80194375802148,-0.09524828727671947,0.09524828727671947,False,1589.152359062425,,
1945.44,1945,44,332.92066410232115,0.7348571428571429,340.5953058875766,323.62655383883583,1946,0.20135041764908387,1946-07-29,-21.961767114721113,21.961767114721113,-0.06596696895922116,0.06596696895922116,False,1589.152359062425,,
1945.45,1945,45,307.5673951706361,0.7732857142857142,316.52242407738737,299.18021087320443,1946,0.18601676059920066,1946-08-05,-25.35326893168508,25.35326893168508,-0.08243158842509712,0.08243158842509712,False,1589.152359062425,,
1945.46,1945,46,288.6703011713433,0.8019999999999999,294.72326674738565,283.6079686159883,1946,0.17458779814842845,1946-08-12,-18.897093999292792,18.897093999292792,-0.06546254991460387,0.06546254991460387,False,1589.152359062425,,
1945.47,1945,47,273.9262796314026,0.8295714285714286,281.3222739992266,266.78604271350054,1946,0.16567061392107227,1946-08-19,-14.744021539940661,14.744021539940661,-0.05382477927922919,0.05382477927922919,False,1589.152359062425,,
1945.48,1945,48,258.58217402247504,0.8611428571428571,266.78604271350054,249.7991800258312,1946,0.1563904988487929,1946-08-26,-15.344105608927578,15.344105608927578,-0.05933937893025032,0.05933937893025032,False,1589.152359062425,,
1945.49,1945,49,236.86743096329104,0.8948571428571428,246.1954239432886,231.43340615217082,1946,0.14325742224659843,1946-09-02,-21.714743059184002,21.714743059184002,-0.0916746678548191,0.0916746678548191,False,1589.152359062425,,
1945.5,1945,50,224.61519482597367,0.9175714285714286,229.36508545768086,220.53049583159046,1946,0.13584726983074882,1946-09-09,-12.252236137317368,12.252236137317368,-0.05454767272895362,0.05454767272895362,False,1589.152359062425,,
1945.51,1945,51,210.0854743956241,0.9381428571428572,214.75310038088375,206.59664326312716,1946,0.12705969491447347,1946-09-16,-14.529720430349585,14.529720430349585,-0.06916099493384216,0.06916099493384216,False,1589.152359062425,,
1945.52,1945,52,201.05911393356908,0.952,202.1648125463628,200.2479822683398,1946,0.12160055210702257,1946-09-23,-9.02636046205501,9.02636046205501,-0.04489406267371378,0.04489406267371378,False,1589.152359062425,,
1945.53,1945,53,200.2479822683398,0.956,200.2479822683398,200.2479822683398,1946,0.017301425667984555,1946-09-30,-0.8111316652292828,0.8111316652292828,-0.004050635896756932,0.004050635896756932,False,1589.152359062425,,
1946.01,1946,1,198.5375797021862,0.9598571428571427,199.0925590239552,195.20770377157243,1946,0.12007552820388223,1946-10-01,-1.71040256615359,1.71040256615359,-0.00861500663360185,0.00861500663360185,False,4629.081161917657,,
1946.02,1946,2,195.08998103241643,0.9655714285714286,195.20770377157243,194.7956741845264,1946,0.11799042052840544,1946-10-08,-3.447598669769775,3.447598669769775,-0.01767183866401072,0.01767183866401072,False,4629.081161917657,,
1946.03,1946,3,194.7956741845264,0.9670000000000003,194.7956741845264,194.7956741845264,1946,0.11781242374680156,1946-10-15,-0.29430684789002726,0.29430684789002726,-0.0015108489914988344,0.0015108489914988344,False,4629.081161917657,,
1946.04,1946,4,193.43821910592447,0.969857142857143,194.7956741845264,192.89523707448373,1946,0.1169914349152631,1946-10-22,-1.3574550786019302,1.3574550786019302,-0.007017512283126448,0.007017512283126448,False,4629.081161917657,,
1946.05,1946,5,192.89523707448373,0.971,192.89523707448373,192.89523707448373,1946,0.11666303938264773,1946-10-29,-0.5429820314407436,0.5429820314407436,-0.002814906369259283,0.002814906369259283,False,4629.081161917657,,True
1946.06,1946,6,192.89523707448373,0.971,192.89523707448373,192.89523707448373,1946,0.11666303938264773,1946-11-05,0.0,0.0,0.0,0.0,False,4629.081161917657,,
1946.07,1946,7,194.38241218256985,0.9678571428571427,199.0925590239552,192.89523707448373,1946,0.11756248288801824,1946-11-12,1.4871751080861202,1.4871751080861202,0.007650769899332869,0.007650769899332869,False,4629.081161917657,,
1946.08,1946,8,218.42879299624752,0.9251428571428572,236.19433422910615,200.2479822683398,1946,0.1321057340041305,1946-11-19,24.046380813677672,24.046380813677672,0.1100879626894737,0.1100879626894737,False,4629.081161917657,,
1946.09,1946,9,256.79068850590545,0.8614285714285715,273.7644374568714,239.64129376144416,1946,0.1553070084083716,1946-11-26,38.36189550965793,38.36189550965793,0.14938974513780204,0.14938974513780204,False,4629.081161917657,,
1946.1,1946,10,309.06560316317155,0.7718571428571428,331.6115672476363,283.6079686159883,1946,0.18692287679308617,1946-12-03,52.274914657266095,52.274914657266095,0.16913857162444407,0.16913857162444407,False,4629.081161917657,,
1946.11,1946,11,359.1428775564091,0.7015714285714285,377.11676084070143,338.3210417029997,1946,0.21720961234611622,1946-12-10,50.07727439323753,50.07727439323753,0.1394355214113138,0.1394355214113138,False,4629.081161917657,,
1946.12,1946,12,397.21242197406343,0.6565714285714286,420.28892993659525,380.8369423592014,1946,0.24023407280991355,1946-12-17,38.069544417654356,38.069544417654356,0.09584177712382863,0.09584177712382863,False,4629.081161917657,,
1946.13,1946,13,446.5790250518581,0.5997142857142856,470.1789493868897,422.4698189706656,1946,0.2700909943513638,1946-12-24,49.36660307779465,49.36660307779465,0.11054393580634929,0.11054393580634929,False,4629.081161917657,,
1946.14,1946,14,487.367406684949,0.5581428571428572,512.1178199937132,472.4927083802066,1946,0.2947598075630572,1946-12-31,40.78838163309092,40.78838163309092,0.0836912380139075,0.0836912380139075,False,4629.081161917657,,
1946.15,1946,15,535.1496565143782,0.5272857142857144,550.9983234585969,516.7730027239134,1947,0.32365851225989595,1947-01-07,47.78224982942919,47.78224982942919,0.08928763991114586,0.08928763991114586,False,4629.081161917657,,
1946.16,1946,16,575.7765353799107,0.4967142857142858,601.777842158206,562.8280752081156,1947,0.34822964859777,1947-01-14,40.62687886553249,40.62687886553249,0.07056015028248057,0.07056015028248057,False,4629.081161917657,,
1946.17,1946,17,674.7708207579362,0.44885714285714284,705.8654488603318,647.6489852382476,1947,0.4081013923943999,1947-01-21,98.99428537802555,98.99428537802555,0.1467080115687727,0.1467080115687727,False,4629.081161917657,,
1946.18,1946,18,685.2924736812377,0.44428571428571434,702.6560160658968,666.8063237852695,1947,0.41446488808241255,1947-01-28,10.521652923301417,10.521652923301417,0.015353521784328748,0.015353521784328748,False,4629.081161917657,,
1946.19,1946,19,708.1652796653658,0.43500000000000005,720.3337222668207,702.6560160658968,1947,0.4282983611416131,1947-02-04,22.87280598412815,22.87280598412815,0.03229868314771997,0.03229868314771997,False,4629.081161917657,,
1946.2,1946,20,769.4144530106581,0.40771428571428575,817.7246825595828,733.8512888156049,1947,0.46534186118084603,1947-02-11,61.24917334529232,61.24917334529232,0.07960491657731296,0.07960491657731296,False,4629.081161917657,,
1946.21,1946,21,896.4428709433984,0.36271428571428566,971.4321659369264,819.2739407352476,1947,0.5421686483465673,1947-02-18,127.02841793274024,127.02841793274024,0.14170274765982366,0.14170274765982366,False,4629.081161917657,,
1946.22,1946,22,1118.3141215793707,0.29700000000000004,1216.5619918456675,1025.1570830002852,1947,0.6763563807312033,1947-02-25,221.8712506359724,221.8712506359724,0.1983979691883247,0.1983979691883247,False,4629.081161917657,,
1946.23,1946,23,1428.3014343401703,0.24014285714285716,1492.9232463956196,1341.3621257487196,1947,0.8638367074889349,1947-03-04,309.98731276079957,309.98731276079957,0.21703213713007563,0.21703213713007563,False,4629.081161917657,,
1946.24,1946,24,1742.941287710863,0.2027142857142857,1871.7016074586716,1528.006983766956,1947,1.05413089080753,1947-03-11,314.63985337069266,314.63985337069266,0.1805223478204094,0.1805223478204094,False,4629.081161917657,,
1946.25,1946,25,2187.0251018411677,0.15657142857142858,2567.771472034419,1921.651232388288,1947,1.3227127815935384,1947-03-18,444.08381413030475,444.08381413030475,0.20305382583695478,0.20305382583695478,False,4629.081161917657,,
1946.26,1946,26,3355.4590277218995,0.06728571428571428,3901.1982400680877,2895.457390346268,1947,2.029381619966205,1947-03-25,1168.4339258807317,1168.4339258807317,0.34821880292009083,0.34821880292009083,False,4629.081161917657,,
1946.27,1946,27,4450.774184938945,0.02571428571428571,4594.912800663202,4076.122635680716,1947,2.691828227051074,1947-04-01,1095.3151572170455,1095.3151572170455,0.24609542333634948,0.24609542333634948,False,4629.081161917657,,
1946.28,1946,28,4544.26606703438,0.023714285714285716,4629.081161917657,4415.415344009801,1947,2.748372117342394,1947-04-08,93.49188209543536,93.49188209543536,0.020573593340772148,0.020573593340772148,True,4629.081161917657,True,
1946.29,1946,29,4202.301558985144,0.032285714285714286,4352.723084314373,4091.3024114860686,1947,2.5415519828742155,1947-04-15,-341.96450804923643,341.96450804923643,-0.08137552796944465,0.08137552796944465,False,4629.081161917657,,
1946.3,1946,30,4043.969441461683,0.03571428571428571,4076.122635680716,3988.051260004569,1947,2.4457927181960257,1947-04-22,-158.33211752346097,158.33211752346097,-0.039152649349949636,0.039152649349949636,False,4629.081161917657,,
1946.31,1946,31,3849.066082791685,0.04299999999999999,3901.1982400680877,3811.676948218156,1947,2.327915166872411,1947-04-29,-194.90335866999794,194.90335866999794,-0.050636532207479455,0.050636532207479455,False,4629.081161917657,,
1946.32,1946,32,3577.1215737239972,0.053714285714285714,3803.114617748527,3441.0052160059477,1947,2.1634431277882733,1947-05-06,-271.9445090676877,271.9445090676877,-0.0760232783434803,0.0760232783434803,False,4629.081161917657,,
1946.33,1946,33,3144.1998298235276,0.07757142857142858,3405.101513165422,2963.5533446484865,1947,1.9016120570772697,1947-05-13,-432.92174390046966,432.92174390046966,-0.13768900430376527,0.13768900430376527,False,4629.081161917657,,
1946.34,1946,34,2689.748597033652,0.10971428571428572,2914.698847593973,2496.800686844093,1947,1.6267599514859525,1947-05-20,-454.4512327898756,454.4512327898756,-0.16895676915346666,0.16895676915346666,False,4629.081161917657,,
1946.35,1946,35,2322.92818460969,0.14114285714285715,2467.4434971899177,2169.222343577076,1947,1.4049069660519407,1947-05-27,-366.8204124239619,366.8204124239619,-0.157912937151605,0.157912937151605,False,4629.081161917657,,
1946.36,1946,36,2003.1176993429758,0.17614285714285713,2139.216866369918,1881.0436962338129,1947,1.2114855845626318,1947-06-03,-319.8104852667143,319.8104852667143,-0.15965636236533298,0.15965636236533298,False,4629.081161917657,,
1946.37,1946,37,1629.332676061635,0.21471428571428566,1807.794012387604,1589.152359062425,1947,0.985420402482077,1947-06-10,-373.7850232813407,373.7850232813407,-0.22940988588336703,0.22940988588336703,False,4629.081161917657,,
1946.38,1946,38,1444.0905637938479,0.23842857142857143,1551.1556592265113,1327.7083044595875,1947,0.8733859729825192,1947-06-17,-185.2421122677872,185.2421122677872,-0.12827596614240572,0.12827596614240572,False,4629.081161917657,,
1946.39,1946,39,1187.2056672424783,0.27885714285714286,1291.2130338573666,1125.7884692412713,1947,0.718021987548251,1947-06-24,-256.8848965513696,256.8848965513696,-0.21637775462109776,0.21637775462109776,False,4629.081161917657,,
1946.4,1946,40,1031.7717876868658,0.32142857142857145,1096.4988223473633,952.4350838829193,1947,0.6240155771930163,1947-07-01,-155.43387955561252,155.43387955561252,-0.15064753796387523,0.15064753796387523,False,4629.081161917657,,
1946.41,1946,41,837.5552037999231,0.38257142857142856,914.0536783798912,760.52821131929,1947,0.5065533872581934,1947-07-08,-194.21658388694266,194.21658388694266,-0.23188511396717143,0.23188511396717143,False,4629.081161917657,,
1946.42,1946,42,680.7116959291836,0.4458571428571428,733.8512888156049,623.8090120652902,1947,0.4116944336979703,1947-07-15,-156.84350787073947,156.84350787073947,-0.23041106654799764,0.23041106654799764,False,4629.081161917657,,
1946.43,1946,43,591.0397854683454,0.4881428571428571,618.6506296297572,563.9275439778775,1947,0.3574608622512553,1947-07-22,-89.67191046083826,89.67191046083826,-0.15171890736557,0.15171890736557,False,4629.081161917657,,
1946.44,1946,44,531.9039534856308,0.529,562.8280752081156,505.01787451967766,1947,0.32169551106810956,1947-07-29,-59.135831982714535,59.135831982714535,-0.11117765076794464,0.11117765076794464,False,4629.081161917657,,
1946.45,1946,45,480.4703681721147,0.5637142857142857,494.68108319071365,467.1571483252964,1947,0.2905884786704949,1947-08-05,-51.43358531351612,51.43358531351612,-0.10704840240031517,0.10704840240031517,False,4629.081161917657,,
1946.46,1946,46,450.6272429170213,0.5945714285714285,462.56506724863937,435.49688511870175,1947,0.2725393565162145,1947-08-12,-29.843125255093412,29.843125255093412,-0.06622574583354415,0.06622574583354415,False,4629.081161917657,,
1946.47,1946,47,423.3301588028744,0.626,435.49688511870175,413.7323824701425,1947,0.2560300800439784,1947-08-19,-27.297084114146912,27.297084114146912,-0.06448178459890433,0.06448178459890433,False,4629.081161917657,,
1946.48,1946,48,391.810344832298,0.6624285714285714,408.00454625357366,377.11676084070143,1947,0.23696689655457379,1947-08-26,-31.519813970576422,31.519813970576422,-0.080446609912935,0.080446609912935,False,4629.081161917657,,
1946.49,1946,49,359.60388123492896,0.7002857142857144,373.01012538244936,344.6194637292325,1947,0.21748842737088506,1947-09-02,-32.20646359736901,32.20646359736901,-0.08956094546801777,0.08956094546801777,False,4629.081161917657,,
1946.5,1946,50,333.2112701590286,0.7341428571428571,340.5953058875766,325.6607962357874,1947,0.2015261761921805,1947-09-09,-26.39261107590039,26.39261107590039,-0.07920683794189866,0.07920683794189866,False,4629.081161917657,,
1946.51,1946,51,314.5788535753405,0.7632857142857142,323.62655383883583,309.0284073518941,1947,0.1902572906423659,1947-09-16,-18.632416583688098,18.632416583688098,-0.05922971735678254,0.05922971735678254,False,4629.081161917657,,
1946.52,1946,52,299.7766658358296,0.7852857142857143,306.020121877383,294.72326674738565,1947,0.18130492749750973,1947-09-23,-14.802187739510885,14.802187739510885,-0.04937738465480562,0.04937738465480562,False,4629.081161917657,,
1946.53,1946,53,294.72326674738565,0.794,294.72326674738565,294.72326674738565,1947,0.025464090246974127,1947-09-30,-5.053399088443939,5.053399088443939,-0.017146250936392233,0.017146250936392233,False,4629.081161917657,,
1947.01,1947,1,289.0578231917953,0.8001428571428572,290.5219447532691,283.6079686159883,1947,0.1748221714663978,1947-10-01,-5.665443555590343,5.665443555590343,-0.019599689408271836,0.019599689408271836,False,6170.049530809099,,
1947.02,1947,2,274.0844517979971,0.8284285714285715,281.3222739992266,271.2725109404546,1947,0.1657662764474286,1947-10-08,-14.973371393798232,14.973371393798232,-0.054630502735827396,0.054630502735827396,False,6170.049530809099,,
1947.03,1947,3,269.2690449874722,0.839142857142857,270.26224589706084,266.78604271350054,1947,0.16285391840842317,1947-10-15,-4.815406810524848,4.815406810524848,-0.017883254314467842,0.017883254314467842,False,6170.049530809099,,
1947.04,1947,4,266.8996638088767,0.8461428571428572,270.26224589706084,264.1051871975735,1947,0.16142091667160863,1947-10-22,-2.3693811785955177,2.3693811785955177,-0.008877422866640252,0.008877422866640252,False,6170.049530809099,,True
1947.05,1947,5,270.6952166299439,0.8355714285714286,271.2725109404546,270.26224589706084,1947,0.16371646701779005,1947-10-29,3.79555282106719,3.79555282106719,0.014021499412957605,0.014021499412957605,False,6170.049530809099,,
1947.06,1947,6,268.5337887508874,0.8412857142857142,271.2725109404546,264.1051871975735,1947,0.1624092354365367,1947-11-05,-2.1614278790564754,2.1614278790564754,-0.008048997815547085,0.008048997815547085,False,6170.049530809099,,
1947.07,1947,7,270.1358544635095,0.8374285714285714,283.6079686159883,261.382924552137,1947,0.16337816477953054,1947-11-12,1.6020657126220499,1.6020657126220499,0.005930592648664712,0.005930592648664712,False,6170.049530809099,,
1947.08,1947,8,291.88417067081986,0.7988571428571428,323.62655383883583,281.3222739992266,1947,0.17653154642171184,1947-11-19,21.74831620731038,21.74831620731038,0.07451009130549126,0.07451009130549126,False,6170.049530809099,,
1947.09,1947,9,303.21139681425177,0.7804285714285714,320.2150422476492,294.72326674738565,1947,0.1833822527932595,1947-11-26,11.327226143431915,11.327226143431915,0.03735752106432532,0.03735752106432532,False,6170.049530809099,,
1947.1,1947,10,343.5899179403017,0.7207142857142858,364.6825175805071,309.0284073518941,1947,0.20780318237029444,1947-12-03,40.37852112604992,40.37852112604992,0.11751951677774676,0.11751951677774676,False,6170.049530809099,,
1947.11,1947,11,386.0974785092807,0.6691428571428572,402.90237744418727,364.6825175805071,1947,0.23351175500241297,1947-12-10,42.50756056897899,42.50756056897899,0.11009541096486915,0.11009541096486915,False,6170.049530809099,,
1947.12,1947,12,413.3229104663381,0.6375714285714286,422.4698189706656,402.90237744418727,1947,0.24997769625004126,1947-12-17,27.225431957057424,27.225431957057424,0.06586964155057337,0.06586964155057337,False,6170.049530809099,,
1947.13,1947,13,473.1580426687473,0.5742857142857144,537.7325322740754,430.9578316629287,1947,0.2861659842060584,1947-12-24,59.83513220240923,59.83513220240923,0.12645908302630107,0.12645908302630107,False,6170.049530809099,,
1947.14,1947,14,530.0207742415362,0.5292857142857142,563.9275439778775,486.02502639130836,1947,0.3205565642612811,1947-12-31,56.862731572788846,56.862731572788846,0.10728396760326962,0.10728396760326962,False,6170.049530809099,,
1947.15,1947,15,611.5334770184664,0.4778571428571428,654.21608557748,577.9502839498093,1948,0.36985544690076855,1948-01-07,81.51270277693027,81.51270277693027,0.13329229852525118,0.13329229852525118,False,6170.049530809099,,
1947.16,1947,16,725.212272617635,0.42628571428571427,760.52821131929,673.1577568282033,1948,0.4386083824791457,1948-01-14,113.67879559916855,113.67879559916855,0.1567524432382368,0.1567524432382368,False,6170.049530809099,,
1947.17,1947,17,778.5289502172744,0.40442857142857147,817.7246825595828,760.52821131929,1948,0.4708543090914077,1948-01-21,53.31667759963943,53.31667759963943,0.0684838728023661,0.0684838728023661,False,6170.049530809099,,
1947.18,1947,18,836.446060692758,0.3832857142857143,885.1094475277025,794.2548359930772,1948,0.5058825775069801,1948-01-28,57.91711047548358,57.91711047548358,0.06924189520064893,0.06924189520064893,False,6170.049530809099,,
1947.19,1947,19,955.9984435084718,0.3435714285714286,1025.1570830002852,891.8619896951615,1948,0.5781878586339239,1948-02-04,119.55238281571383,119.55238281571383,0.1250549973459809,0.1250549973459809,False,6170.049530809099,,
1947.2,1947,20,1107.3029083723227,0.29999999999999993,1182.7486219934508,1050.5490333418047,1948,0.6696967989835807,1948-02-11,151.30446486385085,151.30446486385085,0.13664234395108787,0.13664234395108787,False,6170.049530809099,,
1947.21,1947,21,1567.8949668448186,0.22485714285714287,1966.6544541756928,1247.085403995312,1948,0.9482628759477463,1948-02-18,460.59205847249586,460.59205847249586,0.2937646131994266,0.2937646131994266,False,6170.049530809099,,
1947.22,1947,22,3429.9644670469347,0.07742857142857143,4949.60378083177,2139.216866369918,1948,2.074442509669986,1948-02-25,1862.0695002021162,1862.0695002021162,0.5428830292825993,0.5428830292825993,False,6170.049530809099,,
1947.23,1947,23,5735.909506385867,0.008571428571428572,6042.5007263665675,5344.849128363103,1948,3.4690780694621726,1948-03-03,2305.945039338932,2305.945039338932,0.4020190759236511,0.4020190759236511,False,6170.049530809099,,
1947.24,1947,24,6021.616545357106,0.006142857142857143,6170.049530809099,5886.181288951835,1948,3.6418736866319774,1948-03-10,285.70703897123894,285.70703897123894,0.047446900150347485,0.047446900150347485,True,6170.049530809099,True,
1947.25,1947,25,5825.142346731697,0.0074285714285714285,5886.181288951835,5672.879600260333,1948,3.52304609130333,1948-03-17,-196.47419862540846,196.47419862540846,-0.03372865192481415,0.03372865192481415,False,6170.049530809099,,
1947.26,1947,26,5712.303339268273,0.008285714285714287,5767.711743244887,5630.844026314902,1948,3.4548010595894514,1948-03-24,-112.83900746342442,112.83900746342442,-0.01975367916611353,0.01975367916611353,False,6170.049530809099,,
1947.27,1947,27,5499.462817440784,0.010714285714285714,5574.353728560048,5396.328800163887,1948,3.3260751119881866,1948-03-31,-212.84052182748837,212.84052182748837,-0.03870205670861055,0.03870205670861055,False,6170.049530809099,,
1947.28,1947,28,5345.701142540753,0.01257142857142857,5377.751864305309,5326.301133333888,1948,3.2330800510086477,1948-04-07,-153.76167490003172,153.76167490003172,-0.0287636122559127,0.0287636122559127,False,6170.049530809099,,
1947.29,1947,29,5142.235719250175,0.015571428571428571,5307.780230671744,4967.490886366779,1948,3.1100241630025054,1948-04-14,-203.46542329057775,203.46542329057775,-0.03956750223038131,0.03956750223038131,False,6170.049530809099,,
1947.3,1947,30,4547.007908764321,0.024428571428571428,4812.525771225113,4305.170852711009,1948,2.7500303832206616,1948-04-21,-595.2278104858542,595.2278104858542,-0.13090538271080582,0.13090538271080582,False,6170.049530809099,,
1947.31,1947,31,4030.4436370463372,0.03642857142857143,4206.742341804848,3901.1982400680877,1948,2.437612311685625,1948-04-28,-516.5642717179835,516.5642717179835,-0.12816561109301147,0.12816561109301147,False,6170.049530809099,,
1947.32,1947,32,3641.485787622923,0.05085714285714286,3866.6886018228884,3452.248381930785,1948,2.2023706043543445,1948-05-05,-388.95784942341425,388.95784942341425,-0.10681295276379943,0.10681295276379943,False,6170.049530809099,,
1947.33,1947,33,3215.8145256323396,0.07285714285714286,3441.0052160059477,3032.4707999570037,1948,1.9449246251024388,1948-05-12,-425.6712619905834,425.6712619905834,-0.13236810102003063,0.13236810102003063,False,6170.049530809099,,
1947.34,1947,34,2828.6416745797364,0.09914285714285713,2963.5533446484865,2671.4046921253907,1948,1.7107624847858247,1948-05-19,-387.17285105260316,387.17285105260316,-0.1368758915390466,0.1368758915390466,False,6170.049530809099,,
1947.35,1947,35,2447.7275685570726,0.12928571428571428,2591.896796157977,2301.531632213161,1948,1.4803856334633174,1948-05-26,-380.9141060226639,380.9141060226639,-0.15561948597376443,0.15561948597376443,False,6170.049530809099,,
1947.36,1947,36,2163.731931893658,0.15885714285714286,2276.101843596241,2041.65817572948,1948,1.3086250724092845,1948-06-02,-283.99563666341464,283.99563666341464,-0.13125269007555246,0.13125269007555246,False,6170.049530809099,,
1947.37,1947,37,1872.817797999882,0.1891428571428571,1983.4436828176406,1751.5174261192885,1948,1.1326802042303286,1948-06-09,-290.9141338937759,290.9141338937759,-0.1553349899837903,0.1553349899837903,False,6170.049530809099,,
1947.38,1947,38,1618.7804781007674,0.2161428571428572,1707.8301963432584,1528.006983766956,1948,0.9790384331553441,1948-06-16,-254.03731989911466,254.03731989911466,-0.15693129694593533,0.15693129694593533,False,6170.049530809099,,
1947.39,1947,39,1371.208357349613,0.2487142857142857,1492.9232463956196,1216.5619918456675,1948,0.8293068145250461,1948-06-23,-247.57212075115444,247.57212075115444,-0.18055032951351224,0.18055032951351224,False,6170.049530809099,,
1947.4,1947,40,1130.4653774173546,0.2937142857142857,1199.561484005937,1059.9978690640885,1948,0.6837054602620161,1948-06-30,-240.74297993225832,240.74297993225832,-0.21295918012301834,0.21295918012301834,False,6170.049530809099,,
1947.41,1947,41,981.0687312603288,0.33685714285714285,1042.8375986738163,906.4211780013767,1948,0.5933503686662469,1948-07-07,-149.39664615702577,149.39664615702577,-0.15227949010779657,0.15227949010779657,False,6170.049530809099,,
1947.42,1947,42,810.2093666522952,0.3935714285714286,891.8619896951615,733.8512888156049,1948,0.49001462495130826,1948-07-14,-170.85936460803362,170.85936460803362,-0.21088297869723177,0.21088297869723177,False,6170.049530809099,,
1947.43,1947,43,680.9489562531454,0.4458571428571429,748.233943314839,630.1125986840717,1948,0.41183792874190245,1948-07-21,-129.2604103991498,129.2604103991498,-0.1898239349838973,0.1898239349838973,False,6170.049530809099,,
1947.44,1947,44,589.5538056998381,0.48842857142857143,623.8090120652902,563.9275439778775,1948,0.356562141687262,1948-07-28,-91.3951505533073,91.3951505533073,-0.15502427372988528,0.15502427372988528,False,6170.049530809099,,
1947.45,1947,45,538.1990517992093,0.5251428571428571,562.8280752081156,512.1178199937132,1948,0.3255027865281619,1948-08-04,-51.35475390062879,51.35475390062879,-0.09541962909252424,0.09541962909252424,False,6170.049530809099,,
1947.46,1947,46,479.52075880609266,0.5655714285714286,505.01787451967766,459.26044279675483,1948,0.2900141549259248,1948-08-11,-58.678292993116656,58.678292993116656,-0.12236861890862337,0.12236861890862337,False,6170.049530809099,,
1947.47,1947,47,440.04610135945285,0.6067142857142857,455.65515596238953,426.6328809909446,1948,0.26613988210219713,1948-08-18,-39.47465744663981,39.47465744663981,-0.08970573156923581,0.08970573156923581,False,6170.049530809099,,
1947.48,1947,48,410.6664491195715,0.6415714285714286,420.28892993659525,398.1467533267305,1948,0.24837106842751683,1948-08-25,-29.379652239881352,29.379652239881352,-0.07154139887217092,0.07154139887217092,False,6170.049530809099,,
1947.49,1947,49,381.258645657714,0.6751428571428572,391.8169121240828,370.36474529587133,1948,0.2305852288937854,1948-09-01,-29.407803461857497,29.407803461857497,-0.07713347302885612,0.07713347302885612,False,6170.049530809099,,
1947.5,1947,50,350.39552079382264,0.7104285714285715,364.6825175805071,338.3210417029997,1948,0.21191921097610394,1948-09-08,-30.863124863891358,30.863124863891358,-0.08808082019419315,0.08808082019419315,False,6170.049530809099,,
1947.51,1947,51,323.5556416178526,0.7507142857142856,331.6115672476363,316.52242407738737,1948,0.1956864520504772,1948-09-15,-26.839879175970054,26.839879175970054,-0.08295290121280065,0.08295290121280065,False,6170.049530809099,,
1947.52,1947,52,302.8181685737926,0.7798571428571427,311.8155700798613,290.5219447532691,1948,0.18314442835342976,1948-09-22,-20.737473044059982,20.737473044059982,-0.06848160115929948,0.06848160115929948,False,6170.049530809099,,
1947.53,1947,53,285.39751928811086,0.808,287.1870699602335,283.6079686159883,1948,0.049316691332985566,1948-09-29,-17.420649285681748,17.420649285681748,-0.06103994641977065,0.06103994641977065,False,6170.049530809099,,
1948.01,1948,1,283.6079686159883,0.813,283.6079686159883,283.6079686159883,1948,0.17152609941894972,1948-10-01,-1.789550672122573,1.789550672122573,-0.006309944959782374,0.006309944959782374,False,905.4211927358452,,True
1948.02,1948,2,283.6079686159883,0.813,283.6079686159883,283.6079686159883,1948,0.17152609941894972,1948-10-08,0.0,0.0,0.0,0.0,False,905.4211927358452,,
1948.03,1948,3,284.1192688080233,0.8115714285714286,287.1870699602335,283.6079686159883,1948,0.17183533377509252,1948-10-15,0.5113001920350371,0.5113001920350371,0.0017995970290227577,0.0017995970290227577,False,905.4211927358452,,
1948.04,1948,4,303.5749690046311,0.7792857142857142,316.52242407738737,290.5219447532691,1948,0.18360214125400087,1948-10-22,19.45570019660778,19.45570019660778,0.06408861791339251,0.06408861791339251,False,905.4211927358452,,
1948.05,1948,5,326.50826795143394,0.7455714285714284,331.6115672476363,320.2150422476492,1948,0.19747220045702724,1948-10-29,22.933298946802836,22.933298946802836,0.07023803437104392,0.07023803437104392,False,905.4211927358452,,
1948.06,1948,6,340.28789245244786,0.723,346.9384943839358,335.4728177879068,1948,0.20580611735524046,1948-11-05,13.779624501013927,13.779624501013927,0.04049401934845362,0.04049401934845362,False,905.4211927358452,,
1948.07,1948,7,346.7011769390259,0.7131428571428573,353.9823107128336,340.5953058875766,1948,0.20968487181272286,1948-11-12,6.41328448657805,6.41328448657805,0.01849801763928234,0.01849801763928234,False,905.4211927358452,,
1948.08,1948,8,358.9017157367733,0.7012857142857144,360.34880084276085,350.2192051008483,1948,0.2170637576776005,1948-11-19,12.200538797747413,12.200538797747413,0.033994094379575394,0.033994094379575394,False,905.4211927358452,,
1948.09,1948,9,365.9838335557236,0.6938571428571428,377.11676084070143,360.34880084276085,1948,0.22134702253450164,1948-11-26,7.08211781895028,7.08211781895028,0.01935090342691866,0.01935090342691866,False,905.4211927358452,,
1948.1,1948,10,399.88424825400233,0.6525714285714287,402.90237744418727,386.53109723034976,1948,0.24184999334402063,1948-12-03,33.90041469827872,33.90041469827872,0.08477556904603437,0.08477556904603437,False,905.4211927358452,,
1948.11,1948,11,402.9023774441872,0.648,402.90237744418727,402.90237744418727,1948,0.24367535787824446,1948-12-10,3.0181291901848795,3.0181291901848795,0.007490968927337668,0.007490968927337668,False,905.4211927358452,,
1948.12,1948,12,402.9023774441872,0.648,402.90237744418727,402.90237744418727,1948,0.24367535787824446,1948-12-17,0.0,0.0,0.0,0.0,False,905.4211927358452,,
1948.13,1948,13,402.9023774441872,0.648,402.90237744418727,402.90237744418727,1948,0.24367535787824446,1948-12-24,0.0,0.0,0.0,0.0,False,905.4211927358452,,
1948.14,1948,14,410.32338616777594,0.6402857142857143,426.6328809909446,402.90237744418727,1948,0.24816358395427088,1948-12-31,7.421008723588727,7.421008723588727,0.018085756195612923,0.018085756195612923,False,905.4211927358452,,
1948.15,1948,15,439.3850788739207,0.6092857142857142,440.0331111664572,435.49688511870175,1949,0.2657400957029472,1949-01-07,29.061692706144754,29.061692706144754,0.06614173785925001,0.06614173785925001,False,905.4211927358452,,
1948.16,1948,16,440.0331111664572,0.609,440.0331111664572,440.0331111664572,1949,0.26613202563347327,1949-01-14,0.6480322925365272,0.6480322925365272,0.0014726898410410468,0.0014726898410410468,False,905.4211927358452,,
1948.17,1948,17,471.7304855152194,0.5705714285714285,472.4927083802066,467.1571483252964,1949,0.2853025976396047,1949-01-21,31.697374348762196,31.697374348762196,0.06719382215491677,0.06719382215491677,False,905.4211927358452,,
1948.18,1948,18,472.49270838020664,0.5690000000000001,472.4927083802066,472.4927083802066,1949,0.28576359002834895,1949-01-28,0.7622228649872227,0.7622228649872227,0.0016131949794532601,0.0016131949794532601,False,905.4211927358452,,
1948.19,1948,19,473.18639102827314,0.5684285714285714,477.3484869166725,472.4927083802066,1949,0.2861831292938996,1949-02-04,0.693682648066499,0.693682648066499,0.0014659818228480099,0.0014659818228480099,False,905.4211927358452,,
1948.2,1948,20,514.5665491239904,0.5411428571428571,527.3375978981461,494.68108319071365,1949,0.3112098489101894,1949-02-11,41.38015809571726,41.38015809571726,0.0804175051140883,0.0804175051140883,False,905.4211927358452,,
1948.21,1948,21,557.5530331104643,0.5101428571428572,562.8280752081156,537.7325322740754,1949,0.3372080744252089,1949-02-18,42.9864839864739,42.9864839864739,0.07709846675330932,0.07709846675330932,False,905.4211927358452,,
1948.22,1948,22,596.8314789375147,0.4858571428571428,608.7950640130589,563.9275439778775,1949,0.36096367846140903,1949-02-25,39.278445827050405,39.278445827050405,0.0658116188793766,0.0658116188793766,False,905.4211927358452,,
1948.23,1948,23,643.3404259030174,0.46342857142857147,705.8654488603318,608.7950640130589,1949,0.38909228958614495,1949-03-04,46.50894696550267,46.50894696550267,0.07229290293738486,0.07229290293738486,False,905.4211927358452,,
1948.24,1948,24,720.3337222668207,0.431,720.3337222668207,720.3337222668207,1949,0.4356578352269731,1949-03-11,76.99329636380332,76.99329636380332,0.10688559203019518,0.10688559203019518,False,905.4211927358452,,
1948.25,1948,25,721.499914833265,0.43,728.4970702319307,720.3337222668207,1949,0.4363631484911586,1949-03-18,1.1661925664443515,1.1661925664443515,0.0016163447042316737,0.0016163447042316737,False,905.4211927358452,,
1948.26,1948,26,769.7328426670956,0.40700000000000003,779.3663976124346,760.52821131929,1949,0.46553442324505956,1949-03-25,48.23292783383056,48.23292783383056,0.06266190704128625,0.06266190704128625,False,905.4211927358452,,
1948.27,1948,27,789.3971988231409,0.4010000000000001,834.6935677067364,779.3663976124346,1949,0.4774274258482357,1949-04-01,19.6643561560453,19.6643561560453,0.024910597840176737,0.024910597840176737,False,905.4211927358452,,
1948.28,1948,28,870.7995463016226,0.3718571428571429,885.1094475277025,834.6935677067364,1949,0.5266595656032215,1949-04-08,81.40234747848172,81.40234747848172,0.0934800067641354,0.0934800067641354,False,905.4211927358452,,
1948.29,1948,29,885.1094475277024,0.36700000000000005,885.1094475277025,885.1094475277025,1949,0.5353141938647545,1949-04-15,14.309901226079774,14.309901226079774,0.01616738050424199,0.01616738050424199,False,905.4211927358452,,
1948.3,1948,30,893.8144811883352,0.36357142857142855,905.4211927358452,885.1094475277025,1949,0.540578998222705,1949-04-22,8.705033660632807,8.705033660632807,0.009739195150496307,0.009739195150496307,True,905.4211927358452,True,
1948.31,1948,31,888.9757742956455,0.36528571428571427,905.4211927358452,885.1094475277025,1949,0.5376525482940065,1949-04-29,-4.838706892689743,4.838706892689743,-0.005443013221056056,0.005443013221056056,False,905.4211927358452,,
1948.32,1948,32,833.0968272827496,0.38500000000000006,885.1094475277025,768.4460718744957,1949,0.503856961140607,1949-05-06,-55.87894701289588,55.87894701289588,-0.06707377243909585,0.06707377243909585,False,905.4211927358452,,
1948.33,1948,33,708.1569666511406,0.43442857142857144,751.6655881559767,666.8063237852695,1949,0.4282933334306098,1949-05-13,-124.93986063160901,124.93986063160901,-0.17642961449980077,0.17642961449980077,False,905.4211927358452,,
1948.34,1948,34,597.0944432294904,0.48671428571428565,654.21608557748,556.2195342976412,1949,0.3611227192651958,1949-05-20,-111.06252342165021,111.06252342165021,-0.1860049522835098,0.1860049522835098,False,905.4211927358452,,
1948.35,1948,35,508.84452837310494,0.545,542.0087505502821,470.1789493868897,1949,0.30774917076005387,1949-05-27,-88.24991485638543,88.24991485638543,-0.17343198154953354,0.17343198154953354,False,905.4211927358452,,
1948.36,1948,36,446.08605074929073,0.5998571428571429,462.56506724863937,426.6328809909446,1949,0.26979284349317106,1949-06-03,-62.7584776238142,62.7584776238142,-0.14068693140796218,0.14068693140796218,False,905.4211927358452,,
1948.37,1948,37,426.90674808119405,0.6221428571428571,440.0331111664572,408.00454625357366,1949,0.2581932012395062,1949-06-10,-19.179302668096682,19.179302668096682,-0.044926211062020834,0.044926211062020834,False,905.4211927358452,,
1948.38,1948,38,389.8346418503455,0.6639999999999999,402.90237744418727,370.36474529587133,1949,0.23577199139108895,1949-06-17,-37.07210623084853,37.07210623084853,-0.09509700332142423,0.09509700332142423,False,905.4211927358452,,
1948.39,1948,39,360.3488008427608,0.7000000000000001,360.34880084276085,360.34880084276085,1949,0.21793895474970174,1949-06-24,-29.485841007584725,29.485841007584725,-0.08182583357742587,0.08182583357742587,False,905.4211927358452,,
1948.4,1948,40,358.4330427772144,0.7017142857142857,360.34880084276085,346.9384943839358,1949,0.21678030427165926,1949-07-01,-1.915758065546413,1.915758065546413,-0.00534481433604089,0.00534481433604089,False,905.4211927358452,,
1948.41,1948,41,327.15708864882384,0.7447142857142856,338.3210417029997,323.62655383883583,1949,0.1978646072148086,1949-07-08,-31.275954128390538,31.275954128390538,-0.09559919443458154,0.09559919443458154,False,905.4211927358452,,
1948.42,1948,42,323.62655383883583,0.751,323.62655383883583,323.62655383883583,1949,0.19572933976172788,1949-07-15,-3.530534809988012,3.530534809988012,-0.01090928654682087,0.01090928654682087,False,905.4211927358452,,
1948.43,1948,43,302.0836910764835,0.7817142857142857,316.52242407738737,290.5219447532691,1949,0.18270021636305722,1949-07-22,-21.542862762352343,21.542862762352343,-0.07131421986266046,0.07131421986266046,False,905.4211927358452,,
1948.44,1948,44,284.1192688080233,0.8115714285714286,287.1870699602335,283.6079686159883,1949,0.1718353337750925,1949-07-29,-17.96442226846017,17.96442226846017,-0.06322845452836413,0.06322845452836413,False,905.4211927358452,,
1948.45,1948,45,283.28144081359375,0.8134285714285714,283.6079686159883,281.3222739992266,1949,0.17132861540406152,1949-08-05,-0.8378279944295741,0.8378279944295741,-0.0029575816616270525,0.0029575816616270525,False,905.4211927358452,,
1948.46,1948,46,264.84230597637617,0.8488571428571429,273.7644374568714,258.7976520087449,1949,0.1601766266545123,1949-08-12,-18.43913483721758,18.43913483721758,-0.0696230716208246,0.0696230716208246,False,905.4211927358452,,
1948.47,1948,47,248.30672958344076,0.8765714285714287,256.6827889882703,243.2796862142866,1949,0.150175910052065,1949-08-19,-16.53557639293541,16.53557639293541,-0.06659334775451106,0.06659334775451106,False,905.4211927358452,,
1948.48,1948,48,237.98759377864295,0.8915714285714286,243.2796862142866,234.76788002600708,1949,0.14393489671732324,1949-08-26,-10.31913580479781,10.31913580479781,-0.04335997369003968,0.04335997369003968,False,905.4211927358452,,
1948.49,1948,49,225.58124615274977,0.9158571428571428,231.43340615217082,220.53049583159046,1949,0.136431537673183,1949-09-02,-12.406347625893176,12.406347625893176,-0.05499724749943246,0.05499724749943246,False,905.4211927358452,,
1948.5,1948,50,220.53049583159049,0.926,220.53049583159046,220.53049583159046,1949,0.13337684387894586,1949-09-09,-5.050750321159285,5.050750321159285,-0.022902729629811935,0.022902729629811935,False,905.4211927358452,,
1948.51,1948,51,210.11090552335386,0.9400000000000001,220.53049583159046,200.2479822683398,1949,0.12707507566052442,1949-09-16,-10.419590308236621,10.419590308236621,-0.049590906679893784,0.049590906679893784,False,905.4211927358452,,
1948.52,1948,52,197.53358869422246,0.9614285714285715,200.2479822683398,192.89523707448373,1949,0.11946831444226572,1949-09-23,-12.577316829131405,12.577316829131405,-0.06367178823749721,0.06367178823749721,False,905.4211927358452,,
1948.53,1948,53,192.89523707448373,0.971,192.89523707448373,192.89523707448373,1949,0.01666614848323539,1949-09-30,-4.638351619738728,4.638351619738728,-0.024045962409884155,0.024045962409884155,False,905.4211927358452,,
1949.01,1949,1,186.83115361090998,0.9778571428571429,193.27466035303507,179.82651022652541,1949,0.11299548170387837,1949-10-01,-6.064083463573752,6.064083463573752,-0.032457560456981734,0.032457560456981734,False,5186.55444773476,,
1949.02,1949,2,172.55548494457452,0.9864285714285714,177.15463286652889,171.1379824381925,1949,0.1043615572944787,1949-10-08,-14.275668666335463,14.275668666335463,-0.08273088897128285,0.08273088897128285,False,5186.55444773476,,
1949.03,1949,3,171.1379824381925,0.987,171.1379824381925,171.1379824381925,1949,0.10350425177861884,1949-10-15,-1.4175025063820215,1.4175025063820215,-0.008282804823259857,0.008282804823259857,False,5186.55444773476,,True
1949.04,1949,4,171.1379824381925,0.987,171.1379824381925,171.1379824381925,1949,0.10350425177861884,1949-10-22,0.0,0.0,0.0,0.0,False,5186.55444773476,,
1949.05,1949,5,171.1379824381925,0.987,171.1379824381925,171.1379824381925,1949,0.10350425177861884,1949-10-29,0.0,0.0,0.0,0.0,False,5186.55444773476,,
1949.06,1949,6,177.97055908354963,0.9837142857142859,185.77870557191315,171.1379824381925,1949,0.10763659413373082,1949-11-05,6.832576645357136,6.832576645357136,0.03839161196403013,0.03839161196403013,False,5186.55444773476,,
1949.07,1949,7,191.2821028238212,0.9732857142857142,192.89523707448373,185.77870557191315,1949,0.11568741578784704,1949-11-12,13.31154374027156,13.31154374027156,0.06959116165997008,0.06959116165997008,False,5186.55444773476,,
1949.08,1949,8,203.05068227989676,0.9514285714285714,214.75310038088375,192.89523707448373,1949,0.12280505264288155,1949-11-19,11.768579456075571,11.768579456075571,0.05795882744118576,0.05795882744118576,False,5186.55444773476,,
1949.09,1949,9,234.08681552132006,0.9002857142857144,249.7991800258312,220.53049583159046,1949,0.14157570602729438,1949-11-26,31.0361332414233,31.0361332414233,0.13258385856676583,0.13258385856676583,False,5186.55444773476,,
1949.1,1949,10,273.0809589447726,0.8318571428571427,283.6079686159883,261.382924552137,1949,0.16515936396979844,1949-12-03,38.99414342345253,38.99414342345253,0.14279334441380306,0.14279334441380306,False,5186.55444773476,,
1949.11,1949,11,287.8668430990641,0.8057142857142857,302.30479186612183,283.6079686159883,1949,0.174101866706314,1949-12-10,14.785884154291523,14.785884154291523,0.051363623525072774,0.051363623525072774,False,5186.55444773476,,
1949.12,1949,12,328.06099000937655,0.7425714285714287,350.2192051008483,309.0284073518941,1949,0.19841128675767095,1949-12-17,40.19414691031244,40.19414691031244,0.12252034875942922,0.12252034875942922,False,5186.55444773476,,
1949.13,1949,13,386.11615374972797,0.6697142857142857,413.7323824701425,360.34880084276085,1949,0.2335230497878355,1949-12-24,58.05516374035142,58.05516374035142,0.15035673378737088,0.15035673378737088,False,5186.55444773476,,
1949.14,1949,14,444.36888525130735,0.6021428571428571,472.4927083802066,420.28892993659525,1949,0.26875430179999066,1949-12-31,58.252731501579376,58.252731501579376,0.1310909324099847,0.1310909324099847,False,5186.55444773476,,
1949.15,1949,15,530.7009415494956,0.5294285714285715,563.9275439778775,486.02502639130836,1950,0.32096792944913494,1950-01-07,86.33205629818826,86.33205629818826,0.16267552879428335,0.16267552879428335,False,5186.55444773476,,
1949.16,1949,16,596.0414932424145,0.4857142857142857,608.7950640130589,571.8920920403683,1950,0.3604858951130123,1950-01-14,65.3405516929189,65.3405516929189,0.10962416615909054,0.10962416615909054,False,5186.55444773476,,
1949.17,1949,17,640.8385377507932,0.46385714285714286,666.8063237852695,615.6277736669467,1950,0.38757914763167983,1950-01-21,44.79704450837869,44.79704450837869,0.06990379302968697,0.06990379302968697,False,5186.55444773476,,
1949.18,1949,18,708.0745219860621,0.4342857142857143,748.233943314839,673.1577568282033,1950,0.4282434708971704,1950-01-28,67.23598423526892,67.23598423526892,0.09495608463171396,0.09495608463171396,False,5186.55444773476,,
1949.19,1949,19,909.896039392284,0.36071428571428565,1117.0362502238706,768.4460718744957,1950,0.5503051246244532,1950-02-04,201.82151740622191,201.82151740622191,0.2218072270553213,0.2218072270553213,False,5186.55444773476,,
1949.2,1949,20,1807.7480738317706,0.19628571428571426,2155.2089572641244,1492.9232463956196,1950,1.093326035053455,1950-02-11,897.8520344394866,897.8520344394866,0.496668782247056,0.496668782247056,False,5186.55444773476,,
1949.21,1949,21,3371.8565736036153,0.071,4352.723084314373,2496.800686844093,1950,2.0392988557154665,1950-02-18,1564.1084997718447,1564.1084997718447,0.4638715988148422,0.4638715988148422,False,5186.55444773476,,
1949.22,1949,22,5049.362232249821,0.016714285714285716,5186.55444773476,4629.081161917657,1950,3.0538542780646916,1950-02-25,1677.505658646206,1677.505658646206,0.33222129478691953,0.33222129478691953,True,5186.55444773476,True,
1949.23,1949,23,4793.546492702603,0.019857142857142858,5044.696092568841,4594.912800663202,1950,2.8991369187865343,1950-03-04,-255.81573954721807,255.81573954721807,-0.053366696231413636,0.053366696231413636,False,5186.55444773476,,
1949.24,1949,24,4408.202055226635,0.027142857142857142,4685.510192210626,4140.75694918423,1950,2.6660806030010686,1950-03-11,-385.34443747596833,385.34443747596833,-0.08741533002532866,0.08741533002532866,False,5186.55444773476,,
1949.25,1949,25,3959.3804026882312,0.03842857142857143,4056.5448687282815,3886.053218431513,1950,2.3946332675458417,1950-03-18,-448.82165253840367,448.82165253840367,-0.1133565373596523,0.1133565373596523,False,5186.55444773476,,
1949.26,1949,26,3886.053218431513,0.04099999999999999,3886.053218431513,3886.053218431513,1950,2.3502849865073787,1950-03-25,-73.32718425671828,73.32718425671828,-0.018869320653903593,0.018869320653903593,False,5186.55444773476,,
1949.27,1949,27,3806.018866773002,0.04457142857142856,3886.053218431513,3734.2590342319786,1950,2.3018802106243115,1950-04-01,-80.03435165851079,80.03435165851079,-0.021028364403870986,0.021028364403870986,False,5186.55444773476,,
1949.28,1949,28,3696.8949814758525,0.048428571428571425,3709.973587521388,3639.447141738064,1950,2.2358820847965957,1950-04-08,-109.12388529714963,109.12388529714963,-0.029517713065678117,0.029517713065678117,False,5186.55444773476,,
1949.29,1949,29,3712.8586336960207,0.047857142857142855,3773.148259641381,3639.447141738064,1950,2.2455369016593534,1950-04-15,15.963652220168115,15.963652220168115,0.004299558317488877,0.004299558317488877,True,5186.55444773476,,
1949.3,1949,30,3638.6318150370457,0.05028571428571428,3709.973587521388,3530.1446963297662,1950,2.200644521734405,1950-04-22,-74.22681865897493,74.22681865897493,-0.020399650866631917,0.020399650866631917,False,5186.55444773476,,
1949.31,1949,31,3380.426944894156,0.06385714285714286,3496.150307110389,3210.822806441037,1950,2.0444822162719856,1950-04-29,-258.20487014288983,258.20487014288983,-0.0763823251772638,0.0763823251772638,False,5186.55444773476,,
1949.32,1949,32,2937.3298549010615,0.09128571428571428,3139.3228726318957,2742.499149867776,1950,1.7764970962441617,1950-05-06,-443.0970899930944,443.0970899930944,-0.15085030006206754,0.15085030006206754,False,5186.55444773476,,
1949.33,1949,33,2515.9396412429246,0.123,2680.6729909616597,2395.739198274402,1950,1.5216402950237207,1950-05-13,-421.3902136581369,421.3902136581369,-0.16748820470508652,0.16748820470508652,False,5186.55444773476,,
1949.34,1949,34,2163.3081262440132,0.15885714285714286,2363.8308777702473,2041.65817572948,1950,1.308368754752379,1950-05-20,-352.63151499891137,352.63151499891137,-0.16300568130863474,0.16300568130863474,False,5186.55444773476,,
1949.35,1949,35,1846.838128703594,0.19171428571428573,2004.1930578689712,1707.8301963432584,1950,1.1169677002399336,1950-05-27,-316.4699975404192,316.4699975404192,-0.17135773440121055,0.17135773440121055,False,5186.55444773476,,
1949.36,1949,36,1521.7366417663002,0.22785714285714284,1645.7136786211431,1431.7953534582748,1950,0.9203463209402584,1950-06-03,-325.1014869372939,325.1014869372939,-0.21363846937400693,0.21363846937400693,False,5186.55444773476,,
1949.37,1949,37,1272.7997941641668,0.2641428571428572,1392.1184694738974,1141.726989184771,1950,0.7697893155104881,1950-06-10,-248.9368476021334,248.9368476021334,-0.19558209291321219,0.19558209291321219,False,5186.55444773476,,
1949.38,1949,38,1047.839724770963,0.31685714285714284,1125.7884692412713,952.4350838829193,1950,0.6337334655414784,1950-06-17,-224.96006939320387,224.96006939320387,-0.2146893881527308,0.2146893881527308,False,5186.55444773476,,
1949.39,1949,39,845.3309487925169,0.3811428571428572,941.1240560143013,751.6655881559767,1950,0.5112561578297142,1950-06-24,-202.508775978446,202.508775978446,-0.2395615306262151,0.2395615306262151,False,5186.55444773476,,
1949.4,1949,40,689.8034483437377,0.44185714285714284,739.6475434553279,630.1125986840717,1950,0.41719312555829263,1950-07-01,-155.52750044877916,155.52750044877916,-0.22546640035246368,0.22546640035246368,False,5186.55444773476,,
1949.41,1949,41,577.6504158049856,0.4971428571428572,615.6277736669467,548.1781559247493,1950,0.34936297147885537,1950-07-08,-112.15303253875209,112.15303253875209,-0.1941538159934691,0.1941538159934691,False,5186.55444773476,,
1949.42,1949,42,516.5168432527641,0.5395714285714287,542.0087505502821,489.3436243127323,1950,0.31238938679927175,1950-07-15,-61.133572552221494,61.133572552221494,-0.1183573650129837,0.1183573650129837,False,5186.55444773476,,
1949.43,1949,43,469.02255796152895,0.5750000000000001,486.02502639130836,453.07261391760653,1950,0.2836648430551326,1950-07-22,-47.4942852912352,47.4942852912352,-0.101262262304942,0.101262262304942,False,5186.55444773476,,
1949.44,1949,44,432.2262676960719,0.6147142857142857,445.541354005931,420.28892993659525,1950,0.26141044670258423,1950-07-29,-36.79629026545706,36.79629026545706,-0.08513200843066547,0.08513200843066547,False,5186.55444773476,,
1949.45,1949,45,405.3114727241569,0.6467142857142857,417.85777193562865,389.13393637134163,1950,0.24513237870357016,1950-08-05,-26.914794971915,26.914794971915,-0.06640521372616665,0.06640521372616665,False,5186.55444773476,,
1949.46,1949,46,367.10195026668816,0.6920000000000001,380.8369423592014,360.34880084276085,1950,0.222023259521293,1950-08-12,-38.20952245746872,38.20952245746872,-0.10408422627477378,0.10408422627477378,False,5186.55444773476,,
1949.47,1949,47,346.3676135438183,0.7165714285714285,360.34880084276085,329.2057950036568,1950,0.2094831326713013,1950-08-19,-20.73433672286984,20.73433672286984,-0.05986222704463903,0.05986222704463903,False,5186.55444773476,,
1949.48,1949,48,312.392249801595,0.7667142857142857,323.62655383883583,302.30479186612183,1950,0.18893483268000466,1950-08-26,-33.975363742223294,33.975363742223294,-0.10875866403152304,0.10875866403152304,False,5186.55444773476,,
1949.49,1949,49,286.69487941783444,0.8065714285714286,294.72326674738565,283.6079686159883,1950,0.1733930630719063,1950-09-02,-25.697370383760585,25.697370383760585,-0.08963316832146402,0.08963316832146402,False,5186.55444773476,,
1949.5,1949,50,275.94767332606915,0.8267142857142858,283.6079686159883,266.78604271350054,1950,0.16689315282760664,1950-09-09,-10.747206091765293,10.747206091765293,-0.03894653635678975,0.03894653635678975,False,5186.55444773476,,
1949.51,1949,51,252.12106111134477,0.8708571428571429,264.1051871975735,234.76788002600708,1950,0.15248281776014133,1950-09-16,-23.826612214724378,23.826612214724378,-0.09450464832131489,0.09450464832131489,False,5186.55444773476,,
1949.52,1949,52,224.07682644216976,0.9188571428571429,234.76788002600708,220.53049583159046,1950,0.13552166463222423,1950-09-23,-28.04423466917501,28.04423466917501,-0.12515455129588213,0.12515455129588213,False,5186.55444773476,,
1949.53,1949,53,220.53049583159046,0.9259999999999999,220.53049583159046,220.53049583159046,1950,0.01905383483984941,1950-09-30,-3.5463306105793038,3.5463306105793038,-0.01608090798148607,0.01608090798148607,False,5186.55444773476,,
1950.01,1950,1,217.08148458359983,0.9298571428571428,220.53049583159046,202.1648125463628,1950,0.13129088187616114,1950-10-01,-3.449011247990626,3.449011247990626,-0.015888094991640726,0.015888094991640726,False,4401.902674556776,,
1950.02,1950,2,212.8586794287546,0.9349999999999998,220.53049583159046,206.59664326312716,1950,0.12873692931851077,1950-10-08,-4.222805154845219,4.222805154845219,-0.0198385387252138,0.0198385387252138,False,4401.902674556776,,
1950.03,1950,3,198.95716857527296,0.9575714285714286,209.2745177174335,192.89523707448373,1950,0.12032929555432506,1950-10-15,-13.901510853481653,13.901510853481653,-0.06987187721372397,0.06987187721372397,False,4401.902674556776,,
1950.04,1950,4,192.89523707448373,0.971,192.89523707448373,192.89523707448373,1950,0.11666303938264773,1950-10-22,-6.061931500789228,6.061931500789228,-0.03142602996697373,0.03142602996697373,False,4401.902674556776,,True
1950.05,1950,5,200.25947872803462,0.9541428571428572,201.17011281861932,194.7956741845264,1950,0.12111693273471535,1950-10-29,7.364241653550891,7.364241653550891,0.03677349856458984,0.03677349856458984,False,4401.902674556776,,
1950.06,1950,6,211.11387284083656,0.9372857142857143,220.53049583159046,201.17011281861932,1950,0.1276816702941379,1950-11-05,10.854394112801941,10.854394112801941,0.05141487845749156,0.05141487845749156,False,4401.902674556776,,
1950.07,1950,7,220.53049583159049,0.926,220.53049583159046,220.53049583159046,1950,0.13337684387894586,1950-11-12,9.416622990753922,9.416622990753922,0.0426998676770082,0.0426998676770082,False,4401.902674556776,,
1950.08,1950,8,231.39112957043432,0.9058571428571429,249.7991800258312,220.53049583159046,1950,0.13994535516419868,1950-11-19,10.86063373884383,10.86063373884383,0.04693625792400096,0.04693625792400096,False,4401.902674556776,,
1950.09,1950,9,279.3692945745627,0.8198571428571427,294.72326674738565,261.382924552137,1950,0.1689625493586955,1950-11-26,47.97816500412836,47.97816500412836,0.17173743119189913,0.17173743119189913,False,4401.902674556776,,
1950.1,1950,10,312.1038918188437,0.767,325.6607962357874,299.18021087320443,1950,0.18876043377203663,1950-12-03,32.73459724428102,32.73459724428102,0.10488365605925015,0.10488365605925015,False,4401.902674556776,,
1950.11,1950,11,357.6537580680346,0.7027142857142857,380.8369423592014,331.6115672476363,1950,0.21630899287954736,1950-12-10,45.54986624919093,45.54986624919093,0.12735743780588546,0.12735743780588546,False,4401.902674556776,,
1950.12,1950,12,398.60971503148687,0.6545714285714286,413.7323824701425,386.53109723034976,1950,0.24107915565104326,1950-12-17,40.95595696345225,40.95595696345225,0.10274701147265583,0.10274701147265583,False,4401.902674556776,,
1950.13,1950,13,433.9865672636738,0.6127142857142857,459.26044279675483,420.28892993659525,1950,0.26247507588106994,1950-12-24,35.376852232186934,35.376852232186934,0.08151600740834289,0.08151600740834289,False,4401.902674556776,,
1950.14,1950,14,486.9109028732151,0.5588571428571429,512.1178199937132,472.4927083802066,1950,0.2944837140577205,1950-12-31,52.92433560954129,52.92433560954129,0.10869408611973935,0.10869408611973935,False,4401.902674556776,,
1950.15,1950,15,585.7618409492006,0.49514285714285716,647.6489852382476,523.0192327708844,1951,0.3542687614060766,1951-01-07,98.85093807598554,98.85093807598554,0.16875619264614788,0.16875619264614788,False,4401.902674556776,,
1950.16,1950,16,593.8188688222397,0.48600000000000004,608.7950640130589,589.2318351168824,1951,0.3591416518636905,1951-01-14,8.057027873039033,8.057027873039033,0.013568157389506787,0.013568157389506787,False,4401.902674556776,,
1950.17,1950,17,624.8016368283136,0.4707142857142857,647.6489852382476,608.7950640130589,1951,0.37788002995376413,1951-01-21,30.98276800607391,30.98276800607391,0.04958816715550239,0.04958816715550239,False,4401.902674556776,,
1950.18,1950,18,681.9582368910922,0.44571428571428573,702.6560160658968,654.21608557748,1951,0.41244834167173255,1951-01-28,57.15660006277858,57.15660006277858,0.08381246382966764,0.08381246382966764,False,4401.902674556776,,
1950.19,1950,19,738.7931444747194,0.4201428571428571,768.4460718744957,705.8654488603318,1951,0.4468220937783103,1951-02-04,56.83490758362723,56.83490758362723,0.07692939222390423,0.07692939222390423,False,4401.902674556776,,
1950.2,1950,20,834.5130782935697,0.3848571428571429,891.8619896951615,779.3663976124346,1951,0.504713509751951,1951-02-11,95.71993381885034,95.71993381885034,0.1147015383085194,0.1147015383085194,False,4401.902674556776,,
1950.21,1950,21,1043.043109202714,0.3191428571428571,1141.726989184771,924.6839937244496,1951,0.6308324724458013,1951-02-18,208.53003090914433,208.53003090914433,0.19992465226920625,0.19992465226920625,False,4401.902674556776,,
1950.22,1950,22,1526.2427806824458,0.23085714285714287,2041.65817572948,1186.6620966242278,1951,0.9230716337567431,1951-02-25,483.1996714797317,483.1996714797317,0.31659423886917476,0.31659423886917476,False,4401.902674556776,,
1950.23,1950,23,2781.2823776371324,0.10557142857142855,3452.248381930785,2217.372657831301,1951,1.6821195819949377,1951-03-04,1255.0395969546867,1255.0395969546867,0.45124493904172314,0.45124493904172314,False,4401.902674556776,,
1950.24,1950,24,4133.802633893712,0.03428571428571429,4305.170852711009,3803.114617748527,1951,2.5001238329789173,1951-03-11,1352.5202562565792,1352.5202562565792,0.3271854938518468,0.3271854938518468,False,4401.902674556776,,
1950.25,1950,25,4305.141399334428,0.03,4401.902674556776,4110.977625580697,1951,2.6037495183174624,1951-03-18,171.3387654407161,171.3387654407161,0.03979863831353018,0.03979863831353018,True,4401.902674556776,True,
1950.26,1950,26,3795.428668269127,0.04471428571428571,4036.981563379165,3537.052200710891,1951,2.2954752585691676,1951-03-25,-509.7127310653009,509.7127310653009,-0.13429648548704015,0.13429648548704015,False,4401.902674556776,,
1950.27,1950,27,3317.984704613221,0.0672857142857143,3488.168641405712,3122.545576863084,1951,2.0067171493500755,1951-04-01,-477.4439636559059,477.4439636559059,-0.1438957699208447,0.1438957699208447,False,4401.902674556776,,
1950.28,1950,28,3013.317984146982,0.08528571428571428,3080.145690401829,2963.5533446484865,1951,1.8224547168120941,1951-04-08,-304.666720466239,304.666720466239,-0.10110672755715984,0.10110672755715984,False,4401.902674556776,,
1950.29,1950,29,2922.7472745214686,0.09242857142857143,2942.868341840209,2914.698847593973,1951,1.7676775516305847,1951-04-15,-90.57070962551325,90.57070962551325,-0.03098821113102982,0.03098821113102982,False,4401.902674556776,,
1950.3,1950,30,2894.1015909975345,0.09457142857142856,2914.698847593973,2873.0524012848505,1951,1.7503526422353084,1951-04-22,-28.645683523934167,28.645683523934167,-0.009897953690720517,0.009897953690720517,False,4401.902674556776,,
1950.31,1950,31,2820.5089018541235,0.09957142857142856,2873.0524012848505,2782.206511497961,1951,1.7058437838413743,1951-04-29,-73.59268914341101,73.59268914341101,-0.026091989674286522,0.026091989674286522,False,4401.902674556776,,
1950.32,1950,32,2747.3782216638683,0.105,2782.206511497961,2697.0639055583683,1951,1.6616143484623076,1951-05-06,-73.13068019025513,73.13068019025513,-0.026618351857636006,0.026618351857636006,False,4401.902674556776,,
1950.33,1950,33,2618.17487822727,0.11499999999999999,2671.4046921253907,2554.4498794101723,1951,1.5834721663518527,1951-05-13,-129.20334343659852,129.20334343659852,-0.049348630036539165,0.049348630036539165,False,4401.902674556776,,
1950.34,1950,34,2404.0325868108143,0.13271428571428573,2542.9744128795624,2301.531632213161,1951,1.4539589085031799,1951-05-20,-214.14229141645546,214.14229141645546,-0.08907628481880783,0.08907628481880783,False,4401.902674556776,,
1950.35,1950,35,2195.331139804383,0.15542857142857144,2276.101843596241,2102.0563354773317,1951,1.3277362733536908,1951-05-27,-208.7014470064314,208.7014470064314,-0.09506604412536504,0.09506604412536504,False,4401.902674556776,,
1950.36,1950,36,1992.1380234110143,0.17742857142857144,2094.7380107984795,1881.0436962338129,1951,1.204845076558981,1951-06-03,-203.19311639336865,203.19311639336865,-0.10199750921146201,0.10199750921146201,False,4401.902674556776,,
1950.37,1950,37,1719.2773418263823,0.20485714285714288,1832.2961330880007,1609.5195834351925,1951,1.0398189363365962,1951-06-10,-272.86068158463195,272.86068158463195,-0.15870661175280365,0.15870661175280365,False,4401.902674556776,,
1950.38,1950,38,1484.2808106678442,0.23285714285714285,1589.152359062425,1365.945584949549,1951,0.8976930342919122,1951-06-17,-234.99653115853812,234.99653115853812,-0.1583234988080205,0.1583234988080205,False,4401.902674556776,,
1950.39,1950,39,1216.0513579879519,0.2732857142857143,1327.7083044595875,1127.726717014242,1951,0.7354678613111134,1951-06-24,-268.22945267989235,268.22945267989235,-0.22057411549105796,0.22057411549105796,False,4401.902674556776,,
1950.4,1950,40,1035.3504303122186,0.321,1096.4988223473633,952.4350838829193,1951,0.6261799402528299,1951-07-01,-180.70092767573328,180.70092767573328,-0.17453117551826525,0.17453117551826525,False,4401.902674556776,,
1950.41,1950,41,868.7191381587844,0.37242857142857144,941.1240560143013,794.2548359930772,1951,0.5254013347584329,1951-07-08,-166.63129215343417,166.63129215343417,-0.1918126179499194,0.1918126179499194,False,4401.902674556776,,
1950.42,1950,42,713.2349805460375,0.43185714285714294,768.4460718744957,654.21608557748,1951,0.43136451623424354,1951-07-15,-155.4841576127469,155.4841576127469,-0.21799850239217314,0.21799850239217314,False,4401.902674556776,,
1950.43,1950,43,605.6135168924272,0.4807142857142857,647.6489852382476,571.8920920403683,1951,0.36627505501653995,1951-07-22,-107.62146365361025,107.62146365361025,-0.17770650860939524,0.17770650860939524,False,4401.902674556776,,
1950.44,1950,44,550.9542294830848,0.5155714285714286,563.9275439778775,532.5192229643311,1951,0.3332171179913697,1951-07-29,-54.65928740934248,54.65928740934248,-0.09920839968979786,0.09920839968979786,False,4401.902674556776,,
1950.45,1950,45,498.42719088389975,0.5512857142857143,527.3375978981461,472.4927083802066,1951,0.3014487650465825,1951-08-05,-52.527038599185005,52.527038599185005,-0.10538558000022975,0.10538558000022975,False,4401.902674556776,,
1950.46,1950,46,454.1630074770705,0.5914285714285714,467.1571483252964,442.79918136912596,1951,0.2746777869221323,1951-08-12,-44.26418340682926,44.26418340682926,-0.09746320743453339,0.09746320743453339,False,4401.902674556776,,
1950.47,1950,47,425.81069180134494,0.6232857142857142,440.0331111664572,413.7323824701425,1951,0.2575303064014534,1951-08-19,-28.35231567572555,28.35231567572555,-0.06658432073601586,0.06658432073601586,False,4401.902674556776,,
1950.48,1950,48,398.6097150314868,0.6545714285714286,413.7323824701425,386.53109723034976,1951,0.24107915565104326,1951-08-26,-27.20097676985813,27.20097676985813,-0.06823962323073204,0.06823962323073204,False,4401.902674556776,,
1950.49,1950,49,368.6203147163321,0.6900000000000001,380.8369423592014,353.9823107128336,1951,0.22294156634043769,1951-09-02,-29.98940031515474,29.98940031515474,-0.08135579922726931,0.08135579922726931,False,4401.902674556776,,
1950.5,1950,50,338.577885208551,0.7262857142857142,350.2192051008483,329.2057950036568,1951,0.20477190497413164,1951-09-09,-30.042429507781094,30.042429507781094,-0.0887312220326384,0.0887312220326384,False,4401.902674556776,,
1950.51,1950,51,311.74758369805306,0.7682857142857143,325.6607962357874,294.72326674738565,1951,0.18854493862058253,1951-09-16,-26.830301510497918,26.830301510497918,-0.08606418433858572,0.08606418433858572,False,4401.902674556776,,
1950.52,1950,52,282.2580704330339,0.8127142857142857,290.5219447532691,275.9224808516464,1951,0.17070968099789885,1951-09-23,-29.489513265019184,29.489513265019184,-0.10447713052022586,0.10447713052022586,False,4401.902674556776,,
1950.53,1950,53,273.7644374568714,0.8280000000000001,273.7644374568714,273.7644374568714,1951,0.023653247396273686,1951-09-30,-8.493632976162473,8.493632976162473,-0.03102533351323454,0.03102533351323454,False,4401.902674556776,,
1951.01,1951,1,268.05056188309084,0.8421428571428571,271.2725109404546,261.382924552137,1951,0.16211697982689333,1951-10-01,-5.7138755737805695,5.7138755737805695,-0.021316409611827836,0.021316409611827836,False,6170.049530809099,,
1951.02,1951,2,261.99224140106196,0.8557142857142858,266.78604271350054,256.6827889882703,1951,0.15845290759936229,1951-10-08,-6.058320482028876,6.058320482028876,-0.023124045390163675,0.023124045390163675,False,6170.049530809099,,True
1951.03,1951,3,265.4732494833276,0.8480000000000001,273.7644374568714,261.382924552137,1951,0.16055822128751657,1951-10-15,3.481008082265646,3.481008082265646,0.013112462702138514,0.013112462702138514,False,6170.049530809099,,
1951.04,1951,4,319.15408774046017,0.7578571428571428,373.01012538244936,302.30479186612183,1951,0.19302439226543033,1951-10-22,53.680838257132564,53.680838257132564,0.16819724490192475,0.16819724490192475,False,6170.049530809099,,
1951.05,1951,5,317.4000567896442,0.7591428571428571,335.4728177879068,306.020121877383,1951,0.19196355434637682,1951-10-29,-1.7540309508159453,1.7540309508159453,-0.0055262464933282076,0.0055262464933282076,False,6170.049530809099,,
1951.06,1951,6,310.4655583100251,0.7685714285714286,316.52242407738737,306.020121877383,1951,0.18776956966590314,1951-11-05,-6.934498479619151,6.934498479619151,-0.022335805998469214,0.022335805998469214,False,6170.049530809099,,
1951.07,1951,7,323.55564161785253,0.7507142857142857,331.6115672476363,316.52242407738737,1951,0.1956864520504772,1951-11-12,13.090083307827456,13.090083307827456,0.04045697748422507,0.04045697748422507,False,6170.049530809099,,
1951.08,1951,8,347.52126637751,0.7134285714285714,364.6825175805071,331.6115672476363,1951,0.21018086190511806,1951-11-19,23.965624759657487,23.965624759657487,0.06896160631972315,0.06896160631972315,False,6170.049530809099,,
1951.09,1951,9,438.79051842918756,0.6095714285714285,470.1789493868897,380.8369423592014,1951,0.2653805055459726,1951-11-26,91.26925205167754,91.26925205167754,0.20800187838700226,0.20800187838700226,False,6170.049530809099,,
1951.1,1951,10,456.09347515792484,0.59,459.26044279675483,453.07261391760653,1951,0.27584533377551296,1951-12-03,17.302956728737286,17.302956728737286,0.03793730380103781,0.03793730380103781,False,6170.049530809099,,
1951.11,1951,11,485.6900989038958,0.5622857142857143,516.7730027239134,459.26044279675483,1951,0.2937453718170762,1951-12-10,29.59662374597093,29.59662374597093,0.06093725981395239,0.06093725981395239,False,6170.049530809099,,
1951.12,1951,12,541.2667856769714,0.5227142857142858,550.9983234585969,527.3375978981461,1951,0.3273581519774323,1951-12-17,55.57668677307561,55.57668677307561,0.1026789159130925,0.1026789159130925,False,6170.049530809099,,
1951.13,1951,13,899.6705499549682,0.3715714285714285,1127.726717014242,556.2195342976412,1951,0.5441207486127648,1951-12-24,358.40376427799686,358.40376427799686,0.398372231141651,0.398372231141651,False,6170.049530809099,,
1951.14,1951,14,1083.7232931383144,0.30657142857142855,1141.726989184771,1022.7291742398579,1951,0.6554358476900525,1951-12-31,184.05274318334614,184.05274318334614,0.16983370602873596,0.16983370602873596,False,6170.049530809099,,
1951.15,1951,15,1384.094995653984,0.2472857142857143,1528.8393753592509,1172.2200796855432,1952,0.8371006533715294,1952-01-07,300.37170251566954,300.37170251566954,0.21701668126741844,0.21701668126741844,False,6170.049530809099,,
1951.16,1951,16,1574.755439393748,0.221,1645.7136786211431,1511.0711996298642,1952,0.9524120897453388,1952-01-14,190.6604437397641,190.6604437397641,0.12107304980204728,0.12107304980204728,False,6170.049530809099,,
1951.17,1951,17,1989.612984599254,0.17714285714285713,2221.9458555412634,1677.712303316742,1952,1.203317933085629,1952-01-21,414.8575452055061,414.8575452055061,0.2085116796164588,0.2085116796164588,False,6170.049530809099,,
1951.18,1951,18,2645.9704576854792,0.11328571428571428,2895.457390346268,2345.660513136817,1952,1.6002829328081778,1952-01-28,656.3574730862251,656.3574730862251,0.2480592597622437,0.2480592597622437,False,6170.049530809099,,
1951.19,1951,19,3177.1920681523347,0.07528571428571429,3313.0406406455268,2963.5533446484865,1952,1.921565762818532,1952-02-04,531.2216104668555,531.2216104668555,0.16719845671016745,0.16719845671016745,False,6170.049530809099,,
1951.2,1951,20,3411.906780711301,0.062285714285714285,3512.0650056347804,3313.0406406455268,1952,2.0635212209741947,1952-02-11,234.7147125589663,234.7147125589663,0.06879282689840485,0.06879282689840485,False,6170.049530809099,,
1951.21,1951,21,3972.823786889024,0.03828571428571429,4027.02207729478,3838.440338898785,1952,2.4027638263104816,1952-02-18,560.9170061777231,560.9170061777231,0.14118849369278397,0.14118849369278397,False,6170.049530809099,,
1951.22,1951,22,4715.134159495144,0.02285714285714286,5588.707650475971,4076.122635680716,1952,2.851713139662663,1952-02-25,742.3103726061195,742.3103726061195,0.15743144256272865,0.15743144256272865,False,6170.049530809099,,
1951.23,1951,23,6027.341431394379,0.005999999999999998,6170.049530809099,5748.692548517587,1952,3.64533609770732,1952-03-03,1312.207271899235,1312.207271899235,0.21770913209999884,0.21770913209999884,True,6170.049530809099,True,
1951.24,1951,24,6013.344462573262,0.006142857142857143,6170.049530809099,5866.99193481021,1952,3.636870730964309,1952-03-10,-13.996968821116752,13.996968821116752,-0.002327651260996796,0.002327651260996796,False,6170.049530809099,,
1951.25,1951,25,5529.766198041222,0.010285714285714287,5729.699716339879,5307.780230671744,1952,3.344402596575331,1952-03-17,-483.5782645320396,483.5782645320396,-0.08745003806912031,0.08745003806912031,False,6170.049530809099,,
1951.26,1951,26,4897.12677594743,0.018714285714285715,5223.29812507259,4525.162733396875,1952,2.961782274093006,1952-03-24,-632.6394220937918,632.6394220937918,-0.12918583713230444,0.12918583713230444,False,6170.049530809099,,
1951.27,1951,27,4178.093360568293,0.03257142857142857,4462.335028912899,3970.8114329461437,1952,2.526910864471704,1952-03-31,-719.0334153791373,719.0334153791373,-0.17209606232478641,0.17209606232478641,False,6170.049530809099,,
1951.28,1951,28,3733.4588490577057,0.046857142857142854,3920.4735878326787,3530.1446963297662,1952,2.2579959119101005,1952-04-07,-444.63451151058734,444.63451151058734,-0.11909452587720619,0.11909452587720619,False,6170.049530809099,,
1951.29,1951,29,3420.4145887554537,0.06128571428571429,3537.052200710891,3185.838009938993,1952,2.068666743279298,1952-04-14,-313.04426030225204,313.04426030225204,-0.0915223146724315,0.0915223146724315,False,6170.049530809099,,
1951.3,1951,30,2888.1703473083544,0.09485714285714285,3080.145690401829,2671.4046921253907,1952,1.7467654260520928,1952-04-21,-532.2442414470993,532.2442414470993,-0.18428422753634568,0.18428422753634568,False,6170.049530809099,,
1951.31,1951,31,2450.808564094026,0.12914285714285714,2645.619049709331,2276.101843596241,1952,1.4822490195640667,1952-04-28,-437.36178321432817,437.36178321432817,-0.17845611836924716,0.17845611836924716,False,6170.049530809099,,
1951.32,1951,32,2088.0446515695958,0.16685714285714284,2231.78898915399,1921.651232388288,1952,1.2628494052692916,1952-05-05,-362.76391252443045,362.76391252443045,-0.1737337907270032,0.1737337907270032,False,6170.049530809099,,
1951.33,1951,33,1739.4851698158254,0.20285714285714285,1871.7016074586716,1609.5195834351925,1952,1.0520406307046113,1952-05-12,-348.55948175377034,348.55948175377034,-0.20038082980073663,0.20038082980073663,False,6170.049530809099,,
1951.34,1951,34,1459.517676045812,0.23614285714285715,1551.1556592265113,1365.945584949549,1952,0.8827162904725072,1952-05-19,-279.96749377001333,279.96749377001333,-0.1918219274524398,0.1918219274524398,False,6170.049530809099,,
1951.35,1951,35,1218.5881925247336,0.27214285714285713,1327.7083044595875,1141.726989184771,1952,0.7370021388389588,1952-05-26,-240.9294835210785,240.9294835210785,-0.19771197932084705,0.19771197932084705,False,6170.049530809099,,
1951.36,1951,36,1076.6928803931717,0.30971428571428566,1127.726717014242,1022.7291742398579,1952,0.6511838540617902,1952-06-02,-141.89531213156192,141.89531213156192,-0.13178810291728368,0.13178810291728368,False,6170.049530809099,,
1951.37,1951,37,901.4502722284361,0.36171428571428577,971.4321659369264,819.2739407352476,1952,0.5451971246437581,1952-06-09,-175.24260816473554,175.24260816473554,-0.19440074906353502,0.19440074906353502,False,6170.049530809099,,
1951.38,1951,38,735.6830449253806,0.4225714285714286,794.2548359930772,684.6893499137433,1952,0.44494110557087024,1952-06-16,-165.7672273030555,165.7672273030555,-0.2253242458780181,0.2253242458780181,False,6170.049530809099,,
1951.39,1951,39,630.526257809546,0.46871428571428575,666.8063237852695,601.777842158206,1952,0.38134228072321347,1952-06-23,-105.15678711583462,105.15678711583462,-0.16677622194696579,0.16677622194696579,False,6170.049530809099,,
1951.4,1951,40,560.4052046431797,0.508,583.0034913422678,542.0087505502821,1952,0.33893306776819504,1952-06-30,-70.12105316636632,70.12105316636632,-0.1251256280016416,0.1251256280016416,False,6170.049530809099,,
1951.41,1951,41,509.1621194789771,0.5442857142857143,532.5192229643311,486.02502639130836,1952,0.3079412498608853,1952-07-07,-51.24308516420257,51.24308516420257,-0.10064198259021968,0.10064198259021968,False,6170.049530809099,,
1951.42,1951,42,472.17689913823233,0.5717142857142858,486.02502639130836,462.56506724863937,1952,0.2855725885988029,1952-07-14,-36.985220340744775,36.985220340744775,-0.0783291609738772,0.0783291609738772,False,6170.049530809099,,
1951.43,1951,43,445.71677066153853,0.6004285714285714,459.26044279675483,430.9578316629287,1952,0.2695695028960985,1952-07-21,-26.460128476693797,26.460128476693797,-0.05936534189059419,0.05936534189059419,False,6170.049530809099,,
1951.44,1951,44,418.0559504676603,0.632,426.6328809909446,402.90237744418727,1952,0.252840238842841,1952-07-28,-27.660820193878237,27.660820193878237,-0.06616535457260046,0.06616535457260046,False,6170.049530809099,,
1951.45,1951,45,390.84273086946325,0.6635714285714285,402.90237744418727,380.8369423592014,1952,0.2363816836298514,1952-08-04,-27.213219598197043,27.213219598197043,-0.06962703268820913,0.06962703268820913,False,6170.049530809099,,
1951.46,1951,46,372.9881451684561,0.6851428571428573,380.8369423592014,360.34880084276085,1952,0.22558323019788223,1952-08-11,-17.85458570100718,17.85458570100718,-0.04786904337922952,0.04786904337922952,False,6170.049530809099,,
1951.47,1951,47,346.04499196198583,0.714857142857143,353.9823107128336,338.3210417029997,1952,0.20928801113860904,1952-08-18,-26.943153206470242,26.943153206470242,-0.07786026046413651,0.07786026046413651,False,6170.049530809099,,
1951.48,1951,48,328.6879501714708,0.7418571428571428,335.4728177879068,323.62655383883583,1952,0.1987904722637055,1952-08-25,-17.35704179051504,17.35704179051504,-0.0528070523469454,0.0528070523469454,False,6170.049530809099,,
1951.49,1951,49,316.85125758189935,0.7601428571428571,323.62655383883583,306.020121877383,1952,0.19163164058553267,1952-09-01,-11.836692589571442,11.836692589571442,-0.03735725298963633,0.03735725298963633,False,6170.049530809099,,
1951.5,1951,50,290.4184965233691,0.799,299.18021087320443,283.6079686159883,1952,0.17564510669733366,1952-09-08,-26.432761058530275,26.432761058530275,-0.09101610735872435,0.09101610735872435,False,6170.049530809099,,
1951.51,1951,51,279.0150870137377,0.8200000000000001,283.6079686159883,271.2725109404546,1952,0.16874832462590855,1952-09-15,-11.403409509631388,11.403409509631388,-0.04087022544795194,0.04087022544795194,False,6170.049530809099,,
1951.52,1951,52,261.4493740020169,0.8567142857142857,266.78604271350054,258.7976520087449,1952,0.15812458139641977,1952-09-22,-17.56571301172079,17.56571301172079,-0.06718590579446283,0.06718590579446283,False,6170.049530809099,,
1951.53,1951,53,258.7976520087449,0.862,258.7976520087449,258.7976520087449,1952,0.044720234267111116,1952-09-29,-2.6517219932720195,2.6517219932720195,-0.010246313954897925,0.010246313954897925,False,6170.049530809099,,
1952.01,1952,1,243.4798512915325,0.884142857142857,249.7991800258312,239.64129376144416,1952,0.14725661406111887,1952-10-01,-15.317800717212378,15.317800717212378,-0.06291198485607538,0.06291198485607538,False,5886.181288951835,,
1952.02,1952,2,233.78932725001775,0.9001428571428571,239.64129376144416,226.3790707324809,1952,0.14139578512081075,1952-10-08,-9.690524041514749,9.690524041514749,-0.04144981362280734,0.04144981362280734,False,5886.181288951835,,
1952.03,1952,3,225.3212743102528,0.9158571428571428,234.76788002600708,220.53049583159046,1952,0.13627430670284083,1952-10-15,-8.46805293976496,8.46805293976496,-0.03758212785582332,0.03758212785582332,False,5886.181288951835,,True
1952.04,1952,4,239.26631634068528,0.8907142857142858,249.7991800258312,234.76788002600708,1952,0.14470826812284646,1952-10-22,13.94504203043249,13.94504203043249,0.058282512322279816,0.058282512322279816,False,5886.181288951835,,
1952.05,1952,5,257.6295372123065,0.8618571428571428,270.26224589706084,249.7991800258312,1952,0.15581434410600298,1952-10-29,18.363220871621223,18.363220871621223,0.07127762239656751,0.07127762239656751,False,5886.181288951835,,
1952.06,1952,6,286.58466347111147,0.8055714285714285,294.72326674738565,275.9224808516464,1952,0.17332640446732825,1952-11-05,28.955126258804967,28.955126258804967,0.10103515627145108,0.10103515627145108,False,5886.181288951835,,
1952.07,1952,7,322.838168507024,0.7497142857142858,340.5953058875766,302.30479186612183,1952,0.19525252431304813,1952-11-12,36.25350503591255,36.25350503591255,0.11229621702900902,0.11229621702900902,False,5886.181288951835,,
1952.08,1952,8,356.26060276659075,0.7042857142857144,373.01012538244936,340.5953058875766,1952,0.21546641255323412,1952-11-19,33.42243425956673,33.42243425956673,0.09381456720170632,0.09381456720170632,False,5886.181288951835,,
1952.09,1952,9,384.4133626147398,0.6717142857142857,408.00454625357366,373.01012538244936,1952,0.2324932017093946,1952-11-26,28.15275984814906,28.15275984814906,0.07323564315417369,0.07323564315417369,False,5886.181288951835,,
1952.1,1952,10,420.28892993659525,0.63,420.28892993659525,420.28892993659525,1952,0.2541907448256528,1952-12-03,35.87556732185544,35.87556732185544,0.0853592963470811,0.0853592963470811,False,5886.181288951835,,
1952.11,1952,11,409.81983300321684,0.6427142857142857,413.7323824701425,402.90237744418727,1952,0.2478590350003456,1952-12-10,-10.46909693337841,10.46909693337841,-0.02554560831441321,0.02554560831441321,False,5886.181288951835,,
1952.12,1952,12,424.177342669169,0.6241428571428572,430.9578316629287,413.7323824701425,1952,0.25654245684631344,1952-12-17,14.357509665952136,14.357509665952136,0.03384789384460374,0.03384789384460374,False,5886.181288951835,,
1952.13,1952,13,464.3874243806179,0.5797142857142857,479.56309760929685,442.79918136912596,1952,0.2808615142653977,1952-12-24,40.210081711448936,40.210081711448936,0.0865873613289154,0.0865873613289154,False,5886.181288951835,,
1952.14,1952,14,513.0161131578149,0.5419999999999999,537.7325322740754,486.02502639130836,1952,0.3102721452378464,1952-12-31,48.62868877719694,48.62868877719694,0.09478978833212146,0.09478978833212146,False,5886.181288951835,,
1952.15,1952,15,557.355300524915,0.5104285714285715,562.8280752081156,548.1781559247493,1953,0.3370884857574687,1953-01-07,44.33918736710018,44.33918736710018,0.07955282263457746,0.07955282263457746,False,5886.181288951835,,
1952.16,1952,16,597.1221284391173,0.4845714285714286,623.8090120652902,563.9275439778775,1953,0.36113946327997815,1953-01-14,39.76682791420228,39.76682791420228,0.06659747817109564,0.06659747817109564,False,5886.181288951835,,
1952.17,1952,17,679.658570467367,0.44742857142857145,720.3337222668207,630.1125986840717,1953,0.4110575034186635,1953-01-21,82.53644202824967,82.53644202824967,0.12143809497096977,0.12143809497096977,False,5886.181288951835,,
1952.18,1952,18,752.5513227158552,0.4147142857142857,794.2548359930772,720.3337222668207,1953,0.4551430399785492,1953-01-28,72.89275224848825,72.89275224848825,0.09686083865407111,0.09686083865407111,False,5886.181288951835,,
1952.19,1952,19,833.6693435786301,0.3844285714285714,885.1094475277025,803.6892968412517,1953,0.5042032189963555,1953-02-04,81.11802086277487,81.11802086277487,0.09730239151480083,0.09730239151480083,False,5886.181288951835,,
1952.2,1952,20,923.7242232835905,0.3527142857142857,952.4350838829193,905.4211927358452,1953,0.5586684102419155,1953-02-11,90.0548797049604,90.0548797049604,0.09749108817872025,0.09749108817872025,False,5886.181288951835,,
1952.21,1952,21,1082.517375980644,0.30628571428571433,1125.7884692412713,997.6786758623872,1953,0.6547065089930934,1953-02-18,158.79315269705342,158.79315269705342,0.14668877952485884,0.14668877952485884,False,5886.181288951835,,
1952.22,1952,22,1280.849091681066,0.26399999999999996,1436.9972565708524,1127.726717014242,1953,0.7746575306487088,1953-02-25,198.33171570042214,198.33171570042214,0.15484393672022614,0.15484393672022614,False,5886.181288951835,,
1952.23,1952,23,2667.1184531820177,0.11485714285714284,3210.822806441037,1745.9668486656192,1953,1.613073240484484,1953-03-04,1386.2693615009516,1386.2693615009516,0.5197629523529623,0.5197629523529623,False,5886.181288951835,,
1952.24,1952,24,3840.3805919146794,0.04457142857142858,4336.075193196632,3441.0052160059477,1953,2.322662181989998,1953-03-11,1173.2621387326617,1173.2621387326617,0.30550673576540344,0.30550673576540344,False,5886.181288951835,,
1952.25,1952,25,5418.082608472117,0.012428571428571431,5886.181288951835,4501.386000873192,1953,3.276856361603936,1953-03-18,1577.7020165574372,1577.7020165574372,0.29119194566919765,0.29119194566919765,False,5886.181288951835,,
1952.26,1952,26,5642.645688467882,0.009,5828.691954714322,5396.855655881256,1953,3.4126721123853754,1953-03-25,224.5630799957653,224.5630799957653,0.03979748018818806,0.03979748018818806,True,5886.181288951835,True,
1952.27,1952,27,5221.232319977943,0.01442857142857143,5344.849128363103,5008.694156859004,1953,3.15780130712266,1953-04-01,-421.4133684899389,421.4133684899389,-0.08071147626921131,0.08071147626921131,False,5886.181288951835,,
1952.28,1952,28,4814.087813089636,0.019571428571428573,4967.490886366779,4702.805776155369,1953,2.9115603093566116,1953-04-08,-407.14450688830675,407.14450688830675,-0.08457355218599663,0.08457355218599663,False,5886.181288951835,,
1952.29,1952,29,4472.6450704117915,0.02557142857142857,4629.081161917657,4273.309782167689,1953,2.7050557385850516,1953-04-15,-341.44274267784476,341.44274267784476,-0.07634022760639232,0.07634022760639232,False,5886.181288951835,,
1952.3,1952,30,4026.3885455454792,0.03671428571428571,4206.742341804848,3920.4735878326787,1953,2.435159792345906,1953-04-22,-446.25652486631225,446.25652486631225,-0.11083295112192287,0.11083295112192287,False,5886.181288951835,,
1952.31,1952,31,3760.640885601912,0.04585714285714285,3901.1982400680877,3639.447141738064,1953,2.2744356076120367,1953-04-29,-265.7476599435672,265.7476599435672,-0.07066552431555367,0.07066552431555367,False,5886.181288951835,,
1952.32,1952,32,3535.3727229403594,0.054714285714285715,3639.447141738064,3441.0052160059477,1953,2.1381934228343296,1953-05-06,-225.26816266155265,225.26816266155265,-0.06371836304552289,0.06371836304552289,False,5886.181288951835,,
1952.33,1952,33,3263.5462671346672,0.07042857142857144,3417.233058807453,3080.145690401829,1953,1.9737927823630466,1953-05-13,-271.82645580569215,271.82645580569215,-0.08329174264912466,0.08329174264912466,False,5886.181288951835,,
1952.34,1952,34,2887.6569047222406,0.09485714285714285,3067.825784637742,2716.0232486595064,1953,1.7464548959760113,1953-05-20,-375.88936241242664,375.88936241242664,-0.130171060764777,0.130171060764777,False,5886.181288951835,,
1952.35,1952,35,2459.7316110706474,0.12842857142857142,2645.619049709331,2276.101843596241,1953,1.4876456783755272,1953-05-27,-427.92529365159317,427.92529365159317,-0.17397235199385436,0.17397235199385436,False,5886.181288951835,,
1952.36,1952,36,2156.59918515882,0.16014285714285714,2231.78898915399,2028.446564081993,1953,1.3043111871840545,1953-06-03,-303.13242591182734,303.13242591182734,-0.14056039156367553,0.14056039156367553,False,5886.181288951835,,
1952.37,1952,37,1867.1077967007625,0.18942857142857145,2004.1930578689712,1751.5174261192885,1953,1.1292267954446211,1953-06-10,-289.4913884580576,289.4913884580576,-0.15504803148998567,0.15504803148998567,False,5886.181288951835,,
1952.38,1952,38,1569.575584209886,0.22214285714285717,1693.819307089167,1436.9972565708524,1953,0.9492793133301392,1953-06-17,-297.5322124908764,297.5322124908764,-0.1895622074426267,0.1895622074426267,False,5886.181288951835,,
1952.39,1952,39,1286.988139629189,0.2611428571428571,1392.1184694738974,1182.7486219934508,1953,0.7783704268477335,1953-06-24,-282.58744458069714,282.58744458069714,-0.21957268748577366,0.21957268748577366,False,5886.181288951835,,
1952.4,1952,40,1083.6208049955453,0.3074285714285714,1141.726989184771,1025.1570830002852,1953,0.6553738628613057,1953-07-01,-203.36733463364362,203.36733463364362,-0.18767389265332501,0.18767389265332501,False,5886.181288951835,,
1952.41,1952,41,902.208350206393,0.36114285714285715,997.6786758623872,819.2739407352476,1953,0.5456556102048264,1953-07-08,-181.41245478915232,181.41245478915232,-0.20107600949121301,0.20107600949121301,False,5886.181288951835,,
1952.42,1952,42,735.6442686299697,0.42214285714285715,794.2548359930772,691.9065967426677,1953,0.44491765366740565,1953-07-15,-166.5640815764233,166.5640815764233,-0.2264193288511914,0.2264193288511914,False,5886.181288951835,,
1952.43,1952,43,629.5501564304192,0.4694285714285714,666.8063237852695,601.777842158206,1953,0.38075193460911755,1953-07-22,-106.09411219955052,106.09411219955052,-0.1685236849135412,0.1685236849135412,False,5886.181288951835,,
1952.44,1952,44,565.3932245841401,0.5045714285714286,589.2318351168824,542.0087505502821,1953,0.3419498222284879,1953-07-29,-64.15693184627912,64.15693184627912,-0.11347311756957831,0.11347311756957831,False,5886.181288951835,,
1952.45,1952,45,512.8950754802415,0.5418571428571428,542.0087505502821,486.02502639130836,1953,0.31019894165045003,1953-08-05,-52.49814910389853,52.49814910389853,-0.10235650840426315,0.10235650840426315,False,5886.181288951835,,
1952.46,1952,46,468.376312616559,0.576,479.56309760929685,455.65515596238953,1953,0.2832739938704949,1953-08-12,-44.518762863682525,44.518762863682525,-0.09504913392178366,0.09504913392178366,False,5886.181288951835,,
1952.47,1952,47,439.81065930022834,0.608,453.07261391760653,420.28892993659525,1953,0.2659974867447781,1953-08-19,-28.565653316330668,28.565653316330668,-0.06494988857655419,0.06494988857655419,False,5886.181288951835,,
1952.48,1952,48,398.98154919448564,0.6534285714285714,413.7323824701425,389.13393637134163,1953,0.24130404095282496,1953-08-26,-40.8291101057427,40.8291101057427,-0.1023333289175243,0.1023333289175243,False,5886.181288951835,,
1952.49,1952,49,364.7011506967755,0.6935714285714286,380.8369423592014,346.9384943839358,1953,0.22057125594140983,1953-09-02,-34.28039849771011,34.28039849771011,-0.09399586053462156,0.09399586053462156,False,5886.181288951835,,
1952.5,1952,50,335.36804400948205,0.7308571428571428,344.6194637292325,329.2057950036568,1953,0.20283059301693476,1953-09-09,-29.33310668729348,29.33310668729348,-0.08746541959276277,0.08746541959276277,False,5886.181288951835,,
1952.51,1952,51,319.2371113703504,0.7569999999999999,323.62655383883583,311.8155700798613,1953,0.19307460495678797,1953-09-16,-16.13093263913163,16.13093263913163,-0.050529628494282296,0.050529628494282296,False,5886.181288951835,,
1952.52,1952,52,305.5039448139261,0.7757142857142856,311.8155700798613,290.5219447532691,1953,0.18476878582346254,1953-09-23,-13.733166556424294,13.733166556424294,-0.044952501561931646,0.044952501561931646,False,5886.181288951835,,
1952.53,1952,53,287.1870699602335,0.8029999999999999,287.1870699602335,287.1870699602335,1953,0.024812962844564176,1953-09-30,-18.31687485369264,18.31687485369264,-0.06378029086138508,0.06378029086138508,False,5886.181288951835,,
1953.01,1953,1,278.47615797110126,0.819714285714286,287.1870699602335,273.7644374568714,1953,0.16842238034092205,1953-10-01,-8.710911989132228,8.710911989132228,-0.03128063835912372,0.03128063835912372,False,3811.676948218156,,
1953.02,1953,2,272.0555449174136,0.8327142857142859,273.7644374568714,266.78604271350054,1953,0.16453919356605173,1953-10-08,-6.420613053687646,6.420613053687646,-0.023600375635191392,0.023600375635191392,False,3811.676948218156,,
1953.03,1953,3,264.0933565891422,0.8514285714285715,266.78604271350054,261.382924552137,1953,0.15972366206511324,1953-10-15,-7.962188328271395,7.962188328271395,-0.030149142830042504,0.030149142830042504,False,3811.676948218156,,True
1953.04,1953,4,267.65420893667493,0.8435714285714286,271.2725109404546,264.1051871975735,1953,0.16187726556490098,1953-10-22,3.560852347532716,3.560852347532716,0.013303928085715955,0.013303928085715955,False,3811.676948218156,,
1953.05,1953,5,274.85585081907993,0.8275714285714286,281.3222739992266,271.2725109404546,1953,0.16623281857537958,1953-10-29,7.201641882404999,7.201641882404999,0.026201522947187982,0.026201522947187982,False,3811.676948218156,,
1953.06,1953,6,271.36321067100704,0.8341428571428572,275.9224808516464,266.78604271350054,1953,0.16412046981382503,1953-11-05,-3.492640148072894,3.492640148072894,-0.012870720903679425,0.012870720903679425,False,3811.676948218156,,
1953.07,1953,7,283.9090669535628,0.8112857142857142,302.30479186612183,271.2725109404546,1953,0.1717082036935148,1953-11-12,12.545856282555746,12.545856282555746,0.04418969924834346,0.04418969924834346,False,3811.676948218156,,
1953.08,1953,8,298.1628293886871,0.788,302.30479186612183,294.72326674738565,1953,0.18032887921427795,1953-11-19,14.253762435124315,14.253762435124315,0.047805296402466765,0.047805296402466765,False,3811.676948218156,,
1953.09,1953,9,341.8965104727231,0.7258571428571429,370.36474529587133,302.30479186612183,1953,0.20677900953390294,1953-11-26,43.73368108403599,43.73368108403599,0.12791496767126295,0.12791496767126295,False,3811.676948218156,,
1953.1,1953,10,456.61698246612,0.5972857142857143,556.2195342976412,373.01012538244936,1953,0.2761619509955094,1953-12-03,114.72047199339693,114.72047199339693,0.2512400466881648,0.2512400466881648,False,3811.676948218156,,
1953.11,1953,11,505.4951956906253,0.5462857142857143,550.9983234585969,477.3484869166725,1953,0.3057234943536902,1953-12-10,48.87821322450526,48.87821322450526,0.09669372457185499,0.09669372457185499,False,3811.676948218156,,
1953.12,1953,12,535.0932294422572,0.5274285714285715,548.1781559247493,516.7730027239134,1953,0.32362438516667724,1953-12-17,29.59803375163193,29.59803375163193,0.0553137885569638,0.0553137885569638,False,3811.676948218156,,
1953.13,1953,13,562.5900371870435,0.5055714285714286,571.8920920403683,550.9983234585969,1953,0.34025445449072395,1953-12-24,27.496807744786338,27.496807744786338,0.04887539047486636,0.04887539047486636,False,3811.676948218156,,
1953.14,1953,14,639.4349653983775,0.4651428571428572,705.8654488603318,577.9502839498093,1953,0.3867302670729388,1953-12-31,76.84492821133392,76.84492821133392,0.12017629996736008,0.12017629996736008,False,3811.676948218156,,
1953.15,1953,15,715.3428343037068,0.43142857142857144,748.233943314839,684.6893499137433,1954,0.4326393461868818,1954-01-07,75.90786890532934,75.90786890532934,0.10611397118308423,0.10611397118308423,False,3811.676948218156,,
1953.16,1953,16,831.804182965879,0.3838571428571429,847.0875422650073,794.2548359930772,1954,0.5030751698577638,1954-01-14,116.46134866217221,116.46134866217221,0.1400105349878356,0.1400105349878356,False,3811.676948218156,,
1953.17,1953,17,847.0875422650072,0.37700000000000006,847.0875422650073,847.0875422650073,1954,0.5123185455618764,1954-01-21,15.283359299128165,15.283359299128165,0.018042243022795914,0.018042243022795914,False,3811.676948218156,,
1953.18,1953,18,892.451992211879,0.36371428571428577,947.0029281802471,847.0875422650073,1954,0.5397549648897445,1954-01-28,45.36444994687179,45.36444994687179,0.05083124957168757,0.05083124957168757,False,3811.676948218156,,
1953.19,1953,19,986.2568310498413,0.33399999999999996,997.6786758623872,971.4321659369264,1954,0.596488131418944,1954-02-04,93.80483883796228,93.80483883796228,0.09511197883223764,0.09511197883223764,False,3811.676948218156,,
1953.2,1953,20,1038.1196473190753,0.3227142857142857,1059.9978690640885,1022.7291742398579,1954,0.6278547626985767,1954-02-11,51.86281626923403,51.86281626923403,0.0499584189579388,0.0499584189579388,False,3811.676948218156,,
1953.21,1953,21,1080.0563620836713,0.3087142857142857,1127.726717014242,1059.9978690640885,1954,0.6532180877882044,1954-02-18,41.93671476459599,41.93671476459599,0.03882826511358227,0.03882826511358227,False,3811.676948218156,,
1953.22,1953,22,1278.412312448448,0.26271428571428573,1399.6225280663384,1166.683447695578,1954,0.7731837665688213,1954-02-25,198.35595036477662,198.35595036477662,0.1551580412933291,0.1551580412933291,False,3811.676948218156,,
1953.23,1953,23,1557.1753972128076,0.22385714285714284,1716.4923972873114,1431.7953534582748,1954,0.941779680234306,1954-03-04,278.76308476435975,278.76308476435975,0.17901842352718808,0.17901842352718808,False,3811.676948218156,,
1953.24,1953,24,1967.004664046663,0.17942857142857144,2139.216866369918,1767.625484109115,1954,1.1896444208154218,1954-03-11,409.8292668338554,409.8292668338554,0.20835195478933194,0.20835195478933194,False,3811.676948218156,,
1953.25,1953,25,2308.827045297439,0.1427142857142857,2496.800686844093,2161.5709846171685,1954,1.396378596995891,1954-03-18,341.82238125077583,341.82238125077583,0.14805023266987066,0.14805023266987066,False,3811.676948218156,,
1953.26,1953,26,2845.214759013316,0.09799999999999998,3139.3228726318957,2554.4498794101723,1954,1.7207858862512535,1954-03-25,536.387713715877,536.387713715877,0.1885227510565457,0.1885227510565457,False,3811.676948218156,,
1953.27,1953,27,3420.2632130010056,0.06157142857142857,3530.1446963297662,3227.9047484993603,1954,2.068575191223008,1954-04-01,575.0484539876898,575.0484539876898,0.16812988304579374,0.16812988304579374,False,3811.676948218156,,
1953.28,1953,28,3759.8441889972432,0.04657142857142856,3811.676948218156,3618.6658099503607,1954,2.2739537655055333,1954-04-08,339.5809759962376,339.5809759962376,0.09031783205005749,0.09031783205005749,True,3811.676948218156,True,
1953.29,1953,29,3578.417258477993,0.053285714285714283,3773.148259641381,3452.248381930785,1954,2.1642267579274908,1954-04-15,-181.42693051925016,181.42693051925016,-0.05070032850121464,0.05070032850121464,False,3811.676948218156,,
1953.3,1953,30,3233.4837966624186,0.07185714285714286,3417.233058807453,3080.145690401829,1954,1.9556110002214306,1954-04-22,-344.93346181557445,344.93346181557445,-0.10667548795871888,0.10667548795871888,False,3811.676948218156,,
1953.31,1953,31,2874.6200344912804,0.09571428571428571,3020.841272673107,2769.1490746977324,1954,1.7385701968603264,1954-04-29,-358.8637621711382,358.8637621711382,-0.12483867706524424,0.12483867706524424,False,3811.676948218156,,
1953.32,1953,32,2587.2133324552115,0.11757142857142858,2716.0232486595064,2450.1297002835204,1954,1.5647466234689116,1954-05-06,-287.40670203606896,287.40670203606896,-0.11108736122789148,0.11108736122789148,False,3811.676948218156,,
1953.33,1953,33,2289.861088881044,0.14457142857142857,2395.739198274402,2187.823512835168,1954,1.3849079865552554,1954-05-13,-297.35224357416746,297.35224357416746,-0.12985601834889934,0.12985601834889934,False,3811.676948218156,,
1953.34,1953,34,2035.4416261389451,0.17271428571428568,2139.216866369918,1921.651232388288,1954,1.231035095488834,1954-05-20,-254.41946274209886,254.41946274209886,-0.1249947232457412,0.1249947232457412,False,3811.676948218156,,
1953.35,1953,35,1756.3664796192443,0.20085714285714287,1871.7016074586716,1645.7136786211431,1954,1.0622504468737188,1954-05-27,-279.07514651970087,279.07514651970087,-0.15889345974093086,0.15889345974093086,False,3811.676948218156,,
1953.36,1953,36,1495.52551556628,0.23142857142857146,1609.5195834351925,1392.1184694738974,1954,0.9044938318144863,1954-06-03,-260.8409640529642,260.8409640529642,-0.17441425193885565,0.17441425193885565,False,3811.676948218156,,
1953.37,1953,37,1225.8339314716955,0.2712857142857143,1341.3621257487196,1132.2744617454025,1954,0.7413843617540813,1954-06-10,-269.69158409458464,269.69158409458464,-0.2200066233856016,0.2200066233856016,False,3811.676948218156,,
1953.38,1953,38,1068.6054899745438,0.312,1117.0362502238706,1022.7291742398579,1954,0.6462926003366042,1954-06-17,-157.2284414971516,157.2284414971516,-0.14713422584128505,0.14713422584128505,False,3811.676948218156,,
1953.39,1953,39,894.321884248561,0.3632857142857143,976.7769450097452,817.7246825595828,1954,0.5408858755935295,1954-06-24,-174.28360572598285,174.28360572598285,-0.19487793913532792,0.19487793913532792,False,3811.676948218156,,
1953.4,1953,40,720.391005090449,0.4287142857142857,794.2548359930772,673.1577568282033,1954,0.4356924798787035,1954-07-01,-173.93087915811202,173.93087915811202,-0.24143954870213025,0.24143954870213025,False,3811.676948218156,,
1953.41,1953,41,614.9416897555877,0.476,654.21608557748,583.0034913422678,1954,0.37191673396417957,1954-07-08,-105.44931533486124,105.44931533486124,-0.17147855982373336,0.17147855982373336,False,3811.676948218156,,
1953.42,1953,42,553.4119156786334,0.5134285714285715,571.8920920403683,537.7325322740754,1954,0.33470352660243746,1954-07-15,-61.52977407695437,61.52977407695437,-0.11118259714647118,0.11118259714647118,False,3811.676948218156,,
1953.43,1953,43,506.2621751007482,0.546,527.3375978981461,479.56309760929685,1954,0.3061873635009325,1954-07-22,-47.149740577885154,47.149740577885154,-0.0931330502194879,0.0931330502194879,False,3811.676948218156,,
1953.44,1953,44,462.37688607844115,0.5827142857142856,472.4927083802066,455.65515596238953,1954,0.2796455407002413,1954-07-29,-43.88528902230706,43.88528902230706,-0.0949123763398113,0.0949123763398113,False,3811.676948218156,,
1953.45,1953,45,437.3581131548085,0.6092857142857143,453.07261391760653,422.4698189706656,1954,0.2645141868360282,1954-08-05,-25.01877292363264,25.01877292363264,-0.0572043187747541,0.0572043187747541,False,3811.676948218156,,
1953.46,1953,46,410.6664491195715,0.6415714285714286,420.28892993659525,398.1467533267305,1954,0.24837106842751683,1954-08-12,-26.69166403523701,26.69166403523701,-0.0649959695817891,0.0649959695817891,False,3811.676948218156,,
1953.47,1953,47,381.6304798207128,0.674,391.8169121240828,370.36474529587133,1954,0.23081011419556707,1954-08-19,-29.035969298858674,29.035969298858674,-0.07608398918372442,0.07608398918372442,False,3811.676948218156,,
1953.48,1953,48,356.21398141918013,0.7035714285714286,370.36474529587133,340.5953058875766,1954,0.21543821596232013,1954-08-26,-25.416498401532692,25.416498401532692,-0.07135177092227452,0.07135177092227452,False,3811.676948218156,,
1953.49,1953,49,328.6879501714708,0.7418571428571428,335.4728177879068,323.62655383883583,1954,0.1987904722637055,1954-09-02,-27.52603124770934,27.52603124770934,-0.08374517907744865,0.08374517907744865,False,3811.676948218156,,
1953.5,1953,50,313.9956385561538,0.7634285714285713,323.62655383883583,309.0284073518941,1954,0.18990456219876178,1954-09-09,-14.69231161531701,14.69231161531701,-0.04679145125351635,0.04679145125351635,False,3811.676948218156,,
1953.51,1953,51,293.4130262268879,0.796142857142857,306.020121877383,281.3222739992266,1954,0.17745619826202186,1954-09-16,-20.582612329265885,20.582612329265885,-0.07014893849106052,0.07014893849106052,False,3811.676948218156,,
1953.52,1953,52,268.7625408877813,0.8401428571428572,273.7644374568714,261.382924552137,1954,0.16254758472893013,1954-09-23,-24.65048533910658,24.65048533910658,-0.09171845621670582,0.09171845621670582,False,3811.676948218156,,
1953.53,1953,53,258.7976520087449,0.862,258.7976520087449,258.7976520087449,1954,0.022360117133555558,1954-09-30,-9.964888879036437,9.964888879036437,-0.03850455675192802,0.03850455675192802,False,3811.676948218156,,
1954.01,1954,1,245.91929866255052,0.8802857142857141,256.6827889882703,239.64129376144416,1954,0.14873199183111055,1954-10-01,-12.87835334619436,12.87835334619436,-0.05236820947454793,0.05236820947454793,False,3803.114617748527,,
1954.02,1954,2,230.68644511044542,0.9061428571428571,239.64129376144416,224.67104686473823,1954,0.1395191620027974,1954-10-08,-15.232853552105098,15.232853552105098,-0.06603272049561511,0.06603272049561511,False,3803.114617748527,,
1954.03,1954,3,216.9131181433423,0.9295714285714285,224.67104686473823,212.05144921368182,1954,0.13118905385309343,1954-10-15,-13.773326967103117,13.773326967103117,-0.06349697558633274,0.06349697558633274,False,3803.114617748527,,True
1954.04,1954,4,222.21417911350355,0.9225714285714286,224.67104686473823,220.53049583159046,1954,0.13439513552784693,1954-10-22,5.301060970161245,5.301060970161245,0.02385563779642318,0.02385563779642318,False,3803.114617748527,,
1954.05,1954,5,220.0292668343778,0.9245714285714285,226.3790707324809,212.05144921368182,1954,0.13307370058143167,1954-10-29,-2.18491227912574,2.18491227912574,-0.009930098438997139,0.009930098438997139,False,3803.114617748527,,
1954.06,1954,6,232.5942281221673,0.9025714285714285,246.1954239432886,220.53049583159046,1954,0.14067298916828677,1954-11-05,12.564961287789487,12.564961287789487,0.054020950516407026,0.054020950516407026,False,3803.114617748527,,
1954.07,1954,7,257.5121560111858,0.863857142857143,258.7976520087449,249.7991800258312,1954,0.15574335195556516,1954-11-12,24.91792788901853,24.91792788901853,0.09676408397565567,0.09676408397565567,False,3803.114617748527,,
1954.08,1954,8,265.22528533579435,0.8481428571428572,273.7644374568714,258.7976520087449,1954,0.1604082525710884,1954-11-19,7.713129324608531,7.713129324608531,0.029081425305446093,0.029081425305446093,False,3803.114617748527,,
1954.09,1954,9,307.8908007254502,0.7737142857142858,323.62655383883583,283.6079686159883,1954,0.18621235627875227,1954-11-26,42.665515389655866,42.665515389655866,0.13857353090487817,0.13857353090487817,False,3803.114617748527,,
1954.1,1954,10,352.1463945952729,0.7102857142857143,389.13393637134163,325.6607962357874,1954,0.21297813945122113,1954-12-03,44.25559386982269,44.25559386982269,0.1256738519804705,0.1256738519804705,False,3803.114617748527,,
1954.11,1954,11,437.73741252223783,0.6098571428571428,455.65515596238953,408.00454625357366,1954,0.2647435870934495,1954-12-10,85.59101792696492,85.59101792696492,0.19553050636862515,0.19553050636862515,False,3803.114617748527,,
1954.12,1954,12,511.908911104976,0.5458571428571428,562.8280752081156,455.65515596238953,1954,0.30960250943628953,1954-12-17,74.1714985827382,74.1714985827382,0.14489198561251068,0.14489198561251068,False,3803.114617748527,,
1954.13,1954,13,612.2255641055441,0.4787142857142857,666.8063237852695,550.9983234585969,1954,0.37027402117103314,1954-12-24,100.31665300056807,100.31665300056807,0.1638557075726326,0.1638557075726326,False,3803.114617748527,,
1954.14,1954,14,696.8357362887965,0.4398571428571429,720.3337222668207,666.8063237852695,1954,0.4214462533074641,1954-12-31,84.61017218325242,84.61017218325242,0.12142054113623499,0.12142054113623499,False,3803.114617748527,,
1954.15,1954,15,835.8417581081138,0.3844285714285714,941.1240560143013,728.4970702319307,1955,0.5055170953037873,1955-01-07,139.0060218193173,139.0060218193173,0.16630662499316917,0.16630662499316917,False,3803.114617748527,,
1954.16,1954,16,945.0178439387646,0.3457142857142857,976.7769450097452,906.4211780013767,1955,0.5715467920141648,1955-01-14,109.17608583065078,109.17608583065078,0.1155280681004,0.1155280681004,False,3803.114617748527,,
1954.17,1954,17,1040.7213811407667,0.3205714285714286,1082.8793953113418,989.4775076349575,1955,0.6294282913139356,1955-01-21,95.70353720200205,95.70353720200205,0.09195884598536687,0.09195884598536687,False,3803.114617748527,,
1954.18,1954,18,1193.3376252031464,0.27971428571428575,1327.7083044595875,1089.4560494851628,1955,0.7217305957228631,1955-01-28,152.6162440623798,152.6162440623798,0.12789024735258753,0.12789024735258753,False,3803.114617748527,,
1954.19,1954,19,1517.3631874896582,0.22957142857142857,1726.1698191997614,1311.0784203230735,1955,0.9177012557937453,1955-02-04,324.0255622865118,324.0255622865118,0.21354515844198324,0.21354515844198324,False,3803.114617748527,,
1954.2,1954,20,2007.2009934233658,0.17528571428571427,2217.372657831301,1767.625484109115,1955,1.2139551608224517,1955-02-11,489.8378059337076,489.8378059337076,0.24404023689639004,0.24404023689639004,False,3803.114617748527,,
1954.21,1954,21,2426.138550828918,0.1305714285714286,2517.067713758129,2293.9632006513275,1955,1.4673285955413298,1955-02-18,418.9375574055523,418.9375574055523,0.1726766829793861,0.1726766829793861,False,3803.114617748527,,
1954.22,1954,22,2652.6033271645188,0.1127142857142857,2742.499149867776,2542.9744128795624,1955,1.604294492269101,1955-02-25,226.46477633560062,226.46477633560062,0.08537453527877405,0.08537453527877405,False,3803.114617748527,,
1954.23,1954,23,2761.4583745706736,0.104,2782.206511497961,2742.499149867776,1955,1.670130024940343,1955-03-04,108.85504740615488,108.85504740615488,0.03941940548826077,0.03941940548826077,True,3803.114617748527,,
1954.24,1954,24,2748.1716301006595,0.10542857142857143,2782.206511497961,2742.499149867776,1955,1.6620942018848788,1955-03-11,-13.286744470014128,13.286744470014128,-0.004834757889385337,0.004834757889385337,False,3803.114617748527,,
1954.25,1954,25,2955.4620127206467,0.08985714285714286,3185.838009938993,2831.488197054909,1955,1.787463425293447,1955-03-18,207.2903826199872,207.2903826199872,0.07013806360148961,0.07013806360148961,False,3803.114617748527,,
1954.26,1954,26,3533.730539720618,0.05571428571428571,3709.973587521388,3313.0406406455268,1955,2.1372002304230286,1955-03-25,578.2685269999711,578.2685269999711,0.1636425076841569,0.1636425076841569,False,3803.114617748527,,
1954.27,1954,27,3694.641423697512,0.048428571428571425,3803.114617748527,3573.2680912123824,1955,2.234519133052255,1955-04-01,160.91088397689418,160.91088397689418,0.04355250361910853,0.04355250361910853,True,3803.114617748527,True,
1954.28,1954,28,3475.665924239644,0.058428571428571434,3537.052200710891,3417.233058807453,1955,2.1020827509801365,1955-04-08,-218.97549945786795,218.97549945786795,-0.06300245887578285,0.06300245887578285,False,3803.114617748527,,
1954.29,1954,29,3247.842009183926,0.07100000000000001,3355.9174512398436,3148.2868262135407,1955,1.9642948471544386,1955-04-15,-227.82391505571786,227.82391505571786,-0.07014624307817312,0.07014624307817312,False,3803.114617748527,,
1954.3,1954,30,2981.5368204803344,0.08814285714285715,3112.623308365314,2873.0524012848505,1955,1.8032334690265066,1955-04-22,-266.30518870359174,266.30518870359174,-0.08931809490807804,0.08931809490807804,False,3803.114617748527,,
1954.31,1954,31,2734.68940396218,0.106,2831.488197054909,2645.619049709331,1955,1.6539401515163266,1955-04-29,-246.8474165181542,246.8474165181542,-0.09026524773179251,0.09026524773179251,False,3803.114617748527,,
1954.32,1954,32,2508.015772600582,0.12371428571428571,2591.896796157977,2411.0479762115906,1955,1.5168479392688319,1955-05-06,-226.67363136159838,226.67363136159838,-0.0903796674000015,0.0903796674000015,False,3803.114617748527,,
1954.33,1954,33,2315.8957290262333,0.14142857142857143,2363.8308777702473,2261.108087620956,1955,1.4006537369150658,1955-05-13,-192.12004357434853,192.12004357434853,-0.08295712158644095,0.08295712158644095,False,3803.114617748527,,
1954.34,1954,34,2186.488593975995,0.1562857142857143,2261.108087620956,2112.7014560687376,1955,1.322388301636682,1955-05-20,-129.40713505023814,129.40713505023814,-0.05918491201224115,0.05918491201224115,False,3803.114617748527,,
1954.35,1954,35,2023.9962336454935,0.1742857142857143,2094.7380107984795,1916.5413979392097,1955,1.2241129221087945,1955-05-27,-162.4923603305017,162.4923603305017,-0.08028293611882409,0.08028293611882409,False,3803.114617748527,,
1954.36,1954,36,1789.5958413187652,0.19728571428571431,1881.0436962338129,1677.712303316742,1955,1.0823475648295893,1955-06-03,-234.40039232672825,234.40039232672825,-0.13097951331513882,0.13097951331513882,False,3803.114617748527,,
1954.37,1954,37,1564.3145362671328,0.22271428571428573,1659.7232892169968,1454.6784350498776,1955,0.9460974315343619,1955-06-10,-225.28130505163244,225.28130505163244,-0.14401279271444545,0.14401279271444545,False,3803.114617748527,,
1954.38,1954,38,1348.6274573568858,0.25185714285714284,1431.7953534582748,1231.9889272331854,1955,0.8156498862094445,1955-06-17,-215.687078910247,215.687078910247,-0.15993080797343576,0.15993080797343576,False,3803.114617748527,,
1954.39,1954,39,1134.8789400215678,0.292,1199.561484005937,1073.2959927204865,1955,0.6863747829250441,1955-06-24,-213.74851733531796,213.74851733531796,-0.18834477387628304,0.18834477387628304,False,3803.114617748527,,
1954.4,1954,40,970.524716796361,0.3401428571428572,1059.9978690640885,891.8619896951615,1955,0.5869733487184391,1955-07-01,-164.35422322520685,164.35422322520685,-0.16934573677600862,0.16934573677600862,False,3803.114617748527,,
1954.41,1954,41,795.6720299589332,0.3987142857142857,876.9389119074414,728.4970702319307,1955,0.48122244371916273,1955-07-08,-174.85268683742777,174.85268683742777,-0.21975472337069885,0.21975472337069885,False,3803.114617748527,,
1954.42,1954,42,657.8717944612389,0.45642857142857146,702.6560160658968,615.6277736669467,1955,0.3978808612901572,1955-07-15,-137.8002354976943,137.8002354976943,-0.20946366246108056,0.20946366246108056,False,3803.114617748527,,
1954.43,1954,43,573.931666242415,0.4987142857142857,601.777842158206,550.9983234585969,1955,0.34711387174341257,1955-07-22,-83.94012821882393,83.94012821882393,-0.14625456854191007,0.14625456854191007,False,3803.114617748527,,
1954.44,1954,44,524.9217763401952,0.5344285714285715,548.1781559247493,505.01787451967766,1955,0.31747269033055003,1955-07-29,-49.00988990221981,49.00988990221981,-0.09336608255028292,0.09336608255028292,False,3803.114617748527,,
1954.45,1954,45,478.52301584185835,0.5657142857142857,494.68108319071365,467.1571483252964,1955,0.28941071998115586,1955-08-05,-46.3987604983368,46.3987604983368,-0.09696244268775277,0.09696244268775277,False,3803.114617748527,,
1954.46,1954,46,456.637918280669,0.5888571428571429,467.1571483252964,442.79918136912596,1955,0.27617461297614865,1955-08-12,-21.885097561189355,21.885097561189355,-0.04792658840858206,0.04792658840858206,False,3803.114617748527,,
1954.47,1954,47,423.8083649867258,0.6255714285714286,440.0331111664572,408.00454625357366,1955,0.2563192991439718,1955-08-19,-32.829553293943206,32.829553293943206,-0.0774632027260044,0.0774632027260044,False,3803.114617748527,,
1954.48,1954,48,392.5021103118034,0.6615714285714286,402.90237744418727,380.8369423592014,1955,0.23738527631657869,1955-08-26,-31.3062546749224,31.3062546749224,-0.07976072956665821,0.07976072956665821,False,3803.114617748527,,
1954.49,1954,49,369.6013548527775,0.6904285714285715,377.11676084070143,360.34880084276085,1955,0.22353489941495985,1955-09-02,-22.900755459025902,22.900755459025902,-0.061960691318753175,0.061960691318753175,False,3803.114617748527,,
1954.5,1954,50,339.82773674288507,0.7241428571428571,350.2192051008483,331.6115672476363,1955,0.2055278151820969,1955-09-09,-29.773618109892425,29.773618109892425,-0.08761385517044848,0.08761385517044848,False,3803.114617748527,,
1954.51,1954,51,319.62254605582683,0.7554285714285713,331.6115672476363,302.30479186612183,1955,0.19330771585456405,1955-09-16,-20.205190687058234,20.205190687058234,-0.06321578667209883,0.06321578667209883,False,3803.114617748527,,
1954.52,1954,52,299.6922731189233,0.7854285714285714,302.30479186612183,294.72326674738565,1955,0.18125388678232485,1955-09-23,-19.93027293690352,19.93027293690352,-0.06650245843674063,0.06650245843674063,False,3803.114617748527,,
1954.53,1954,53,290.5219447532691,0.797,290.5219447532691,290.5219447532691,1955,0.02510109602668245,1955-09-30,-9.1703283656542,9.1703283656542,-0.03156501094415523,0.03156501094415523,False,3803.114617748527,,
1955.01,1955,1,281.96979886239905,0.8141428571428572,290.5219447532691,266.78604271350054,1955,0.17053533435197893,1955-10-01,-8.552145890870065,8.552145890870065,-0.030330006707716607,0.030330006707716607,False,5672.879600260333,,
1955.02,1955,2,264.8652306121941,0.8502857142857143,266.78604271350054,261.382924552137,1955,0.16019049147425504,1955-10-08,-17.10456825020492,17.10456825020492,-0.06457838278988304,0.06457838278988304,False,5672.879600260333,,
1955.03,1955,3,256.9079094339073,0.8647142857142857,258.7976520087449,249.7991800258312,1955,0.1553779036256272,1955-10-15,-7.957321178286804,7.957321178286804,-0.030973437897730126,0.030973437897730126,False,5672.879600260333,,True
1955.04,1955,4,266.78604271350054,0.8469999999999998,266.78604271350054,266.78604271350054,1955,0.16135219863312514,1955-10-22,9.878133279593214,9.878133279593214,0.0370264245427609,0.0370264245427609,False,5672.879600260333,,
1955.05,1955,5,266.78604271350054,0.8469999999999998,266.78604271350054,266.78604271350054,1955,0.16135219863312514,1955-10-29,0.0,0.0,0.0,0.0,False,5672.879600260333,,
1955.06,1955,6,267.2826431682949,0.8454285714285713,270.26224589706084,266.78604271350054,1955,0.16165254258818473,1955-11-05,0.4966004547943612,0.4966004547943612,0.001857959981642639,0.001857959981642639,False,5672.879600260333,,
1955.07,1955,7,303.3600518018074,0.7808571428571428,331.6115672476363,281.3222739992266,1955,0.18347215932973313,1955-11-12,36.077408633512505,36.077408633512505,0.11892603663280875,0.11892603663280875,False,5672.879600260333,,
1955.08,1955,8,322.62874484952596,0.7517142857142857,329.2057950036568,309.0284073518941,1955,0.19512586488499326,1955-11-19,19.268693047718557,19.268693047718557,0.059724043053589276,0.059724043053589276,False,5672.879600260333,,
1955.09,1955,9,341.1111279771623,0.7220000000000001,350.2192051008483,331.6115672476363,1955,0.20630401020058778,1955-11-26,18.482383127636353,18.482383127636353,0.054182879454093225,0.054182879454093225,False,5672.879600260333,,
1955.1,1955,10,369.6524874182307,0.6884285714285714,386.53109723034976,353.9823107128336,1955,0.22356582439054593,1955-12-03,28.54135944106838,28.54135944106838,0.07721132797025178,0.07721132797025178,False,5672.879600260333,,
1955.11,1955,11,408.40059060553176,0.6428571428571429,422.4698189706656,389.13393637134163,1955,0.2470006771982256,1955-12-10,38.74810318730107,38.74810318730107,0.09487768646428649,0.09487768646428649,False,5672.879600260333,,
1955.12,1955,12,441.2305249209833,0.6057142857142858,459.26044279675483,430.9578316629287,1955,0.26685622147221066,1955-12-17,32.82993431545157,32.82993431545157,0.07440540139721936,0.07440540139721936,False,5672.879600260333,,
1955.13,1955,13,475.1914201413468,0.5704285714285715,523.0192327708844,459.26044279675483,1955,0.2873957709014865,1955-12-24,33.960895220363454,33.960895220363454,0.07146782071583217,0.07146782071583217,False,5672.879600260333,,
1955.14,1955,14,539.3059056642144,0.5241428571428571,556.2195342976412,527.3375978981461,1955,0.3261722117457169,1955-12-31,64.1144855228676,64.1144855228676,0.11888333661746867,0.11888333661746867,False,5672.879600260333,,
1955.15,1955,15,593.3857173519685,0.48742857142857143,623.8090120652902,562.8280752081156,1956,0.3588796818544706,1956-01-07,54.07981168775416,54.07981168775416,0.09113770369986265,0.09113770369986265,False,5672.879600260333,,
1955.16,1955,16,657.0289949486968,0.4565714285714285,666.8063237852695,630.1125986840717,1956,0.3973711361449718,1956-01-14,63.64327759672824,63.64327759672824,0.09686524961002328,0.09686524961002328,False,5672.879600260333,,
1955.17,1955,17,718.5662817274907,0.4297142857142857,748.233943314839,673.1577568282033,1956,0.4345888871887864,1956-01-21,61.53728677879394,61.53728677879394,0.08563898466103,0.08563898466103,False,5672.879600260333,,
1955.18,1955,18,809.5315016737314,0.3931428571428572,843.5265543863715,768.4460718744957,1956,0.4896046522122728,1956-01-28,90.96521994624072,90.96521994624072,0.11236773338426895,0.11236773338426895,False,5672.879600260333,,
1955.19,1955,19,890.8530878461332,0.36457142857142866,906.4211780013767,876.9389119074414,1956,0.5387879475293413,1956-02-04,81.3215861724018,81.3215861724018,0.09128506965050508,0.09128506965050508,False,5672.879600260333,,
1955.2,1955,20,993.7960168564915,0.33442857142857146,1042.8375986738163,924.6839937244496,1956,0.601047830994806,1956-02-11,102.94292901035828,102.94292901035828,0.10358557215391183,0.10358557215391183,False,5672.879600260333,,
1955.21,1955,21,1150.748016161912,0.29000000000000004,1311.0784203230735,1050.5689874267275,1956,0.6959724001747243,1956-02-18,156.95199930542037,156.95199930542037,0.13639128384414004,0.13639128384414004,False,5672.879600260333,,
1955.22,1955,22,1855.1593519432458,0.19185714285714286,2423.365591149523,1414.1459885179058,1956,1.122000376055275,1956-02-25,704.411335781334,704.411335781334,0.3797039510613877,0.3797039510613877,False,5672.879600260333,,
1955.23,1955,23,3564.9793291666238,0.06071428571428572,4336.075193196632,2671.4046921253907,1956,2.156099498279974,1956-03-03,1709.819977223378,1709.819977223378,0.4796156777781593,0.4796156777781593,False,5672.879600260333,,
1955.24,1955,24,4520.401945422784,0.024428571428571428,4629.081161917657,4462.335028912899,1956,2.7339390965917,1956-03-10,955.4226162561599,955.4226162561599,0.21135788980526182,0.21135788980526182,True,5672.879600260333,,
1955.25,1955,25,4175.091633609251,0.032857142857142856,4401.902674556776,3970.8114329461437,1956,2.525095420006876,1956-03-17,-345.3103118135323,345.3103118135323,-0.08270724144921845,0.08270724144921845,False,5672.879600260333,,
1955.26,1955,26,3754.6187713564464,0.04614285714285714,3920.4735878326787,3639.447141738064,1956,2.270793432916379,1956-03-24,-420.47286225280504,420.47286225280504,-0.11198816387446417,0.11198816387446417,False,5672.879600260333,,
1955.27,1955,27,3591.190255245655,0.05171428571428571,3639.447141738064,3530.1446963297662,1956,2.171951866372572,1956-03-31,-163.4285161107914,163.4285161107914,-0.04550817542236066,0.04550817542236066,False,5672.879600260333,,
1955.28,1955,28,3630.948609815736,0.050714285714285705,3811.676948218156,3496.366435549196,1956,2.195997719216557,1956-04-07,39.75835457008088,39.75835457008088,0.010949853286989525,0.010949853286989525,False,5672.879600260333,,
1955.29,1955,29,3988.9533630909054,0.037714285714285714,4160.599447874629,3866.6886018228884,1956,2.4125189939973795,1956-04-14,358.0047532751696,358.0047532751696,0.08974904459593977,0.08974904459593977,False,5672.879600260333,,
1955.3,1955,30,4574.736651326175,0.023857142857142855,4856.042745855138,4336.075193196632,1956,2.766800726722071,1956-04-21,585.7832882352695,585.7832882352695,0.12804743373926372,0.12804743373926372,False,5672.879600260333,,
1955.31,1955,31,5204.14128974475,0.01457142857142857,5415.424041152379,4949.60378083177,1956,3.1474646520376246,1956-04-28,629.4046384185749,629.4046384185749,0.12094303428288466,0.12094303428288466,False,5672.879600260333,,
1955.32,1955,32,5630.840185636842,0.009142857142857144,5672.879600260333,5569.845470794792,1956,3.4055321442731614,1956-05-05,426.69889589209197,426.69889589209197,0.07577890364931975,0.07577890364931975,True,5672.879600260333,True,
1955.33,1955,33,5567.158249674294,0.01,5672.879600260333,5396.328800163887,1956,3.367017309403014,1956-05-12,-63.68193596254787,63.68193596254787,-0.011438858589348268,0.011438858589348268,False,5672.879600260333,,
1955.34,1955,34,5059.934509668731,0.016571428571428574,5326.301133333888,4720.128111260116,1956,3.0602483914476486,1956-05-19,-507.22374000556283,507.22374000556283,-0.10024314327316665,0.10024314327316665,False,5672.879600260333,,
1955.35,1955,35,4195.8661242203225,0.03228571428571429,4542.047335439719,3920.4735878326787,1956,2.537659831928451,1956-05-26,-864.0683854484087,864.0683854484087,-0.20593325903813725,0.20593325903813725,False,5672.879600260333,,
1955.36,1955,36,3589.9525755036616,0.05357142857142857,3845.745055858216,3405.101513165422,1956,2.171203317664615,1956-06-02,-605.9135487166609,605.9135487166609,-0.16878037689165093,0.16878037689165093,False,5672.879600260333,,
1955.37,1955,37,3009.9752395983523,0.08628571428571429,3251.016842748816,2802.8093610937553,1956,1.8204330249090837,1956-06-09,-579.9773359053092,579.9773359053092,-0.19268508533734674,0.19268508533734674,False,5672.879600260333,,
1955.38,1955,38,2531.8425321254767,0.12242857142857144,2742.499149867776,2335.160165612593,1956,1.531258363429488,1956-06-16,-478.1327074728756,478.1327074728756,-0.18884772706282177,0.18884772706282177,False,5672.879600260333,,
1955.39,1955,39,2127.9521318957,0.1625714285714286,2293.9632006513275,1966.6544541756928,1956,1.2869854493705195,1956-06-23,-403.8904002297768,403.8904002297768,-0.18980238990149106,0.18980238990149106,False,5672.879600260333,,
1955.4,1955,40,1796.151567225043,0.19671428571428576,1921.651232388288,1677.712303316742,1956,1.086312467857706,1956-06-30,-331.80056467065697,331.80056467065697,-0.18472860014997003,0.18472860014997003,False,5672.879600260333,,
1955.41,1955,41,1491.7934388915967,0.232,1617.3520421001313,1383.5781363808978,1956,0.9022366718416377,1956-07-07,-304.3581283334463,304.3581283334463,-0.20402162953577846,0.20402162953577846,False,5672.879600260333,,
1955.42,1955,42,1225.0074935875132,0.27071428571428563,1327.7083044595875,1166.683447695578,1956,0.7408845321217279,1956-07-14,-266.7859453040835,266.7859453040835,-0.21778311292021874,0.21778311292021874,False,5672.879600260333,,
1955.43,1955,43,1074.2188110147638,0.31071428571428567,1117.0362502238706,1022.7291742398579,1956,0.6496875369017291,1956-07-21,-150.7886825727494,150.7886825727494,-0.14037054744024305,0.14037054744024305,False,5672.879600260333,,
1955.44,1955,44,920.6038307256188,0.3544285714285714,976.7769450097452,876.9389119074414,1956,0.5567811968228542,1956-07-28,-153.61498028914502,153.61498028914502,-0.166863285989225,0.166863285989225,False,5672.879600260333,,
1955.45,1955,45,765.8699103378841,0.40957142857142853,834.6935677067364,712.0837013457431,1956,0.4631981217723523,1956-08-04,-154.73392038773466,154.73392038773466,-0.20203681891545996,0.20203681891545996,False,5672.879600260333,,
1955.46,1955,46,663.2377699641256,0.45371428571428574,702.6560160658968,623.8090120652902,1956,0.4011262032743032,1956-08-11,-102.63214037375849,102.63214037375849,-0.15474411292847487,0.15474411292847487,False,5672.879600260333,,
1955.47,1955,47,582.2203675706828,0.49400000000000005,615.6277736669467,556.2195342976412,1956,0.352126878306749,1956-08-18,-81.01740239344281,81.01740239344281,-0.1391524702776859,0.1391524702776859,False,5672.879600260333,,
1955.48,1955,48,528.1103082514048,0.5322857142857143,548.1781559247493,512.1178199937132,1956,0.3194011144304497,1956-08-25,-54.11005931927798,54.11005931927798,-0.10245976735132975,0.10245976735132975,False,5672.879600260333,,
1955.49,1955,49,478.53717988481446,0.5652857142857143,494.68108319071365,467.1571483252964,1956,0.28941928639433573,1956-09-01,-49.57312836659037,49.57312836659037,-0.10359305493989576,0.10359305493989576,False,5672.879600260333,,
1955.5,1955,50,444.3260737616435,0.6018571428571429,462.56506724863937,430.9578316629287,1956,0.26872840941104204,1956-09-08,-34.211106123170964,34.211106123170964,-0.07699549529817451,0.07699549529817451,False,5672.879600260333,,
1955.51,1955,51,414.4423393615107,0.6355714285714287,426.6328809909446,402.90237744418727,1956,0.25065472684584167,1956-09-15,-29.883734400132823,29.883734400132823,-0.07210589160888259,0.07210589160888259,False,5672.879600260333,,
1955.52,1955,52,387.1590713546796,0.668142857142857,398.1467533267305,377.11676084070143,1956,0.23415380635531022,1956-09-22,-27.283268006831065,27.283268006831065,-0.070470434571935,0.070470434571935,False,5672.879600260333,,
1955.53,1955,53,375.0634431115754,0.684,377.11676084070143,373.01012538244936,1956,0.06481096296968022,1956-09-29,-12.095628243104215,12.095628243104215,-0.03224955261637152,0.03224955261637152,False,5672.879600260333,,
1956.01,1956,1,360.56351936307516,0.6984285714285716,370.36474529587133,350.2192051008483,1956,0.21806881651078786,1956-10-01,-14.499923748500237,14.499923748500237,-0.04021461675910509,0.04021461675910509,False,9153.793636168486,,
1956.02,1956,2,335.06954108497087,0.7315714285714287,344.6194637292325,325.6607962357874,1956,0.2026500584481904,1956-10-08,-25.493978278104294,25.493978278104294,-0.07608563343464046,0.07608563343464046,False,9153.793636168486,,
1956.03,1956,3,314.18068747134515,0.7638571428571428,323.62655383883583,309.0284073518941,1956,0.19001647978266953,1956-10-15,-20.888853613625713,20.888853613625713,-0.06648675251731022,0.06648675251731022,False,9153.793636168486,,True
1956.04,1956,4,315.17760864952277,0.7638571428571428,316.52242407738737,311.8155700798613,1956,0.19061941771123134,1956-10-22,0.9969211781776153,0.9969211781776153,0.0031630456949313006,0.0031630456949313006,False,9153.793636168486,,
1956.05,1956,5,316.52242407738737,0.763,316.52242407738737,316.52242407738737,1956,0.19143276208200385,1956-10-29,1.344815427864603,1.344815427864603,0.00424872086641105,0.00424872086641105,False,9153.793636168486,,
1956.06,1956,6,328.10773407724724,0.7421428571428572,346.9384943839358,306.020121877383,1956,0.19843955756991913,1956-11-05,11.585309999859874,11.585309999859874,0.035309469410837825,0.035309469410837825,False,9153.793636168486,,
1956.07,1956,7,374.22850508660514,0.6827142857142857,389.13393637134163,353.9823107128336,1956,0.22633339987637877,1956-11-12,46.120771009357895,46.120771009357895,0.12324227145306443,0.12324227145306443,False,9153.793636168486,,
1956.08,1956,8,406.40099394864137,0.6452857142857144,426.6328809909446,386.53109723034976,1956,0.2457913211401383,1956-11-19,32.17248886203623,32.17248886203623,0.07916439511981609,0.07916439511981609,False,9153.793636168486,,
1956.09,1956,9,458.0537664524905,0.5874285714285714,486.02502639130836,435.49688511870175,1956,0.2770309179504663,1956-11-26,51.65277250384912,51.65277250384912,0.11276574124449769,0.11276574124449769,False,9153.793636168486,,
1956.1,1956,10,539.5679122540475,0.5248571428571429,548.1781559247493,532.5192229643311,1956,0.32633067333124804,1956-12-03,81.51414580155705,81.51414580155705,0.15107300480681166,0.15107300480681166,False,9153.793636168486,,
1956.11,1956,11,542.890094175206,0.5224285714285715,548.1781559247493,542.0087505502821,1956,0.3283399289571646,1956-12-10,3.3221819211584034,3.3221819211584034,0.0061194373535322635,0.0061194373535322635,False,9153.793636168486,,
1956.12,1956,12,546.3398872025056,0.5195714285714287,550.9983234585969,542.0087505502821,1956,0.33042636378007534,1956-12-17,3.44979302729962,3.44979302729962,0.006314371526055034,0.006314371526055034,False,9153.793636168486,,
1956.13,1956,13,552.8958378184958,0.5142857142857142,562.8280752081156,542.0087505502821,1956,0.3343914027126263,1956-12-24,6.555950615990241,6.555950615990241,0.011857478692292893,0.011857478692292893,False,9153.793636168486,,
1956.14,1956,14,598.5758437366711,0.484,630.1125986840717,566.8540212047202,1956,0.36201867029193874,1956-12-31,45.68000591817531,45.68000591817531,0.07631448277801053,0.07631448277801053,False,9153.793636168486,,
1956.15,1956,15,631.5209453459611,0.46742857142857147,647.6489852382476,623.8090120652902,1957,0.38194386774523725,1957-01-07,32.945101609289964,32.945101609289964,0.05216786846434984,0.05216786846434984,False,9153.793636168486,,
1956.16,1956,16,647.6489852382475,0.4620000000000001,647.6489852382476,647.6489852382476,1957,0.3916981062720921,1957-01-14,16.128039892286438,16.128039892286438,0.024902439839928868,0.024902439839928868,False,9153.793636168486,,
1956.17,1956,17,659.5341930278647,0.4557142857142857,666.8063237852695,647.6489852382476,1957,0.3988862799432526,1957-01-21,11.885207789617198,11.885207789617198,0.01802060896199063,0.01802060896199063,False,9153.793636168486,,
1956.18,1956,18,686.2872677547597,0.44371428571428567,712.0837013457431,666.8063237852695,1957,0.41506653953807865,1957-01-28,26.753074726894965,26.753074726894965,0.038982327057326384,0.038982327057326384,False,9153.793636168486,,
1956.19,1956,19,742.0262948695698,0.4182857142857142,760.52821131929,720.3337222668207,1957,0.44877750313711584,1957-02-04,55.73902711481014,55.73902711481014,0.07511732063970551,0.07511732063970551,False,9153.793636168486,,
1956.2,1956,20,797.6745955212912,0.3972857142857143,834.6935677067364,760.52821131929,1957,0.48243359537127695,1957-02-11,55.64830065172134,55.64830065172134,0.06976316027133148,0.06976316027133148,False,9153.793636168486,,
1956.21,1956,21,954.7171263926942,0.3445714285714286,1086.4244972913411,847.0875422650073,1957,0.5774129180423013,1957-02-18,157.04253087140307,157.04253087140307,0.16449116343473694,0.16449116343473694,False,9153.793636168486,,
1956.22,1956,22,3537.5462951808418,0.12942857142857142,7605.802439351027,1172.2200796855432,1957,2.1395079993253727,1957-02-25,2582.8291687881474,2582.8291687881474,0.7301188318882796,0.7301188318882796,False,9153.793636168486,,
1956.23,1956,23,8892.837345278918,0.0012857142857142859,9153.793636168486,8270.080481480949,1957,5.378388026424689,1957-03-04,5355.291050098076,5355.291050098076,0.6022027438679203,0.6022027438679203,True,9153.793636168486,True,
1956.24,1956,24,8399.445907524954,0.0018571428571428573,8967.995664255424,7779.576654122658,1957,5.0799848848710925,1957-03-11,-493.39143775396406,493.39143775396406,-0.05874095067532265,0.05874095067532265,False,9153.793636168486,,
1956.25,1956,25,6835.710689769885,0.004000000000000001,7541.062100922166,6081.317073546183,1957,4.134237825172827,1957-03-18,-1563.7352177550692,1563.7352177550692,-0.22875971332363546,0.22875971332363546,False,9153.793636168486,,
1956.26,1956,26,5445.279944908497,0.011571428571428571,5886.181288951835,5008.694156859004,1957,3.2933053106806587,1957-03-25,-1390.4307448613881,1390.4307448613881,-0.2553460536333827,0.2553460536333827,False,9153.793636168486,,
1956.27,1956,27,4440.312002911732,0.026857142857142857,4812.525771225113,4110.977625580697,1957,2.685500699361015,1957-04-01,-1004.9679419967651,1004.9679419967651,-0.22632822678626144,0.22632822678626144,False,9153.793636168486,,
1956.28,1956,28,3872.4900123576926,0.041999999999999996,4036.981563379165,3688.949790985967,1957,2.342081959473933,1957-04-08,-567.8219905540391,567.8219905540391,-0.14662968496807854,0.14662968496807854,False,9153.793636168486,,
1956.29,1956,29,3464.8457400684124,0.05914285714285714,3600.306705040052,3355.9174512398436,1957,2.0955387035933755,1957-04-15,-407.64427228928025,407.64427228928025,-0.11765149240994245,0.11765149240994245,False,9153.793636168486,,
1956.3,1956,30,3057.8195180329562,0.083,3278.6645629042023,2873.0524012848505,1957,1.8493692445063319,1957-04-22,-407.02622203545616,407.02622203545616,-0.1331099561746827,0.1331099561746827,False,9153.793636168486,,
1956.31,1956,31,2663.507701392234,0.11142857142857143,2819.8276016694963,2496.800686844093,1957,1.6108894578020232,1957-04-29,-394.3118166407221,394.3118166407221,-0.14804230392674012,0.14804230392674012,False,9153.793636168486,,
1956.32,1956,32,2309.8729525056983,0.14271428571428574,2467.4434971899177,2187.823512835168,1957,1.3970111616754464,1957-05-06,-353.6347488865358,353.6347488865358,-0.15309705605363308,0.15309705605363308,False,9153.793636168486,,
1956.33,1956,33,2009.737803613279,0.17542857142857143,2139.216866369918,1881.0436962338129,1957,1.215489423625311,1957-05-13,-300.13514889241924,300.13514889241924,-0.1493404504571743,0.1493404504571743,False,9153.793636168486,,
1956.34,1956,34,1757.6039368969662,0.2007142857142857,1871.7016074586716,1645.7136786211431,1957,1.062998861035285,1957-05-20,-252.13386671631292,252.13386671631292,-0.1434531758966431,0.1434531758966431,False,9153.793636168486,,
1956.35,1956,35,1493.291435179003,0.23142857142857146,1609.5195834351925,1392.1184694738974,1957,0.9031426599962609,1957-05-27,-264.3125017179632,264.3125017179632,-0.17699994488100687,0.17699994488100687,False,9153.793636168486,,
1956.36,1956,36,1269.306562749171,0.26357142857142857,1365.945584949549,1186.6620966242278,1957,0.7676766091506987,1957-06-03,-223.98487242983197,223.98487242983197,-0.1764623921463911,0.1764623921463911,False,9153.793636168486,,
1956.37,1956,37,1117.9453456265576,0.296,1172.2200796855432,1073.2959927204865,1957,0.676133345034942,1957-06-10,-151.36121712261343,151.36121712261343,-0.13539232281322514,0.13539232281322514,False,9153.793636168486,,
1956.38,1956,38,982.8830973496449,0.3365714285714286,1042.8375986738163,906.4211780013767,1957,0.5944476972770653,1957-06-17,-135.06224827691267,135.06224827691267,-0.13741435643883745,0.13741435643883745,False,9153.793636168486,,
1956.39,1956,39,834.0524199801149,0.3847142857142858,891.8619896951615,779.3663976124346,1957,0.5044349036039736,1957-06-24,-148.83067736953,148.83067736953,-0.1784428338126258,0.1784428338126258,False,9153.793636168486,,
1956.4,1956,40,703.1187576755663,0.43642857142857144,748.233943314839,659.9420006160087,1957,0.4252462246421824,1957-07-01,-130.93366230454865,130.93366230454865,-0.18621841740846315,0.18621841740846315,False,9153.793636168486,,
1956.41,1956,41,617.6880429458106,0.47471428571428576,647.6489852382476,589.2318351168824,1957,0.3735777283736262,1957-07-08,-85.43071472975566,85.43071472975566,-0.13830721786733768,0.13830721786733768,False,9153.793636168486,,
1956.42,1956,42,563.7974620552762,0.5052857142857143,583.0034913422678,548.1781559247493,1957,0.34098470505103107,1957-07-15,-53.89058089053435,53.89058089053435,-0.09558500085133546,0.09558500085133546,False,9153.793636168486,,
1956.43,1956,43,525.6790044244442,0.534,542.0087505502821,505.01787451967766,1957,0.3179306618759039,1957-07-22,-38.11845763083204,38.11845763083204,-0.0725128021283011,0.0725128021283011,False,9153.793636168486,,
1956.44,1956,44,479.9202339423491,0.5645714285714286,494.68108319071365,467.1571483252964,1957,0.2902557574883327,1957-07-29,-45.75877048209509,45.75877048209509,-0.09534661647041934,0.09534661647041934,False,9153.793636168486,,
1956.45,1956,45,450.2320900309258,0.5955714285714285,462.56506724863937,435.49688511870175,1957,0.2723003680507039,1957-08-05,-29.68814391142331,29.68814391142331,-0.06593964439403703,0.06593964439403703,False,9153.793636168486,,
1956.46,1956,46,422.6532138511214,0.6262857142857142,430.9578316629287,413.7323824701425,1957,0.2556206637371582,1957-08-12,-27.57887617980441,27.57887617980441,-0.06525178391171303,0.06525178391171303,False,9153.793636168486,,
1956.47,1956,47,393.09691574833124,0.660142857142857,408.00454625357366,380.8369423592014,1957,0.23774501464459072,1957-08-19,-29.55629810279015,29.55629810279015,-0.07518832358815225,0.07518832358815225,False,9153.793636168486,,
1956.48,1956,48,370.8071194522058,0.6884285714285715,377.11676084070143,360.34880084276085,1957,0.22426414584469406,1957-08-26,-22.289796296125417,22.289796296125417,-0.060111565088216704,0.060111565088216704,False,9153.793636168486,,
1956.49,1956,49,347.3230738211717,0.7137142857142857,360.34880084276085,338.3210417029997,1957,0.21006099504704465,1957-09-02,-23.48404563103412,23.48404563103412,-0.06761441263509459,0.06761441263509459,False,9153.793636168486,,
1956.5,1956,50,325.63480672352995,0.7474285714285714,335.4728177879068,316.52242407738737,1957,0.19694393110639088,1957-09-09,-21.688267097641756,21.688267097641756,-0.06660303705204186,0.06660303705204186,False,9153.793636168486,,
1956.51,1956,51,308.41192998790524,0.7719999999999999,316.52242407738737,302.30479186612183,1957,0.18652753525668508,1957-09-16,-17.22287673562471,17.22287673562471,-0.055843743581190666,0.055843743581190666,False,9153.793636168486,,
1956.52,1956,52,299.6922731189233,0.7854285714285714,302.30479186612183,294.72326674738565,1957,0.18125388678232485,1957-09-23,-8.719656868981929,8.719656868981929,-0.02909536765241128,0.02909536765241128,False,9153.793636168486,,
1956.53,1956,53,290.5219447532691,0.797,290.5219447532691,290.5219447532691,1957,0.02510109602668245,1957-09-30,-9.1703283656542,9.1703283656542,-0.03156501094415523,0.03156501094415523,False,9153.793636168486,,
1957.01,1957,1,286.60599075356714,0.8055714285714285,290.5219447532691,283.6079686159883,1957,0.17333930320775742,1957-10-01,-3.9159539997019692,3.9159539997019692,-0.01366319660452956,0.01366319660452956,False,9912.101075056224,,True
1957.02,1957,2,290.0455340685497,0.7978571428571428,290.5219447532691,287.1870699602335,1957,0.1754195390046589,1957-10-08,3.4395433149825863,3.4395433149825863,0.01185863221796644,0.01185863221796644,False,9912.101075056224,,
1957.03,1957,3,291.12213360957145,0.7965714285714286,294.72326674738565,290.5219447532691,1957,0.17607066640706884,1957-10-15,1.0765995410217215,1.0765995410217215,0.0036981026748916534,0.0036981026748916534,False,9912.101075056224,,
1957.04,1957,4,307.7391421485322,0.772142857142857,309.0284073518941,306.020121877383,1957,0.18612063317143226,1957-10-22,16.61700853896076,16.61700853896076,0.05399705875224822,0.05399705875224822,False,9912.101075056224,,
1957.05,1957,5,308.2536700586665,0.7715714285714286,311.8155700798613,299.18021087320443,1957,0.1864318196514815,1957-10-29,0.5145279101342908,0.5145279101342908,0.001669170427188641,0.001669170427188641,False,9912.101075056224,,
1957.06,1957,6,320.6220848809401,0.756142857142857,323.62655383883583,316.52242407738737,1957,0.19391223693599255,1957-11-05,12.368414822273621,12.368414822273621,0.038576303397398565,0.038576303397398565,False,9912.101075056224,,
1957.07,1957,7,329.22398346025676,0.7405714285714284,331.6115672476363,325.6607962357874,1957,0.1991146651967633,1957-11-12,8.60189857931664,8.60189857931664,0.02612780055969113,0.02612780055969113,False,9912.101075056224,,
1957.08,1957,8,341.1469716202447,0.7235714285714286,360.34880084276085,335.4728177879068,1957,0.20632568843592403,1957-11-19,11.922988159987938,11.922988159987938,0.034949711273592296,0.034949711273592296,False,9912.101075056224,,
1957.09,1957,9,374.38979653842415,0.6832857142857144,398.1467533267305,350.2192051008483,1957,0.22643094894643898,1957-11-26,33.24282491817945,33.24282491817945,0.08879201630370205,0.08879201630370205,False,9912.101075056224,,
1957.1,1957,10,372.6231397676794,0.6850000000000002,398.1467533267305,350.2192051008483,1957,0.22536247493149253,1957-12-03,-1.7666567707447598,1.7666567707447598,-0.004741135432024493,0.004741135432024493,False,9912.101075056224,,
1957.11,1957,11,474.7904766485265,0.5751428571428571,537.7325322740754,408.00454625357366,1957,0.2871532802770288,1957-12-10,102.16733688084713,102.16733688084713,0.2151840483449263,0.2151840483449263,False,9912.101075056224,,
1957.12,1957,12,632.7621415798031,0.4677142857142857,673.1577568282033,571.8920920403683,1957,0.38269454322746493,1957-12-17,157.97166493127662,157.97166493127662,0.24965410309926617,0.24965410309926617,False,9912.101075056224,,
1957.13,1957,13,739.3181588401903,0.4211428571428572,834.6935677067364,682.3088631722309,1957,0.44713962246654715,1957-12-24,106.5560172603872,106.5560172603872,0.14412741792727987,0.14412741792727987,False,9912.101075056224,,
1957.14,1957,14,1013.371981845156,0.33085714285714285,1327.7083044595875,876.9389119074414,1957,0.6128873746199504,1957-12-31,274.0538230049657,274.0538230049657,0.27043753716771035,0.27043753716771035,False,9912.101075056224,,
1957.15,1957,15,1372.2735296221306,0.24900000000000005,1492.9232463956196,1182.7486219934508,1958,0.8299510307154645,1958-01-07,358.90154777697455,358.90154777697455,0.2615379077346203,0.2615379077346203,False,9912.101075056224,,
1957.16,1957,16,1436.893817050279,0.23914285714285713,1466.3705361774826,1399.6225280663384,1958,0.8690333805520086,1958-01-14,64.62028742814846,64.62028742814846,0.044972207870449275,0.044972207870449275,False,9912.101075056224,,
1957.17,1957,17,1743.803744367326,0.2031428571428571,2102.0563354773317,1511.0711996298642,1958,1.0546525045933588,1958-01-21,306.90992731704705,306.90992731704705,0.17600026855567846,0.17600026855567846,False,9912.101075056224,,
1957.18,1957,18,3942.1796640997995,0.05342857142857143,5569.845470794792,2423.365591149523,1958,2.384230260847559,1958-01-28,2198.3759197324734,2198.3759197324734,0.5576549287574073,0.5576549287574073,False,9912.101075056224,,
1957.19,1957,19,8165.102503931889,0.0021428571428571434,9014.29528786231,6407.231971335578,1958,4.938253994378006,1958-02-04,4222.92283983209,4222.92283983209,0.5171916504169483,0.5171916504169483,False,9912.101075056224,,
1957.2,1957,20,8808.838891306597,0.001571428571428572,9294.189427718044,8539.833006270135,1958,5.327585761462229,1958-02-11,643.7363873747081,643.7363873747081,0.07307846077307743,0.07307846077307743,False,9912.101075056224,,
1957.21,1957,21,9833.571092009772,0.0005714285714285715,9912.101075056224,9696.831901690146,1958,5.947343796447509,1958-02-18,1024.7322007031744,1024.7322007031744,0.10420753469060862,0.10420753469060862,True,9912.101075056224,True,
1957.22,1957,22,9639.96235878919,0.0007142857142857143,9912.101075056224,9270.727831303786,1958,5.830249234595702,1958-02-25,-193.6087332205825,193.6087332205825,-0.020083971909294923,0.020083971909294923,False,9912.101075056224,,
1957.23,1957,23,9200.638564377474,0.001,9270.727831303786,9037.482593081904,1958,5.564546203735497,1958-03-04,-439.3237944117154,439.3237944117154,-0.0477492721116842,0.0477492721116842,False,9912.101075056224,,
1957.24,1957,24,8409.45153042284,0.0020000000000000005,8921.796057856025,7867.080491082938,1958,5.086036285599733,1958-03-11,-791.1870339546331,791.1870339546331,-0.0940830720163329,0.0940830720163329,False,9912.101075056224,,
1957.25,1957,25,7370.601190824906,0.0029999999999999996,7670.774803256298,7094.401865543926,1958,4.457739600210902,1958-03-18,-1038.850339597935,1038.850339597935,-0.14094512953585386,0.14094512953585386,False,9912.101075056224,,
1957.26,1957,26,6406.884409772805,0.005,6912.3525182703015,5924.638930711067,1958,3.874883691030593,1958-03-25,-963.7167810521005,963.7167810521005,-0.15041894303291714,0.15041894303291714,False,9912.101075056224,,
1957.27,1957,27,5409.5586887302925,0.012,5767.711743244887,5026.681589958155,1958,3.2717010949440812,1958-04-01,-997.3257210425127,997.3257210425127,-0.184363601252767,0.184363601252767,False,9912.101075056224,,
1957.28,1957,28,4468.226838093653,0.02614285714285714,4838.446655269836,4110.977625580697,1958,2.7023835916790415,1958-04-08,-941.3318506366395,941.3318506366395,-0.2106723505197543,0.2106723505197543,False,9912.101075056224,,
1957.29,1957,29,3832.9014077671404,0.04342857142857143,4036.981563379165,3573.2680912123824,1958,2.318138771417566,1958-04-15,-635.3254303265126,635.3254303265126,-0.165755745514107,0.165755745514107,False,9912.101075056224,,
1957.3,1957,30,3334.0717446291483,0.06614285714285714,3488.168641405712,3139.3228726318957,1958,2.016446591151709,1958-04-22,-498.82966313799216,498.82966313799216,-0.14961575555221815,0.14961575555221815,False,9912.101075056224,,
1957.31,1957,31,2848.1664094024386,0.09757142857142856,3049.547329305057,2680.6729909616597,1958,1.722571044406595,1958-04-29,-485.90533522670967,485.90533522670967,-0.17060286000938243,0.17060286000938243,False,9912.101075056224,,
1957.32,1957,32,2484.2106366793623,0.126,2645.619049709331,2345.660513136817,1958,1.5024505930636782,1958-05-06,-363.9557727230763,363.9557727230763,-0.14650761386706523,0.14650761386706523,False,9912.101075056224,,
1957.33,1957,33,2176.5460578322186,0.1575714285714286,2301.531632213161,2067.468969295266,1958,1.3163750557769256,1958-05-13,-307.66457884714373,307.66457884714373,-0.14135449959353003,0.14135449959353003,False,9912.101075056224,,
1957.34,1957,34,1893.1030308526326,0.18714285714285714,2028.446564081993,1751.5174261192885,1958,1.1449487130596723,1958-05-20,-283.44302697958597,283.44302697958597,-0.14972403633621903,0.14972403633621903,False,9912.101075056224,,
1957.35,1957,35,1600.655438273198,0.21814285714285714,1716.4923972873114,1492.9232463956196,1958,0.96807640906763,1958-05-27,-292.44759257943474,292.44759257943474,-0.18270490049684268,0.18270490049684268,False,9912.101075056224,,
1957.36,1957,36,1328.83003443047,0.2542857142857143,1454.6784350498776,1216.5619918456675,1958,0.8036764048235483,1958-06-03,-271.82540384272784,271.82540384272784,-0.2045599488268873,0.2045599488268873,False,9912.101075056224,,
1957.37,1957,37,1138.65437386425,0.29071428571428576,1195.2983332432605,1080.0406798008228,1958,0.6886581653130983,1958-06-10,-190.17566056622013,190.17566056622013,-0.16701789843464196,0.16701789843464196,False,9912.101075056224,,
1957.38,1957,38,999.043767907034,0.33185714285714285,1059.9978690640885,941.1240560143013,1958,0.6042216708301742,1958-06-17,-139.61060595721597,139.61060595721597,-0.1397442338784575,0.1397442338784575,False,9912.101075056224,,
1957.39,1957,39,854.0595955680799,0.37700000000000006,906.4211780013767,803.6892968412517,1958,0.5165352433995746,1958-06-24,-144.98417233895407,144.98417233895407,-0.16975884714756642,0.16975884714756642,False,9912.101075056224,,
1957.4,1957,40,750.0581683798302,0.4155714285714286,779.3663976124346,720.3337222668207,1958,0.4536351802361214,1958-07-01,-104.00142718824964,104.00142718824964,-0.13865781558368845,0.13865781558368845,False,9912.101075056224,,
1957.41,1957,41,686.4109554384726,0.44357142857142856,712.0837013457431,666.8063237852695,1958,0.4151413458491882,1958-07-08,-63.64721294135768,63.64721294135768,-0.09272464612791687,0.09272464612791687,False,9912.101075056224,,
1957.42,1957,42,636.4873653217247,0.4658571428571428,659.9420006160087,615.6277736669467,1958,0.38494755854657914,1958-07-15,-49.923590116747846,49.923590116747846,-0.07843610547007954,0.07843610547007954,False,9912.101075056224,,
1957.43,1957,43,592.5248594868951,0.48714285714285716,608.7950640130589,571.8920920403683,1958,0.35835903501767424,1958-07-22,-43.962505834829585,43.962505834829585,-0.07419520908017177,0.07419520908017177,False,9912.101075056224,,
1957.44,1957,44,562.0640280893818,0.5062857142857143,571.8920920403683,550.9983234585969,1958,0.33993632418845815,1958-07-29,-30.46083139751329,30.46083139751329,-0.0541945932762473,0.0541945932762473,False,9912.101075056224,,
1957.45,1957,45,543.4920084544162,0.5215714285714287,550.9983234585969,532.5192229643311,1958,0.328703966713231,1958-08-05,-18.572019634965613,18.572019634965613,-0.03417165173740229,0.03417165173740229,False,9912.101075056224,,
1957.46,1957,46,513.089864648424,0.542,527.3375978981461,494.68108319071365,1958,0.3103167501393669,1958-08-12,-30.402143805992182,30.402143805992182,-0.05925305857839178,0.05925305857839178,False,9912.101075056224,,
1957.47,1957,47,481.954237933178,0.5611428571428572,489.3436243127323,472.4927083802066,1958,0.291485923101986,1958-08-19,-31.135626715246076,31.135626715246076,-0.06460286945243746,0.06460286945243746,False,9912.101075056224,,
1957.48,1957,48,464.16158005293755,0.5814285714285715,470.1789493868897,455.65515596238953,1958,0.28072492361601664,1958-08-26,-17.792657880240426,17.792657880240426,-0.03833289665683053,0.03833289665683053,False,9912.101075056224,,
1957.49,1957,49,444.2926958088409,0.6027142857142856,453.07261391760653,435.49688511870175,1958,0.268708222425187,1958-09-02,-19.868884244096648,19.868884244096648,-0.04472025858522179,0.04472025858522179,False,9912.101075056224,,
1957.5,1957,50,419.37417307835636,0.6302857142857142,426.6328809909446,408.00454625357366,1958,0.25363749987779,1958-09-09,-24.91852273048454,24.91852273048454,-0.05941835317986722,0.05941835317986722,False,9912.101075056224,,
1957.51,1957,51,391.9434462909459,0.6617142857142857,408.00454625357366,380.8369423592014,1958,0.2370473963167641,1958-09-16,-27.430726787410492,27.430726787410492,-0.06998644076586556,0.06998644076586556,False,9912.101075056224,,
1957.52,1957,52,377.5377999319865,0.6801428571428572,380.8369423592014,373.01012538244936,1958,0.22833486139886544,1958-09-23,-14.405646358959359,14.405646358959359,-0.038156831876316855,0.038156831876316855,False,9912.101075056224,,
1957.53,1957,53,373.01012538244936,0.6880000000000001,373.01012538244936,373.01012538244936,1958,0.03222807483304362,1958-09-30,-4.527674549537153,4.527674549537153,-0.012138208164979175,0.012138208164979175,False,9912.101075056224,,
1958.01,1958,1,357.8512594915066,0.7004285714285715,370.36474529587133,353.9823107128336,1958,0.21642844174046322,1958-10-01,-15.158865890942764,15.158865890942764,-0.04236080072062049,0.04236080072062049,False,4432.218100140775,,
1958.02,1958,2,353.9823107128336,0.704,353.9823107128336,353.9823107128336,1958,0.21408850151912176,1958-10-08,-3.868948778672973,3.868948778672973,-0.010929779996299415,0.010929779996299415,False,4432.218100140775,,
1958.03,1958,3,331.3461841505011,0.7380000000000001,350.2192051008483,323.62655383883583,1958,0.200398172174223,1958-10-15,-22.63612656233255,22.63612656233255,-0.06831563979034982,0.06831563979034982,False,4432.218100140775,,True
1958.04,1958,4,341.20882228413336,0.7228571428571428,360.34880084276085,325.6607962357874,1958,0.20636309571744385,1958-10-22,9.862638133632288,9.862638133632288,0.028904991575567807,0.028904991575567807,False,4432.218100140775,,
1958.05,1958,5,375.66386033914245,0.6822857142857144,380.8369423592014,370.36474529587133,1958,0.22720150273311338,1958-10-29,34.455038055009084,34.455038055009084,0.09171773410384408,0.09171773410384408,False,4432.218100140775,,
1958.06,1958,6,393.5798382297207,0.6602857142857143,402.90237744418727,380.8369423592014,1958,0.23803708616133507,1958-11-05,17.915977890578233,17.915977890578233,0.04552056825665246,0.04552056825665246,False,4432.218100140775,,
1958.07,1958,7,400.86425282242004,0.6518571428571429,402.90237744418727,398.1467533267305,1958,0.24244270010699967,1958-11-12,7.284414592699363,7.284414592699363,0.018171773964405617,0.018171773964405617,False,4432.218100140775,,
1958.08,1958,8,419.3041556820208,0.63,426.6328809909446,402.90237744418727,1958,0.25359515335648614,1958-11-19,18.43990285960075,18.43990285960075,0.043977391136530125,0.043977391136530125,False,4432.218100140775,,
1958.09,1958,9,460.7082220457863,0.5845714285714285,489.3436243127323,435.49688511870175,1958,0.2786363326932915,1958-11-26,41.40406636376548,41.40406636376548,0.0898704741580467,0.0898704741580467,False,4432.218100140775,,
1958.1,1958,10,548.9861997017058,0.5168571428571429,563.9275439778775,523.0192327708844,1958,0.33202685357959166,1958-12-03,88.27797765591953,88.27797765591953,0.16080181560827173,0.16080181560827173,False,4432.218100140775,,
1958.11,1958,11,637.0031971120771,0.4662857142857143,673.1577568282033,577.9502839498093,1958,0.3852595336133843,1958-12-10,88.01699741037135,88.01699741037135,0.13817355675671003,0.13817355675671003,False,4432.218100140775,,
1958.12,1958,12,698.1893559933989,0.43871428571428567,712.0837013457431,682.3088631722309,1958,0.4222649225048076,1958-12-17,61.18615888132172,61.18615888132172,0.08763547933821582,0.08763547933821582,False,4432.218100140775,,
1958.13,1958,13,853.1896656652456,0.3787142857142857,997.6786758623872,739.6475434553279,1958,0.5160091097943406,1958-12-24,155.0003096718467,155.0003096718467,0.18167157422258567,0.18167157422258567,False,4432.218100140775,,
1958.14,1958,14,915.1956011845485,0.3552857142857143,924.6839937244496,905.4211927358452,1958,0.5535102995964148,1958-12-31,62.005935519302966,62.005935519302966,0.06775156637449738,0.06775156637449738,False,4432.218100140775,,
1958.15,1958,15,859.6077773223067,0.375,905.4211927358452,817.7246825595828,1959,0.519890783724531,1959-01-07,-55.58782386224186,55.58782386224186,-0.06466649712663014,0.06466649712663014,False,4432.218100140775,,
1958.16,1958,16,820.3701316056997,0.38971428571428574,834.6935677067364,817.7246825595828,1959,0.4961598555951272,1959-01-14,-39.23764571660695,39.23764571660695,-0.0478291983154087,0.0478291983154087,False,4432.218100140775,,
1958.17,1958,17,837.2937546816918,0.38185714285714284,847.0875422650073,819.2739407352476,1959,0.5063952628314872,1959-01-21,16.923623075992055,16.923623075992055,0.020212288675705927,0.020212288675705927,False,4432.218100140775,,
1958.18,1958,18,882.0553602444305,0.36642857142857144,905.4211927358452,847.0875422650073,1959,0.5334670818758315,1959-01-28,44.76160556273874,44.76160556273874,0.05074693446716841,0.05074693446716841,False,4432.218100140775,,
1958.19,1958,19,932.2564306641347,0.3498571428571428,976.7769450097452,905.4211927358452,1959,0.5638286892656685,1959-02-04,50.20107041970414,50.20107041970414,0.05384899344050773,0.05384899344050773,False,4432.218100140775,,
1958.2,1958,20,1055.6148273482272,0.31714285714285717,1080.0406798008228,997.6786758623872,1959,0.6384358475802079,1959-02-11,123.35839668409255,123.35839668409255,0.11685928758122585,0.11685928758122585,False,4432.218100140775,,
1958.21,1958,21,1090.7855521921363,0.3037142857142857,1107.711819429938,1080.0406798008228,1959,0.6597071019658041,1959-02-18,35.170724843909056,35.170724843909056,0.03224348248216796,0.03224348248216796,False,4432.218100140775,,
1958.22,1958,22,1125.1869803440393,0.29328571428571426,1166.683447695578,1107.711819429938,1959,0.680513085712075,1959-02-25,34.40142815190302,34.40142815190302,0.03057396570780118,0.03057396570780118,False,4432.218100140775,,
1958.23,1958,23,1304.3031368580544,0.25857142857142856,1466.3705361774826,1182.7486219934508,1959,0.7888425371717513,1959-03-04,179.11615651401507,179.11615651401507,0.13732709172615296,0.13732709172615296,False,4432.218100140775,,
1958.24,1958,24,2060.792115287048,0.16999999999999998,2671.4046921253907,1559.6365373841436,1959,1.2463670713256068,1959-03-11,756.4889784289937,756.4889784289937,0.3670865065997316,0.3670865065997316,False,4432.218100140775,,
1958.25,1958,25,3728.8808139044954,0.05142857142857144,4336.075193196632,2931.535401286021,1959,2.255227116249438,1959-03-18,1668.0886986174473,1668.0886986174473,0.44734299160149305,0.44734299160149305,False,4432.218100140775,,
1958.26,1958,26,4347.468197194844,0.02885714285714286,4432.218100140775,4110.977625580697,1959,2.6293487656634422,1959-03-25,618.5873832903485,618.5873832903485,0.14228681044509658,0.14228681044509658,True,4432.218100140775,True,
1958.27,1958,27,3894.6756681537663,0.04114285714285714,4076.122635680716,3639.447141738064,1959,2.3554998440993975,1959-04-01,-452.7925290410776,452.7925290410776,-0.11625936730585824,0.11625936730585824,False,4432.218100140775,,
1958.28,1958,28,3416.9785094920762,0.061714285714285715,3537.052200710891,3227.9047484993603,1959,2.0665886025408073,1959-04-08,-477.6971586616901,477.6971586616901,-0.13980104274425137,0.13980104274425137,False,4432.218100140775,,
1958.29,1958,29,2963.54880322683,0.08928571428571429,3139.3228726318957,2802.8093610937553,1959,1.792354316191587,1959-04-15,-453.4297062652463,453.4297062652463,-0.15300227408825998,0.15300227408825998,False,4432.218100140775,,
1958.3,1958,30,2597.054578591561,0.11671428571428573,2742.499149867776,2467.4434971899177,1959,1.5706986091321762,1959-04-22,-366.4942246352689,366.4942246352689,-0.14111918465495887,0.14111918465495887,False,4432.218100140775,,
1958.31,1958,31,2323.727871989009,0.14071428571428574,2423.365591149523,2231.78898915399,1959,1.4053906169789525,1959-04-29,-273.3267066025519,273.3267066025519,-0.11762423212172268,0.11762423212172268,False,4432.218100140775,,
1958.32,1958,32,2112.256038764807,0.16471428571428573,2195.2181702718217,2019.8353690960687,1959,1.277492452244955,1959-05-06,-211.47183322420233,211.47183322420233,-0.10011657173335181,0.10011657173335181,False,4432.218100140775,,
1958.33,1958,33,1895.1577675193764,0.18685714285714283,2004.1930578689712,1807.794012387604,1959,1.1461914177957189,1959-05-13,-217.0982712454304,217.0982712454304,-0.11455419436113555,0.11455419436113555,False,4432.218100140775,,
1958.34,1958,34,1662.3460313076064,0.2112857142857143,1751.5174261192885,1559.6365373841436,1959,1.0053868797348404,1959-05-20,-232.81173621177004,232.81173621177004,-0.14005010498845397,0.14005010498845397,False,4432.218100140775,,
1958.35,1958,35,1442.2632561938146,0.23828571428571427,1528.006983766956,1355.589210120566,1959,0.872280817346019,1959-05-27,-220.08277511379174,220.08277511379174,-0.15259542539730106,0.15259542539730106,False,4432.218100140775,,
1958.36,1958,36,1218.8826115700724,0.2725714285714286,1327.7083044595875,1132.2744617454025,1959,0.73718020347758,1959-06-03,-223.38064462374223,223.38064462374223,-0.18326674160688877,0.18326674160688877,False,4432.218100140775,,
1958.37,1958,37,1088.4597791473648,0.30514285714285716,1125.7884692412713,1022.7291742398579,1959,0.6583004744283261,1959-06-10,-130.42283242270764,130.42283242270764,-0.11982329059956005,0.11982329059956005,False,4432.218100140775,,
1958.38,1958,38,887.5303126075754,0.3661428571428571,971.4321659369264,803.6892968412517,1959,0.5367783330650617,1959-06-17,-200.92946653978936,200.92946653978936,-0.22639166649920497,0.22639166649920497,False,4432.218100140775,,
1958.39,1958,39,715.3602693149742,0.4308571428571429,768.4460718744957,659.9420006160087,1959,0.43264989088169636,1959-06-24,-172.17004329260124,172.17004329260124,-0.2406759931712038,0.2406759931712038,False,4432.218100140775,,
1958.4,1958,40,609.3815766887338,0.47928571428571426,647.6489852382476,571.8920920403683,1959,0.3685539775813463,1959-07-01,-105.97869262624033,105.97869262624033,-0.17391187505554212,0.17391187505554212,False,4432.218100140775,,
1958.41,1958,41,542.7583088584649,0.521,563.9275439778775,523.0192327708844,1959,0.32826022519759956,1959-07-08,-66.6232678302689,66.6232678302689,-0.12274942040112047,0.12274942040112047,False,4432.218100140775,,
1958.42,1958,42,498.88251222010865,0.5507142857142858,516.7730027239134,479.56309760929685,1959,0.3017241433907217,1959-07-15,-43.87579663835629,43.87579663835629,-0.08794815525423377,0.08794815525423377,False,4432.218100140775,,
1958.43,1958,43,465.9480225650365,0.5785714285714285,477.3484869166725,455.65515596238953,1959,0.28180536404733414,1959-07-22,-32.93448965507213,32.93448965507213,-0.07068275442777562,0.07068275442777562,False,4432.218100140775,,
1958.44,1958,44,435.4420179007192,0.6107142857142858,445.541354005931,426.6328809909446,1959,0.26335533242635495,1959-07-29,-30.506004664317345,30.506004664317345,-0.07005755855024702,0.07005755855024702,False,4432.218100140775,,
1958.45,1958,45,411.09639201727924,0.64,422.4698189706656,398.1467533267305,1959,0.24863109789205046,1959-08-05,-24.345625883439936,24.345625883439936,-0.05922121029565406,0.05922121029565406,False,4432.218100140775,,
1958.46,1958,46,384.15478671381834,0.6714285714285714,391.8169121240828,377.11676084070143,1959,0.2323368150045173,1959-08-12,-26.941605303460904,26.941605303460904,-0.07013216087694214,0.07013216087694214,False,4432.218100140775,,
1958.47,1958,47,359.60388123492896,0.7002857142857144,373.01012538244936,344.6194637292325,1959,0.21748842737088506,1959-08-19,-24.550905478889376,24.550905478889376,-0.0682720814763684,0.0682720814763684,False,4432.218100140775,,
1958.48,1958,48,334.6581663482458,0.7318571428571428,340.5953058875766,325.6607962357874,1959,0.20240125900741904,1959-08-26,-24.945714886683163,24.945714886683163,-0.07454088199576345,0.07454088199576345,False,4432.218100140775,,
1958.49,1958,49,312.2596544754102,0.767,323.62655383883583,302.30479186612183,1959,0.18885463902672808,1959-09-02,-22.398511872835627,22.398511872835627,-0.07173040625585994,0.07173040625585994,False,4432.218100140775,,
1958.5,1958,50,293.4236069601883,0.7954285714285714,302.30479186612183,281.3222739992266,1959,0.17746259748952187,1959-09-09,-18.83604751522188,18.83604751522188,-0.06419404256651222,0.06419404256651222,False,4432.218100140775,,
1958.51,1958,51,269.7253731038178,0.8385714285714284,275.9224808516464,266.78604271350054,1959,0.16312990565318897,1959-09-16,-23.698233856370507,23.698233856370507,-0.08786060274444041,0.08786060274444041,False,4432.218100140775,,
1958.52,1958,52,257.6784570613351,0.8621428571428572,266.78604271350054,246.1954239432886,1959,0.15584393083069553,1959-09-23,-12.046916042482678,12.046916042482678,-0.046751739279528345,0.046751739279528345,False,4432.218100140775,,
1958.53,1958,53,243.2796862142866,0.884,243.2796862142866,243.2796862142866,1959,0.02101936488891436,1959-09-30,-14.398770847048496,14.398770847048496,-0.05918607949192154,0.05918607949192154,False,4432.218100140775,,
1959.01,1959,1,233.54860133225222,0.9005714285714286,243.2796862142866,226.3790707324809,1959,0.14125019408574613,1959-10-01,-9.731084882034395,9.731084882034395,-0.04166620920238655,0.04166620920238655,False,4629.081161917657,,
1959.02,1959,2,213.79268949832604,0.933,224.67104686473823,206.59664326312716,1959,0.12930181860858755,1959-10-08,-19.755911833926177,19.755911833926177,-0.09240686330427993,0.09240686330427993,False,4629.081161917657,,
1959.03,1959,3,203.14684997179734,0.9465714285714285,206.59664326312716,201.17011281861932,1959,0.12286321486294302,1959-10-15,-10.645839526528704,10.645839526528704,-0.0524046497792442,0.0524046497792442,False,4629.081161917657,,
1959.04,1959,4,198.02120785712376,0.9595714285714285,201.17011281861932,195.20770377157243,1959,0.11976322651198845,1959-10-22,-5.125642114673582,5.125642114673582,-0.02588430890883079,0.02588430890883079,False,4629.081161917657,,True
1959.05,1959,5,199.93904396705767,0.9545714285714285,209.2745177174335,194.7956741845264,1959,0.12092313379127649,1959-10-29,1.9178361099339156,1.9178361099339156,0.0095921040327166,0.0095921040327166,False,4629.081161917657,,
1959.06,1959,6,223.61789379354977,0.9188571428571429,229.36508545768086,212.05144921368182,1959,0.13524410216633892,1959-11-05,23.678849826492097,23.678849826492097,0.10588978111185086,0.10588978111185086,False,4629.081161917657,,
1959.07,1959,7,236.31578484909116,0.8948571428571429,243.2796862142866,229.36508545768086,1959,0.14292378667673034,1959-11-12,12.69789105554139,12.69789105554139,0.05373272489457331,0.05373272489457331,False,4629.081161917657,,
1959.08,1959,8,255.8697422936772,0.8631428571428571,306.020121877383,243.2796862142866,1959,0.154750020139216,1959-11-19,19.553957444586047,19.553957444586047,0.07642153100753424,0.07642153100753424,False,4629.081161917657,,
1959.09,1959,9,270.8833891888809,0.835,283.6079686159883,239.64129376144416,1959,0.16383027378143517,1959-11-26,15.01364689520372,15.01364689520372,0.05542476022675218,0.05542476022675218,False,4629.081161917657,,
1959.1,1959,10,309.38885674590523,0.770142857142857,331.6115672476363,290.5219447532691,1959,0.18711838055992347,1959-12-03,38.5054675570243,38.5054675570243,0.12445654301198074,0.12445654301198074,False,4629.081161917657,,
1959.11,1959,11,374.13221997366685,0.6825714285714285,402.90237744418727,344.6194637292325,1959,0.22627516664007372,1959-12-10,64.74336322776162,64.74336322776162,0.17304941881861594,0.17304941881861594,False,4629.081161917657,,
1959.12,1959,12,433.5279360983542,0.614,462.56506724863937,420.28892993659525,1959,0.26219769575228463,1959-12-17,59.39571612468734,59.39571612468734,0.1370055103235891,0.1370055103235891,False,4629.081161917657,,
1959.13,1959,13,483.52234361642866,0.5627142857142856,516.7730027239134,467.1571483252964,1959,0.29243431341921605,1959-12-24,49.99440751807447,49.99440751807447,0.10339627150246922,0.10339627150246922,False,4629.081161917657,,
1959.14,1959,14,539.7090237266593,0.5245714285714287,548.1781559247493,527.3375978981461,1959,0.3264160175498836,1959-12-31,56.18668011023067,56.18668011023067,0.10410550433688308,0.10410550433688308,False,4629.081161917657,,
1959.15,1959,15,552.6882879942425,0.5137142857142857,562.8280752081156,550.9983234585969,1960,0.3342658765789179,1960-01-07,12.979264267583176,12.979264267583176,0.023483877891978026,0.023483877891978026,False,4629.081161917657,,
1959.16,1959,16,578.3210341642164,0.49514285714285716,589.2318351168824,562.8280752081156,1960,0.34976856146251806,1960-01-14,25.63274616997387,25.63274616997387,0.04432269389443538,0.04432269389443538,False,4629.081161917657,,
1959.17,1959,17,622.6065881268352,0.473,666.8063237852695,601.777842158206,1960,0.3765524644991099,1960-01-21,44.28555396261879,44.28555396261879,0.07112927297453701,0.07112927297453701,False,4629.081161917657,,
1959.18,1959,18,686.3062935486914,0.4437142857142858,705.8654488603318,673.1577568282033,1960,0.41507804633824863,1960-01-28,63.699705421856265,63.699705421856265,0.09281527216147692,0.09281527216147692,False,4629.081161917657,,
1959.19,1959,19,749.5850630922795,0.4149999999999999,768.4460718744957,720.3337222668207,1960,0.4533490461582106,1960-02-04,63.278769543588055,63.278769543588055,0.08441839713633403,0.08441839713633403,False,4629.081161917657,,
1959.2,1959,20,807.4055665181816,0.39442857142857146,834.6935677067364,779.3663976124346,1960,0.4883188866301962,1960-02-11,57.820503425902075,57.820503425902075,0.07161271339166578,0.07161271339166578,False,4629.081161917657,,
1959.21,1959,21,852.7338762521432,0.37699999999999995,885.1094475277025,834.6935677067364,1960,0.5157334483572962,1960-02-18,45.328309733961646,45.328309733961646,0.053156454781865155,0.053156454781865155,False,4629.081161917657,,
1959.22,1959,22,934.740248238801,0.35,997.6786758623872,885.1094475277025,1960,0.5653309021348267,1960-02-25,82.00637198665777,82.00637198665777,0.08773172241290647,0.08773172241290647,False,4629.081161917657,,
1959.23,1959,23,1153.070446309852,0.2894285714285714,1311.0784203230735,1042.8375986738163,1960,0.6973770059281985,1960-03-03,218.3301980710511,218.3301980710511,0.18934679903536578,0.18934679903536578,False,4629.081161917657,,
1959.24,1959,24,1934.4569717788424,0.18328571428571427,2450.1297002835204,1414.1459885179058,1960,1.169959576531844,1960-03-10,781.3865254689904,781.3865254689904,0.4039306828057599,0.4039306828057599,False,4629.081161917657,,
1959.25,1959,25,3034.896653066931,0.08614285714285716,3488.168641405712,2616.8987263392482,1960,1.8355054957748798,1960-03-17,1100.4396812880884,1100.4396812880884,0.3625954380278595,0.3625954380278595,False,4629.081161917657,,
1959.26,1959,26,3825.816532096786,0.04357142857142858,4027.02207729478,3573.2680912123824,1960,2.3138538386121366,1960-03-24,790.9198790298551,790.9198790298551,0.20673230731123995,0.20673230731123995,False,4629.081161917657,,
1959.27,1959,27,4283.047190113122,0.03014285714285714,4542.047335439719,4076.122635680716,1960,2.590386940580416,1960-03-31,457.2306580163363,457.2306580163363,0.10675358867672435,0.10675358867672435,False,4629.081161917657,,
1959.28,1959,28,4580.855610353645,0.02242857142857143,4629.081161917657,4525.162733396875,1960,2.7705014731418847,1960-04-07,297.80842024052254,297.80842024052254,0.06501152744640461,0.06501152744640461,True,4629.081161917657,True,
1959.29,1959,29,4174.892368681457,0.032857142857142856,4479.24156045041,3970.8114329461437,1960,2.5249749045785457,1960-04-14,-405.9632416721879,405.9632416721879,-0.09723921141478481,0.09723921141478481,False,4629.081161917657,,
1959.3,1959,30,3627.0004795907307,0.052,3901.1982400680877,3417.233058807453,1960,2.193609890056474,1960-04-21,-547.8918890907262,547.8918890907262,-0.15105922708688202,0.15105922708688202,False,4629.081161917657,,
1959.31,1959,31,3024.297524080081,0.08542857142857142,3313.0406406455268,2782.206511497961,1960,1.829095142563633,1960-04-28,-602.7029555106496,602.7029555106496,-0.19928692554611585,0.19928692554611585,False,4629.081161917657,,
1959.32,1959,32,2526.9841678382195,0.12228571428571429,2716.0232486595064,2345.660513136817,1960,1.5283200247085555,1960-05-05,-497.3133562418616,497.3133562418616,-0.19680113653711667,0.19680113653711667,False,4629.081161917657,,
1959.33,1959,33,2204.446895936249,0.1542857142857143,2301.531632213161,2102.0563354773317,1960,1.3332494826622436,1960-05-12,-322.5372719019706,322.5372719019706,-0.14631210781105528,0.14631210781105528,False,4629.081161917657,,
1959.34,1959,34,1986.9078619426775,0.17800000000000002,2067.468969295266,1871.7016074586716,1960,1.2016818749029312,1960-05-19,-217.53903399357137,217.53903399357137,-0.10948622135949221,0.10948622135949221,False,4629.081161917657,,
1959.35,1959,35,1769.0616915313014,0.19942857142857146,1860.314920798596,1677.712303316742,1960,1.0699285110381311,1960-05-26,-217.84617041137608,217.84617041137608,-0.12314221231188847,0.12314221231188847,False,4629.081161917657,,
1959.36,1959,36,1560.0507142104234,0.22285714285714286,1645.7136786211431,1466.3705361774826,1960,0.9435186719544639,1960-06-02,-209.01097732087806,209.01097732087806,-0.13397704024427384,0.13397704024427384,False,4629.081161917657,,
1959.37,1959,37,1364.708935514973,0.24985714285714286,1446.688358904274,1291.2130338573666,1960,0.8253759641994559,1960-06-09,-195.34177869545033,195.34177869545033,-0.14313805208708338,0.14313805208708338,False,4629.081161917657,,
1959.38,1959,38,1170.1428302608897,0.2812857142857143,1216.5619918456675,1117.0362502238706,1960,0.707702383741786,1960-06-16,-194.56610525408337,194.56610525408337,-0.16627551801578258,0.16627551801578258,False,4629.081161917657,,
1959.39,1959,39,1046.1169791739155,0.3182857142857142,1096.4988223473633,976.7769450097452,1960,0.6326915490043843,1960-06-23,-124.02585108697417,124.02585108697417,-0.11855830041580373,0.11855830041580373,False,4629.081161917657,,
1959.4,1959,40,876.1392250936004,0.37014285714285716,952.4350838829193,794.2548359930772,1960,0.5298890033366095,1960-06-30,-169.9777540803151,169.9777540803151,-0.19400769787719058,0.19400769787719058,False,4629.081161917657,,
1959.41,1959,41,708.9150161249634,0.43328571428571433,760.52821131929,654.21608557748,1960,0.4287518017523778,1960-07-07,-167.22420896863707,167.22420896863707,-0.23588752553544412,0.23588752553544412,False,4629.081161917657,,
1959.42,1959,42,589.8813452968362,0.4891428571428572,630.1125986840717,562.8280752081156,1960,0.35676023763552656,1960-07-14,-119.03367082812713,119.03367082812713,-0.20179256689025787,0.20179256689025787,False,4629.081161917657,,
1959.43,1959,43,533.9963216980892,0.5281428571428572,556.2195342976412,512.1178199937132,1960,0.32296097536300433,1960-07-21,-55.88502359874701,55.88502359874701,-0.1046543231253628,0.1046543231253628,False,4629.081161917657,,
1959.44,1959,44,475.6226365829238,0.5688571428571428,494.68108319071365,459.26044279675483,1960,0.28765657060535227,1960-07-28,-58.373685115165415,58.373685115165415,-0.12273109104845578,0.12273109104845578,False,4629.081161917657,,
1959.45,1959,45,444.66163038666707,0.602,455.65515596238953,435.49688511870175,1960,0.2689313540578562,1960-08-04,-30.961006196256733,30.961006196256733,-0.06962823882360568,0.06962823882360568,False,4629.081161917657,,
1959.46,1959,46,418.14909481423956,0.6324285714285715,430.9578316629287,408.00454625357366,1960,0.2528965725436521,1960-08-11,-26.51253557242751,26.51253557242751,-0.06340450308568898,0.06340450308568898,False,4629.081161917657,,
1959.47,1959,47,389.49782567094206,0.6648571428571428,402.90237744418727,377.11676084070143,1960,0.23556828496578577,1960-08-18,-28.651269143297498,28.651269143297498,-0.0735595098482086,0.0735595098482086,False,4629.081161917657,,
1959.48,1959,48,361.0347304425162,0.6987142857142857,373.01012538244936,344.6194637292325,1960,0.21835380497163379,1960-08-25,-28.463095228425857,28.463095228425857,-0.07883755447443785,0.07883755447443785,False,4629.081161917657,,
1959.49,1959,49,332.36116001447874,0.7355714285714287,340.5953058875766,325.6607962357874,1960,0.20101202957675673,1960-09-01,-28.673570428037465,28.673570428037465,-0.08627232624530601,0.08627232624530601,False,4629.081161917657,,
1959.5,1959,50,312.2596544754102,0.767,323.62655383883583,302.30479186612183,1960,0.18885463902672808,1960-09-08,-20.10150553906857,20.10150553906857,-0.0643743283865432,0.0643743283865432,False,4629.081161917657,,
1959.51,1959,51,283.6904207773674,0.8111428571428573,294.72326674738565,270.26224589706084,1960,0.17157596648615187,1960-09-15,-28.56923369804275,28.56923369804275,-0.10070566929879918,0.10070566929879918,False,4629.081161917657,,
1959.52,1959,52,264.9597413933352,0.8502857142857143,266.78604271350054,256.6827889882703,1960,0.16024765159468915,1960-09-22,-18.730679384032214,18.730679384032214,-0.07069254855674978,0.07069254855674978,False,4629.081161917657,,
1959.53,1959,53,249.7991800258312,0.875,249.7991800258312,249.7991800258312,1960,0.043165298308463634,1960-09-29,-15.160561367504016,15.160561367504016,-0.06069099732807888,0.06069099732807888,False,4629.081161917657,,
1960.01,1960,1,242.84237201411477,0.8854285714285713,249.7991800258312,234.76788002600708,1960,0.14687106659413662,1960-10-01,-6.956808011716419,6.956808011716419,-0.02864742241651332,0.02864742241651332,False,6081.317073546183,,
1960.02,1960,2,230.17856252549117,0.9068571428571428,234.76788002600708,220.53049583159046,1960,0.13921199461541706,1960-10-08,-12.663809488623599,12.663809488623599,-0.055017328067730645,0.055017328067730645,False,6081.317073546183,,
1960.03,1960,3,213.0084074609611,0.9357142857142857,220.53049583159046,201.17011281861932,1960,0.12882748483238926,1960-10-15,-17.170155064530064,17.170155064530064,-0.08060787491534534,0.08060787491534534,False,6081.317073546183,,
1960.04,1960,4,201.17011281861934,0.952,201.17011281861932,201.17011281861932,1960,0.121667684232701,1960-10-22,-11.838294642341765,11.838294642341765,-0.05884718399007663,0.05884718399007663,False,6081.317073546183,,True
1960.05,1960,5,223.05068684004468,0.917142857142857,234.76788002600708,201.17011281861932,1960,0.13490105540085903,1960-10-29,21.880574021425332,21.880574021425332,0.09809686906329254,0.09809686906329254,False,6081.317073546183,,
1960.06,1960,6,241.88219532350254,0.8865714285714285,256.6827889882703,234.76788002600708,1960,0.1462903517316543,1960-11-05,18.831508483457867,18.831508483457867,0.07785404981243818,0.07785404981243818,False,6081.317073546183,,
1960.07,1960,7,289.89913343869637,0.8015714285714285,302.30479186612183,270.26224589706084,1960,0.17533099590372359,1960-11-12,48.016938115193824,48.016938115193824,0.1656332585255821,0.1656332585255821,False,6081.317073546183,,
1960.08,1960,8,323.3090643888645,0.7495714285714286,340.5953058875766,302.30479186612183,1960,0.19553732214238523,1960-11-19,33.40993095016813,33.40993095016813,0.10333743971367246,0.10333743971367246,False,6081.317073546183,,
1960.09,1960,9,354.70494514127955,0.7060000000000001,360.34880084276085,340.5953058875766,1960,0.21452555082144592,1960-11-26,31.395880752415053,31.395880752415053,0.08851266716879298,0.08851266716879298,False,6081.317073546183,,
1960.1,1960,10,370.96066251390897,0.687857142857143,380.8369423592014,360.34880084276085,1960,0.22435700868841213,1960-12-03,16.25571737262942,16.25571737262942,0.04382059613132139,0.04382059613132139,False,6081.317073546183,,
1960.11,1960,11,380.8369423592013,0.6749999999999999,380.8369423592014,380.8369423592014,1960,0.23033018273884498,1960-12-10,9.876279845292345,9.876279845292345,0.025933093003296784,0.025933093003296784,False,6081.317073546183,,
1960.12,1960,12,392.675575200771,0.6607142857142857,402.90237744418727,380.8369423592014,1960,0.2374901878814263,1960-12-17,11.838632841569677,11.838632841569677,0.030148635640290855,0.030148635640290855,False,6081.317073546183,,
1960.13,1960,13,428.4894102341349,0.6197142857142858,445.541354005931,408.00454625357366,1960,0.25915039530960476,1960-12-24,35.81383503336389,35.81383503336389,0.08358161060221889,0.08358161060221889,False,6081.317073546183,,
1960.14,1960,14,464.1831281097301,0.5798571428571428,477.3484869166725,453.07261391760653,1960,0.2807379558807648,1960-12-31,35.69371787559521,35.69371787559521,0.07689576745485982,0.07689576745485982,False,6081.317073546183,,
1960.15,1960,15,539.4474630417805,0.5225714285714286,577.9502839498093,494.68108319071365,1961,0.3262578256476688,1961-01-07,75.26433493205036,75.26433493205036,0.13952115838613388,0.13952115838613388,False,6081.317073546183,,
1960.16,1960,16,586.7981718564997,0.49142857142857144,608.7950640130589,562.8280752081156,1961,0.3548955343388111,1961-01-14,47.35070881471927,47.35070881471927,0.08069334753534096,0.08069334753534096,False,6081.317073546183,,
1960.17,1960,17,687.6768051222296,0.44385714285714284,720.3337222668207,654.21608557748,1961,0.4159069317379244,1961-01-21,100.87863326572983,100.87863326572983,0.14669483180808954,0.14669483180808954,False,6081.317073546183,,
1960.18,1960,18,754.0325565633646,0.4134285714285714,779.3663976124346,720.3337222668207,1961,0.4560388902095228,1961-01-28,66.355751441135,66.355751441135,0.0880011756303507,0.0880011756303507,False,6081.317073546183,,
1960.19,1960,19,821.0127245913135,0.3884285714285714,834.6935677067364,779.3663976124346,1961,0.49654849583282645,1961-02-04,66.98016802794893,66.98016802794893,0.08158237506159305,0.08158237506159305,False,6081.317073546183,,
1960.2,1960,20,869.2341723177523,0.37157142857142855,905.4211927358452,834.6935677067364,1961,0.5257128274177766,1961-02-11,48.22144772643878,48.22144772643878,0.05547578461838386,0.05547578461838386,False,6081.317073546183,,
1960.21,1960,21,932.8428270714365,0.35128571428571426,1022.7291742398579,905.4211927358452,1961,0.5641833418128048,1961-02-18,63.60865475368428,63.60865475368428,0.06818796576201058,0.06818796576201058,False,6081.317073546183,,
1960.22,1960,22,1098.5347195015333,0.303,1172.2200796855432,1025.1570830002852,1961,0.6643937983545274,1961-02-25,165.6918924300968,165.6918924300968,0.150829909595648,0.150829909595648,False,6081.317073546183,,
1960.23,1960,23,1365.9651186460385,0.2497142857142857,1528.006983766956,1186.6620966242278,1961,0.8261357037571241,1961-03-04,267.43039914450515,267.43039914450515,0.1957812798394043,0.1957812798394043,False,6081.317073546183,,
1960.24,1960,24,1942.1072887516837,0.18157142857142855,2363.8308777702473,1617.3520421001313,1961,1.174586488237018,1961-03-11,576.1421701056452,576.1421701056452,0.29665826056189126,0.29665826056189126,False,6081.317073546183,,
1960.25,1960,25,3133.56921079022,0.08142857142857143,3830.753970392087,2496.800686844093,1961,1.895182658685925,1961-03-18,1191.4619220385364,1191.4619220385364,0.3802251815392566,0.3802251815392566,False,6081.317073546183,,
1960.26,1960,26,4679.273396741408,0.023000000000000003,5278.010080717362,3988.051260004569,1961,2.8300245503492034,1961-03-25,1545.7041859511878,1545.7041859511878,0.3303299582853181,0.3303299582853181,False,6081.317073546183,,
1960.27,1960,27,5726.844811679882,0.008,5886.181288951835,5396.855655881256,1961,3.4635957421039922,1961-04-01,1047.571414938474,1047.571414938474,0.1829229618378964,0.1829229618378964,False,6081.317073546183,,
1960.28,1960,28,5975.972152300013,0.006142857142857143,6061.895850741806,5905.397022681663,1961,3.6142679577110477,1961-04-08,249.12734062013078,249.12734062013078,0.041688169601701956,0.041688169601701956,True,6081.317073546183,True,
1960.29,1960,29,5894.307551320133,0.007,6081.317073546183,5668.636824632636,1961,3.5648772070384163,1961-04-15,-81.66460097987965,81.66460097987965,-0.013854825230758351,0.013854825230758351,False,6081.317073546183,,
1960.3,1960,30,5287.0165585489385,0.013571428571428571,5574.353728560048,4967.490886366779,1961,3.197587614610397,1961-04-22,-607.2909927711944,607.2909927711944,-0.11486459065259103,0.11486459065259103,False,6081.317073546183,,
1960.31,1960,31,4427.683076473194,0.026857142857142857,4838.446655269836,4056.5448687282815,1961,2.677862724650988,1961-04-29,-859.3334820757445,859.3334820757445,-0.19408197633698618,0.19408197633698618,False,6081.317073546183,,
1960.32,1960,32,3804.441332052708,0.04428571428571428,4027.02207729478,3573.2680912123824,1961,2.300926117625478,1961-05-06,-623.2417444204862,623.2417444204862,-0.1638195177750875,0.1638195177750875,False,6081.317073546183,,
1960.33,1960,33,3354.527744675397,0.06514285714285714,3496.366435549196,3148.2868262135407,1961,2.0288183799796804,1961-05-13,-449.9135873773107,449.9135873773107,-0.13412128967824258,0.13412128967824258,False,6081.317073546183,,
1960.34,1960,34,2898.148594511518,0.09399999999999999,3122.545576863084,2716.0232486595064,1961,1.7528002699605663,1961-05-20,-456.37915016387933,456.37915016387933,-0.15747265375839084,0.15747265375839084,False,6081.317073546183,,
1960.35,1960,35,2482.1616878184454,0.12642857142857142,2671.4046921253907,2301.531632213161,1961,1.5012113887925955,1961-05-27,-415.98690669307234,415.98690669307234,-0.1675905758817349,0.1675905758817349,False,6081.317073546183,,
1960.36,1960,36,2162.188819946659,0.15942857142857142,2276.101843596241,2067.468969295266,1961,1.3076917983037393,1961-06-03,-319.97286787178655,319.97286787178655,-0.14798562684256236,0.14798562684256236,False,6081.317073546183,,
1960.37,1960,37,1918.1026931616145,0.18457142857142858,2041.65817572948,1807.794012387604,1961,1.1600685088241445,1961-06-10,-244.08612678504437,244.08612678504437,-0.12725394091528877,0.12725394091528877,False,6081.317073546183,,
1960.38,1960,38,1654.2361587261328,0.21228571428571433,1751.5174261192885,1559.6365373841436,1961,1.000482028797565,1961-06-17,-263.86653443548175,263.86653443548175,-0.15950959180983917,0.15950959180983917,False,6081.317073546183,,
1960.39,1960,39,1415.2083152378198,0.24242857142857144,1528.006983766956,1291.2130338573666,1961,0.8559179890558335,1961-06-24,-239.027843488313,239.027843488313,-0.16889940577274334,0.16889940577274334,False,6081.317073546183,,
1960.4,1960,40,1185.7307048755806,0.278,1246.0803627849048,1125.7884692412713,1961,0.7171299303087512,1961-07-01,-229.47761036223915,229.47761036223915,-0.1935326540998349,0.1935326540998349,False,6081.317073546183,,
1960.41,1960,41,1043.1403028036752,0.31857142857142856,1089.4560494851628,976.7769450097452,1961,0.6308912551356627,1961-07-08,-142.59040207190537,142.59040207190537,-0.13669340709841377,0.13669340709841377,False,6081.317073546183,,
1960.42,1960,42,908.112546725377,0.3584285714285715,952.4350838829193,819.2739407352476,1961,0.549226468259508,1961-07-15,-135.02775607829824,135.02775607829824,-0.14869055225060346,0.14869055225060346,False,6081.317073546183,,
1960.43,1960,43,753.9894662831913,0.4135714285714286,794.2548359930772,712.0837013457431,1961,0.4560128292080742,1961-07-22,-154.1230804421857,154.1230804421857,-0.2044101241917066,0.2044101241917066,False,6081.317073546183,,
1960.44,1960,44,650.0027707114948,0.46014285714285713,691.9065967426677,608.7950640130589,1961,0.393121675726312,1961-07-29,-103.98669557169649,103.98669557169649,-0.15997884971762869,0.15997884971762869,False,6081.317073546183,,
1960.45,1960,45,581.2181033339281,0.4944285714285714,608.7950640130589,550.9983234585969,1961,0.3515207088963596,1961-08-05,-68.78466737756673,68.78466737756673,-0.1183457070297891,0.1183457070297891,False,6081.317073546183,,
1960.46,1960,46,522.2875184112143,0.5354285714285715,550.9983234585969,489.3436243127323,1961,0.3158794911351024,1961-08-12,-58.93058492271382,58.93058492271382,-0.11283169297627331,0.11283169297627331,False,6081.317073546183,,
1960.47,1960,47,470.82389102967784,0.5721428571428572,486.02502639130836,455.65515596238953,1961,0.28475428929474916,1961-08-19,-51.46362738153641,51.46362738153641,-0.10930547145555207,0.10930547145555207,False,6081.317073546183,,
1960.48,1960,48,439.9800236183959,0.6071428571428571,455.65515596238953,420.28892993659525,1961,0.26609991828440577,1961-08-26,-30.843867411281963,30.843867411281963,-0.0701028813936187,0.0701028813936187,False,6081.317073546183,,
1960.49,1960,49,407.1847720002864,0.6438571428571429,420.28892993659525,389.13393637134163,1961,0.2462653501057732,1961-09-02,-32.79525161810949,32.79525161810949,-0.08054144917307081,0.08054144917307081,False,6081.317073546183,,
1960.5,1960,50,379.187371145594,0.6775714285714285,380.8369423592014,373.01012538244936,1961,0.2293325220688552,1961-09-09,-27.997400854692387,27.997400854692387,-0.07383526716648592,0.07383526716648592,False,6081.317073546183,,
1960.51,1960,51,350.77642214016777,0.7097142857142857,370.36474529587133,340.5953058875766,1961,0.21214958011037346,1961-09-16,-28.410949005426232,28.410949005426232,-0.08099446602506659,0.08099446602506659,False,6081.317073546183,,
1960.52,1960,52,330.8645873186354,0.7382857142857142,340.5953058875766,323.62655383883583,1961,0.20010690241031068,1961-09-23,-19.911834821532352,19.911834821532352,-0.06018122091245892,0.06018122091245892,False,6081.317073546183,,
1960.53,1960,53,323.62655383883583,0.7509999999999999,323.62655383883583,323.62655383883583,1961,0.02796133425167541,1961-09-30,-7.238033479799583,7.238033479799583,-0.022365388111520917,0.022365388111520917,False,6081.317073546183,,
1961.01,1961,1,299.60584228035106,0.7865714285714285,320.2150422476492,283.6079686159883,1961,0.1812016134111563,1961-10-01,-24.020711558484777,24.020711558484777,-0.08017437635948302,0.08017437635948302,False,5569.845470794792,,
1961.02,1961,2,276.5686444530362,0.8264285714285714,283.6079686159883,266.78604271350054,1961,0.16726871616519629,1961-10-08,-23.037197827314856,23.037197827314856,-0.08329649180902275,0.08329649180902275,False,5569.845470794792,,
1961.03,1961,3,266.78604271350054,0.8469999999999998,266.78604271350054,266.78604271350054,1961,0.16135219863312514,1961-10-15,-9.782601739535664,9.782601739535664,-0.03666834156703289,0.03666834156703289,False,5569.845470794792,,True
1961.04,1961,4,266.78604271350054,0.8469999999999998,266.78604271350054,266.78604271350054,1961,0.16135219863312514,1961-10-22,0.0,0.0,0.0,0.0,False,5569.845470794792,,
1961.05,1961,5,274.8321852884464,0.8285714285714286,283.6079686159883,266.78604271350054,1961,0.16621850566245233,1961-10-29,8.046142574945861,8.046142574945861,0.02927656586691672,0.02927656586691672,False,5569.845470794792,,
1961.06,1961,6,289.6654519358471,0.8019999999999999,306.020121877383,281.3222739992266,1961,0.17518966533080033,1961-11-05,14.833266647400706,14.833266647400706,0.05120826991368603,0.05120826991368603,False,5569.845470794792,,
1961.07,1961,7,330.8645873186354,0.7382857142857142,340.5953058875766,323.62655383883583,1961,0.20010690241031068,1961-11-12,41.19913538278831,41.19913538278831,0.12451962815564771,0.12451962815564771,False,5569.845470794792,,
1961.08,1961,8,371.61365197952347,0.6864285714285715,391.8169121240828,340.5953058875766,1961,0.22475193671721577,1961-11-19,40.74906466088805,40.74906466088805,0.10965438014406799,0.10965438014406799,False,5569.845470794792,,
1961.09,1961,9,416.0144720591201,0.6342857142857143,422.4698189706656,402.90237744418727,1961,0.2516055527013559,1961-11-26,44.400820079596656,44.400820079596656,0.10672902762211316,0.10672902762211316,False,5569.845470794792,,
1961.1,1961,10,445.92178737549494,0.6011428571428572,459.26044279675483,440.0331111664572,1961,0.2696934970046993,1961-12-03,29.90731531637482,29.90731531637482,0.0670685222455635,0.0670685222455635,False,5569.845470794792,,
1961.11,1961,11,471.1572771014212,0.5724285714285714,494.68108319071365,459.26044279675483,1961,0.28495592119093954,1961-12-10,25.235489725926243,25.235489725926243,0.05356064938904479,0.05356064938904479,False,5569.845470794792,,
1961.12,1961,12,500.822984053056,0.5491428571428572,527.3375978981461,494.68108319071365,1961,0.30289774075528825,1961-12-17,29.66570695163483,29.66570695163483,0.0592339167654736,0.0592339167654736,False,5569.845470794792,,
1961.13,1961,13,548.112463270059,0.5171428571428571,563.9275439778775,527.3375978981461,1961,0.33149841778573175,1961-12-24,47.28947921700302,47.28947921700302,0.08627696391881377,0.08627696391881377,False,5569.845470794792,,
1961.14,1961,14,626.1206023221629,0.47114285714285714,666.8063237852695,589.2318351168824,1961,0.3786777402844441,1961-12-31,78.00813905210384,78.00813905210384,0.12458963778349795,0.12458963778349795,False,5569.845470794792,,
1961.15,1961,15,717.3513483360541,0.4295714285714286,768.4460718744957,673.1577568282033,1962,0.4338540954736455,1962-01-07,91.23074601389123,91.23074601389123,0.1271772141022767,0.1271772141022767,False,5569.845470794792,,
1961.16,1961,16,885.6273128728681,0.36642857142857144,952.4350838829193,817.7246825595828,1962,0.5356273988255107,1962-01-14,168.27596453681394,168.27596453681394,0.19000765004745285,0.19000765004745285,False,5569.845470794792,,
1961.17,1961,17,1059.181761336589,0.3141428571428571,1127.726717014242,989.4775076349575,1962,0.640593129256369,1962-01-21,173.55444846372097,173.55444846372097,0.16385709686382002,0.16385709686382002,False,5569.845470794792,,
1961.18,1961,18,1243.9736433380078,0.2681428571428571,1355.589210120566,1151.4124173518942,1962,0.7523552594908273,1962-01-28,184.7918820014188,184.7918820014188,0.1485496762660974,0.1485496762660974,False,5569.845470794792,,
1961.19,1961,19,1573.396120045499,0.222,1801.689870916998,1399.6225280663384,1962,0.9515899734035176,1962-02-04,329.4224767074911,329.4224767074911,0.20937033752057618,0.20937033752057618,False,5569.845470794792,,
1961.2,1961,20,1925.504009832886,0.18357142857142855,2067.468969295266,1807.794012387604,1962,1.1645448251469293,1962-02-11,352.10788978738697,352.10788978738697,0.1828653111025961,0.1828653111025961,False,5569.845470794792,,
1961.21,1961,21,2239.1262781560513,0.1502857142857143,2411.0479762115906,2094.7380107984795,1962,1.3542235730287797,1962-02-18,313.6222683231654,313.6222683231654,0.14006457401832526,0.14006457401832526,False,5569.845470794792,,
1961.22,1961,22,3031.7097452295156,0.08714285714285715,3688.949790985967,2554.4498794101723,1962,1.8335780539148108,1962-02-25,792.5834670734644,792.5834670734644,0.2614311836153239,0.2614311836153239,False,5569.845470794792,,
1961.23,1961,23,4253.299821165843,0.031,4432.218100140775,3939.808872901526,1962,2.572395731841102,1962-03-04,1221.5900759363276,1221.5900759363276,0.2872099610418449,0.2872099610418449,False,5569.845470794792,,
1961.24,1961,24,4471.311876770649,0.025714285714285714,4515.173590483621,4415.415344009801,1962,2.7042494230708893,1962-03-11,218.01205560480594,218.01205560480594,0.04875796222970304,0.04875796222970304,True,5569.845470794792,,
1961.25,1961,25,4347.899484096696,0.028857142857142856,4432.218100140775,4305.170852711009,1962,2.6296096079816818,1962-03-18,-123.41239267395304,123.41239267395304,-0.028384371148725565,0.028384371148725565,False,5569.845470794792,,
1961.26,1961,26,4760.431518333328,0.020571428571428574,5186.55444773476,4501.386000873192,1962,2.8791089822879967,1962-03-25,412.53203423663217,412.53203423663217,0.08665853770774619,0.08665853770774619,False,5569.845470794792,,
1961.27,1961,27,5432.431022967435,0.011428571428571429,5551.009983023717,5278.010080717362,1962,3.285534282690705,1962-04-01,671.9995046341064,671.9995046341064,0.1237014334453584,0.1237014334453584,False,5569.845470794792,,
1961.28,1961,28,5511.573206888432,0.01042857142857143,5569.845470794792,5434.01921081911,1962,3.333399475526124,1962-04-08,79.14218392099701,79.14218392099701,0.014359272924486268,0.014359272924486268,True,5569.845470794792,True,
1961.29,1961,29,5337.231862997893,0.012857142857142857,5396.328800163887,5259.545195770601,1962,3.227957830741126,1962-04-15,-174.34134389053906,174.34134389053906,-0.032665124612482645,0.032665124612482645,False,5569.845470794792,,
1961.3,1961,30,4863.160267743486,0.019,5168.2234116951895,4542.047335439719,1962,2.94123932993126,1962-04-22,-474.07159525440693,474.07159525440693,-0.09748220686841089,0.09748220686841089,False,5569.845470794792,,
1961.31,1961,31,4309.480380166875,0.029285714285714286,4532.094174508177,4036.981563379165,1962,2.6063737339249258,1962-04-29,-553.6798875766108,553.6798875766108,-0.1284795007130699,0.1284795007130699,False,5569.845470794792,,
1961.32,1961,32,3858.4453433268723,0.04242857142857143,4007.5068144801726,3639.447141738064,1962,2.3335877436440926,1962-05-06,-451.0350368400027,451.0350368400027,-0.11689553607907432,0.11689553607907432,False,5569.845470794792,,
1961.33,1961,33,3473.6194096920976,0.05857142857142857,3600.306705040052,3332.217132164571,1962,2.10084501898178,1962-05-13,-384.82593363477463,384.82593363477463,-0.11078528999493518,0.11078528999493518,False,5569.845470794792,,
1961.34,1961,34,3032.264853744878,0.08442857142857144,3251.016842748816,2873.0524012848505,1962,1.8339137835449022,1962-05-20,-441.3545559472195,441.3545559472195,-0.1455527723451143,0.1455527723451143,False,5569.845470794792,,
1961.35,1961,35,2660.8909072848014,0.112,2802.8093610937553,2467.4434971899177,1962,1.6093068207258479,1962-05-27,-371.3739464600767,371.3739464600767,-0.1395675205786735,0.1395675205786735,False,5569.845470794792,,
1961.36,1961,36,2273.657901911291,0.1462857142857143,2395.739198274402,2155.2089572641244,1962,1.375108299075949,1962-06-03,-387.2330053735104,387.2330053735104,-0.1703127832238936,0.1703127832238936,False,5569.845470794792,,
1961.37,1961,37,1999.7075014973848,0.17628571428571424,2155.2089572641244,1860.314920798596,1962,1.2094230969056186,1962-06-10,-273.9504004139062,273.9504004139062,-0.13699523565760074,0.13699523565760074,False,5569.845470794792,,
1961.38,1961,38,1665.3246128897429,0.21071428571428572,1807.794012387604,1551.1556592265113,1962,1.0071883258757166,1962-06-17,-334.3828886076419,334.3828886076419,-0.20079141689223362,0.20079141689223362,False,5569.845470794792,,
1961.39,1961,39,1392.9631340535148,0.24557142857142855,1492.9232463956196,1291.2130338573666,1962,0.842464103475566,1962-06-24,-272.3614788362281,272.3614788362281,-0.19552669570203038,0.19552669570203038,False,5569.845470794792,,
1961.4,1961,40,1166.1951457919306,0.28242857142857136,1208.137555230546,1125.7884692412713,1962,0.7053148241749597,1962-07-01,-226.76798826158415,226.76798826158415,-0.19445115089001022,0.19445115089001022,False,5569.845470794792,,
1961.41,1961,41,1043.5087192254355,0.3202857142857143,1086.4244972913411,971.4321659369264,1962,0.6311140733875434,1962-07-08,-122.68642656649513,122.68642656649513,-0.11757106031424587,0.11757106031424587,False,5569.845470794792,,
1961.42,1961,42,909.8268587865516,0.3578571428571428,957.9333972550563,847.0875422650073,1962,0.5502632841941064,1962-07-15,-133.68186043888386,133.68186043888386,-0.14693109919526576,0.14693109919526576,False,5569.845470794792,,
1961.43,1961,43,781.1828016792417,0.4034285714285714,834.6935677067364,728.4970702319307,1962,0.4724593584556055,1962-07-22,-128.6440571073099,128.6440571073099,-0.1646785577342138,0.1646785577342138,False,5569.845470794792,,
1961.44,1961,44,682.4175919695864,0.44585714285714284,720.3337222668207,647.6489852382476,1962,0.4127261596232059,1962-07-29,-98.76520970965532,98.76520970965532,-0.1447284051171662,0.1447284051171662,False,5569.845470794792,,
1961.45,1961,45,603.5133756823265,0.4817142857142857,636.9257883620418,583.0034913422678,1962,0.3650048896126711,1962-08-05,-78.90421628725994,78.90421628725994,-0.13074145406976537,0.13074145406976537,False,5569.845470794792,,
1961.46,1961,46,557.5123674920239,0.51,563.9275439778775,548.1781559247493,1962,0.3371834798591761,1962-08-12,-46.001008190302514,46.001008190302514,-0.0825111887602397,0.0825111887602397,False,5569.845470794792,,
1961.47,1961,47,514.2017239094897,0.5407142857142857,527.3375978981461,494.68108319071365,1962,0.3109892026204593,1962-08-19,-43.310643582534226,43.310643582534226,-0.08422889610957005,0.08422889610957005,False,5569.845470794792,,
1961.48,1961,48,473.2292556607946,0.5691428571428572,486.02502639130836,459.26044279675483,1962,0.28620905382364853,1962-08-26,-40.97246824869512,40.97246824869512,-0.08658059018663826,0.08658059018663826,False,5569.845470794792,,
1961.49,1961,49,450.90026972209915,0.5949999999999999,459.26044279675483,440.0331111664572,1962,0.2727044831279256,1962-09-02,-22.32898593869544,22.32898593869544,-0.04952089727614787,0.04952089727614787,False,5569.845470794792,,
1961.5,1961,50,425.59364785745794,0.6237142857142857,440.0331111664572,420.28892993659525,1962,0.2573990382241905,1962-09-09,-25.306621864641215,25.306621864641215,-0.059461935092407776,0.059461935092407776,False,5569.845470794792,,
1961.51,1961,51,395.9185925459832,0.657,402.90237744418727,380.8369423592014,1962,0.23945156477181062,1962-09-16,-29.67505531147475,29.67505531147475,-0.07495241665880645,0.07495241665880645,False,5569.845470794792,,
1961.52,1961,52,371.5248557780839,0.6864285714285715,380.8369423592014,360.34880084276085,1962,0.2246982327745852,1962-09-23,-24.39373676789927,24.39373676789927,-0.06565842470165692,0.06565842470165692,False,5569.845470794792,,
1961.53,1961,53,360.34880084276085,0.7000000000000001,360.34880084276085,360.34880084276085,1962,0.031134136392814534,1962-09-30,-11.176054935323066,11.176054935323066,-0.031014547319666998,0.031014547319666998,False,5569.845470794792,,
1962.01,1962,1,342.50773514832764,0.7185714285714286,353.9823107128336,340.5953058875766,1962,0.20714867821770852,1962-10-01,-17.84106569443321,17.84106569443321,-0.052089526348089325,0.052089526348089325,False,7115.411678283417,,
1962.02,1962,2,329.9703393891669,0.7397142857142855,340.5953058875766,320.2150422476492,1962,0.19956606126256812,1962-10-08,-12.537395759160745,12.537395759160745,-0.037995523423013315,0.037995523423013315,False,7115.411678283417,,
1962.03,1962,3,302.83555329630195,0.7801428571428569,306.020121877383,302.30479186612183,1962,0.18315494263360346,1962-10-15,-27.134786092864942,27.134786092864942,-0.08960237923687772,0.08960237923687772,False,7115.411678283417,,
1962.04,1962,4,285.83257465273346,0.809142857142857,299.18021087320443,283.6079686159883,1962,0.1728715411499732,1962-10-22,-17.002978643568497,17.002978643568497,-0.059485797461069384,0.059485797461069384,False,7115.411678283417,,True
1962.05,1962,5,297.47414255811873,0.7887142857142856,302.30479186612183,283.6079686159883,1962,0.1799123614191502,1962-10-29,11.641567905385273,11.641567905385273,0.03913472211491731,0.03913472211491731,False,7115.411678283417,,
1962.06,1962,6,318.06538327681204,0.7587142857142857,323.62655383883583,302.30479186612183,1962,0.19236594380581587,1962-11-05,20.591240718693314,20.591240718693314,0.06473901845763823,0.06473901845763823,False,7115.411678283417,,
1962.07,1962,7,331.3710157140453,0.7377142857142857,340.5953058875766,323.62655383883583,1962,0.2004131903038546,1962-11-12,13.305632437233271,13.305632437233271,0.04015327776499104,0.04015327776499104,False,7115.411678283417,,
1962.08,1962,8,371.15353410089267,0.6862857142857143,417.85777193562865,340.5953058875766,1962,0.22447365742421987,1962-11-19,39.78251838684736,39.78251838684736,0.10718615002068944,0.10718615002068944,False,7115.411678283417,,
1962.09,1962,9,430.7122485096653,0.6169999999999999,459.26044279675483,402.90237744418727,1962,0.2604947678986456,1962-11-26,59.55871440877263,59.55871440877263,0.13827959296457323,0.13827959296457323,False,7115.411678283417,,
1962.1,1962,10,504.2714915218647,0.5498571428571429,542.0087505502821,459.26044279675483,1962,0.30498339807242375,1962-12-03,73.55924301219937,73.55924301219937,0.14587230142676016,0.14587230142676016,False,7115.411678283417,,
1962.11,1962,11,623.2145616275908,0.4767142857142857,712.0837013457431,532.5192229643311,1962,0.3769201668723669,1962-12-10,118.94307010572612,118.94307010572612,0.19085412541564128,0.19085412541564128,False,7115.411678283417,,
1962.12,1962,12,823.4729602541128,0.38871428571428573,957.9333972550563,739.6475434553279,1962,0.49803644636168737,1962-12-17,200.25839862652197,200.25839862652197,0.24318758270426377,0.24318758270426377,False,7115.411678283417,,
1962.13,1962,13,1042.8887311687952,0.319,1089.4560494851628,971.4321659369264,1962,0.6307391046108873,1962-12-24,219.4157709146824,219.4157709146824,0.21039231162156377,0.21039231162156377,False,7115.411678283417,,
1962.14,1962,14,1138.099696701504,0.28842857142857137,1141.726989184771,1125.7884692412713,1962,0.6883226965650696,1962-12-31,95.21096553270877,95.21096553270877,0.0836578428134669,0.0836578428134669,False,7115.411678283417,,
1962.15,1962,15,1206.0325620602412,0.2735714285714285,1297.4934435018629,1151.4124173518942,1963,0.7294084935340337,1963-01-07,67.93286535873722,67.93286535873722,0.056327554906717335,0.056327554906717335,False,7115.411678283417,,
1962.16,1962,16,1579.1697221866618,0.22228571428571428,1832.2961330880007,1327.7083044595875,1963,0.9550818479784933,1963-01-14,373.13716012642067,373.13716012642067,0.23628692653107677,0.23628692653107677,False,7115.411678283417,,
1962.17,1962,17,2185.7169045730093,0.156,2411.0479762115906,1881.0436962338129,1963,1.3219215838857559,1963-01-21,606.5471823863475,606.5471823863475,0.27750491434518115,0.27750491434518115,False,7115.411678283417,,
1962.18,1962,18,2819.0412079915563,0.10014285714285712,3122.545576863084,2496.800686844093,1963,1.7049561225932932,1963-01-28,633.3243034185471,633.3243034185471,0.22465946990174115,0.22465946990174115,False,7115.411678283417,,
1962.19,1962,19,3570.124298650815,0.05499999999999999,3830.753970392087,3251.016842748816,1963,2.159211175824013,1963-02-04,751.0830906592587,751.0830906592587,0.2103800954334,0.2103800954334,False,7115.411678283417,,
1962.2,1962,20,4122.810641886069,0.034428571428571426,4305.170852711009,3905.3241765826656,1963,2.493475876212695,1963-02-11,552.6863432352538,552.6863432352538,0.13405571859648047,0.13405571859648047,False,7115.411678283417,,
1962.21,1962,21,4485.82367264661,0.02514285714285714,4525.162733396875,4352.723084314373,1963,2.7130261572166696,1963-02-18,363.01303076054137,363.01303076054137,0.08092449843138078,0.08092449843138078,False,7115.411678283417,,
1962.22,1962,22,5118.258167843084,0.015571428571428573,5630.844026314902,4594.912800663202,1963,3.095522539911497,1963-02-25,632.434495196474,632.434495196474,0.12356439914850798,0.12356439914850798,False,7115.411678283417,,
1962.23,1962,23,6388.756773688501,0.005,6727.364712185816,5866.99193481021,1963,3.863920096726805,1963-03-04,1270.498605845417,1270.498605845417,0.19886476365446357,0.19886476365446357,False,7115.411678283417,,
1962.24,1962,24,7051.406794857301,0.003285714285714285,7115.411678283417,6871.062280614712,1963,4.2646908295296955,1963-03-11,662.6500211687999,662.6500211687999,0.09397415869583367,0.09397415869583367,True,7115.411678283417,True,
1962.25,1962,25,6800.780110100104,0.004,6912.3525182703015,6666.170316733907,1963,4.113111810588543,1963-03-18,-250.62668475719693,250.62668475719693,-0.0368526375944697,0.0368526375944697,False,7115.411678283417,,
1962.26,1962,26,6384.382431658743,0.004857142857142858,6564.701612692248,6288.171642755171,1963,3.861274494667208,1963-03-25,-416.39767844136077,416.39767844136077,-0.06522129319455185,0.06522129319455185,False,7115.411678283417,,
1962.27,1962,27,6182.641350256986,0.0054285714285714284,6288.171642755171,6042.5007263665675,1963,3.739261488635425,1963-04-01,-201.74108140175758,201.74108140175758,-0.03263024166740192,0.03263024166740192,False,7115.411678283417,,
1962.28,1962,28,5765.499363726414,0.008142857142857143,5963.201577601545,5574.353728560048,1963,3.4869740151817354,1963-04-08,-417.14198653057156,417.14198653057156,-0.07235140622077187,0.07235140622077187,False,7115.411678283417,,
1962.29,1962,29,5287.57801747431,0.013571428571428571,5551.009983023717,4967.490886366779,1963,3.197927184968463,1963-04-15,-477.92134625210383,477.92134625210383,-0.09038568219186106,0.09038568219186106,False,7115.411678283417,,
1962.3,1962,30,4554.794331022854,0.024428571428571428,4856.042745855138,4226.794376657384,1963,2.754739611402622,1963-04-22,-732.7836864514566,732.7836864514566,-0.16088183860694716,0.16088183860694716,False,7115.411678283417,,
1962.31,1962,31,3956.785050931848,0.039,4110.977625580697,3803.114617748527,1963,2.393063598803582,1963-04-29,-598.0092800910056,598.0092800910056,-0.151135144414825,0.151135144414825,False,7115.411678283417,,
1962.32,1962,32,3471.560533611761,0.058857142857142865,3639.447141738064,3278.6645629042023,1963,2.099599810728393,1963-05-06,-485.2245173200872,485.2245173200872,-0.13977129668981075,0.13977129668981075,False,7115.411678283417,,
1962.33,1962,33,2985.889496305809,0.08742857142857144,3210.822806441037,2769.1490746977324,1963,1.8058659673657536,1963-05-13,-485.6710373059518,485.6710373059518,-0.16265539562225323,0.16265539562225323,False,7115.411678283417,,
1962.34,1962,34,2539.7126580077966,0.12142857142857143,2704.817472781681,2384.832211470341,1963,1.5360182155631152,1963-05-20,-446.1768382980126,446.1768382980126,-0.17568004667425763,0.17568004667425763,False,7115.411678283417,,
1962.35,1962,35,2211.887270292396,0.15342857142857144,2335.160165612593,2094.7380107984795,1963,1.3377494210728411,1963-05-27,-327.82538771540067,327.82538771540067,-0.1482107122358295,0.1482107122358295,False,7115.411678283417,,
1962.36,1962,36,1878.400331612285,0.1884285714285714,2041.65817572948,1726.1698191997614,1963,1.1360565205591098,1963-06-03,-333.4869386801108,333.4869386801108,-0.17753773413885068,0.17753773413885068,False,7115.411678283417,,
1962.37,1962,37,1568.1215123410966,0.222,1677.712303316742,1492.9232463956196,1963,0.9483998906638953,1963-06-10,-310.27881927118847,310.27881927118847,-0.19786656635298863,0.19786656635298863,False,7115.411678283417,,
1962.38,1962,38,1359.9769651872832,0.25085714285714283,1446.688358904274,1291.2130338573666,1963,0.8225140685452691,1963-06-17,-208.1445471538134,208.1445471538134,-0.15305005340671318,0.15305005340671318,False,7115.411678283417,,
1962.39,1962,39,1152.308567629207,0.28614285714285714,1208.137555230546,1089.4560494851628,1963,0.6969162217021444,1963-06-24,-207.66839755807632,207.66839755807632,-0.18021943374537197,0.18021943374537197,False,7115.411678283417,,
1962.4,1962,40,1035.3213612881548,0.3227142857142857,1086.4244972913411,971.4321659369264,1963,0.6261623593070761,1963-07-01,-116.98720634105212,116.98720634105212,-0.11299603264777203,0.11299603264777203,False,7115.411678283417,,
1962.41,1962,41,899.1546497296823,0.3617142857142857,957.9333972550563,834.6935677067364,1963,0.5438087321565119,1963-07-08,-136.16671155847246,136.16671155847246,-0.15143858912302682,0.15143858912302682,False,7115.411678283417,,
1962.42,1962,42,774.5450092605291,0.4058571428571428,819.2739407352476,728.4970702319307,1963,0.46844482160076806,1963-07-15,-124.60964046915319,124.60964046915319,-0.1608810837063169,0.1608810837063169,False,7115.411678283417,,
1962.43,1962,43,694.7498142939377,0.44042857142857145,720.3337222668207,666.8063237852695,1963,0.4201846876849735,1963-07-22,-79.79519496659145,79.79519496659145,-0.11485457545272745,0.11485457545272745,False,7115.411678283417,,
1962.44,1962,44,631.2215644991031,0.4694285714285714,659.9420006160087,608.7950640130589,1963,0.3817628022090577,1963-07-29,-63.52824979483455,63.52824979483455,-0.10064334517032301,0.10064334517032301,False,7115.411678283417,,
1962.45,1962,45,582.747494005302,0.4925714285714286,601.777842158206,562.8280752081156,1963,0.3524456843744067,1963-08-05,-48.47407049380115,48.47407049380115,-0.08318194585554085,0.08318194585554085,False,7115.411678283417,,
1962.46,1962,46,555.6653359892696,0.5117142857142858,562.8280752081156,548.1781559247493,1963,0.3360663952063103,1963-08-12,-27.082158016032395,27.082158016032395,-0.04873825351696111,0.04873825351696111,False,7115.411678283417,,
1962.47,1962,47,512.7250394339234,0.5415714285714286,527.3375978981461,494.68108319071365,1963,0.3100961038496368,1963-08-19,-42.94029655534621,42.94029655534621,-0.08374917012587225,0.08374917012587225,False,7115.411678283417,,
1962.48,1962,48,475.26312773387446,0.5671428571428571,489.3436243127323,470.1789493868897,1963,0.2874391396534472,1963-08-26,-37.461911700048915,37.461911700048915,-0.07882351799238646,0.07882351799238646,False,7115.411678283417,,
1962.49,1962,49,453.2518784974748,0.5925714285714285,459.26044279675483,440.0331111664572,1963,0.2741267361152727,1963-09-02,-22.011249236399635,22.011249236399635,-0.0485629520375441,0.0485629520375441,False,7115.411678283417,,
1962.5,1962,50,431.23484249456135,0.6177142857142857,440.0331111664572,420.28892993659525,1963,0.26081083274071065,1963-09-09,-22.01703600291347,22.01703600291347,-0.05105579102920271,0.05105579102920271,False,7115.411678283417,,
1962.51,1962,51,410.40326346835207,0.6408571428571429,420.28892993659525,398.1467533267305,1963,0.2482118937456593,1963-09-16,-20.831579026209283,20.831579026209283,-0.05075880452353102,0.05075880452353102,False,7115.411678283417,,
1962.52,1962,52,388.8758107161996,0.6657142857142856,398.1467533267305,380.8369423592014,1963,0.23519209032115754,1963-09-23,-21.527452752152442,21.527452752152442,-0.05535816874931085,0.05535816874931085,False,7115.411678283417,,
1962.53,1962,53,380.8369423592014,0.675,380.8369423592014,380.8369423592014,1963,0.032904311819835,1963-09-30,-8.03886835699825,8.03886835699825,-0.02110842584545297,0.02110842584545297,False,7115.411678283417,,
1963.01,1963,1,370.774679269421,0.6881428571428572,377.11676084070143,360.34880084276085,1963,0.22424452602214578,1963-10-01,-10.062263089780402,10.062263089780402,-0.02713848504867487,0.02713848504867487,False,2450.1297002835204,,
1963.02,1963,2,349.88835925416737,0.7088571428571429,353.9823107128336,346.9384943839358,1963,0.21161247967692043,1963-10-08,-20.886320015253602,20.886320015253602,-0.05969424092809351,0.05969424092809351,False,2450.1297002835204,,True
1963.03,1963,3,359.4393022527712,0.7005714285714287,360.34880084276085,353.9823107128336,1963,0.21738889000247602,1963-10-15,9.55094299860383,9.55094299860383,0.026571782603470692,0.026571782603470692,False,2450.1297002835204,,
1963.04,1963,4,356.17321996680454,0.7030000000000001,360.34880084276085,350.2192051008483,1963,0.21541356343592338,1963-10-22,-3.266082285966661,3.266082285966661,-0.009169926605574278,0.009169926605574278,False,2450.1297002835204,,
1963.05,1963,5,366.8216579528504,0.6920000000000001,380.8369423592014,360.34880084276085,1963,0.22185373872988395,1963-10-29,10.648437986045849,10.648437986045849,0.02902892387944703,0.02902892387944703,False,2450.1297002835204,,
1963.06,1963,6,412.7761922311885,0.6384285714285713,440.0331111664572,386.53109723034976,1963,0.2496470410614228,1963-11-05,45.95453427833809,45.95453427833809,0.11133038955066427,0.11133038955066427,False,2450.1297002835204,,
1963.07,1963,7,449.53237719249313,0.5965714285714286,462.56506724863937,440.0331111664572,1963,0.2718771817260198,1963-11-12,36.756184961304655,36.756184961304655,0.08176537848255006,0.08176537848255006,False,2450.1297002835204,,
1963.08,1963,8,508.6433366566238,0.5447142857142857,562.8280752081156,462.56506724863937,1963,0.30762749000992606,1963-11-19,59.110959464130644,59.110959464130644,0.1162129830554242,0.1162129830554242,False,2450.1297002835204,,
1963.09,1963,9,621.4576167823815,0.4744285714285715,682.3088631722309,562.8280752081156,1963,0.3758575666299843,1963-11-26,112.8142801257577,112.8142801257577,0.1815317361622464,0.1815317361622464,False,2450.1297002835204,,
1963.1,1963,10,740.4062485651414,0.4195714285714286,779.3663976124346,691.9065967426677,1963,0.44779769913219747,1963-12-03,118.94863178275989,118.94863178275989,0.16065319817772272,0.16065319817772272,False,2450.1297002835204,,
1963.11,1963,11,804.1593851042213,0.396,817.7246825595828,783.7426792233937,1963,0.48635559611103296,1963-12-10,63.75313653907995,63.75313653907995,0.07927922961542924,0.07927922961542924,False,2450.1297002835204,,
1963.12,1963,12,822.7942580552932,0.3885714285714286,834.6935677067364,817.7246825595828,1963,0.4976259672718413,1963-12-17,18.634872951071884,18.634872951071884,0.022648277827213018,0.022648277827213018,False,2450.1297002835204,,
1963.13,1963,13,866.0666388057452,0.3722857142857143,914.0536783798912,834.6935677067364,1963,0.5237971031497148,1963-12-24,43.272380750452044,43.272380750452044,0.04996426234605007,0.04996426234605007,False,2450.1297002835204,,
1963.14,1963,14,925.7000297530093,0.3521428571428572,947.0029281802471,905.4211927358452,1963,0.5598633779946199,1963-12-31,59.63339094726405,59.63339094726405,0.0644197785790016,0.0644197785790016,False,2450.1297002835204,,
1963.15,1963,15,966.0138793028478,0.341,971.4321659369264,947.0029281802471,1964,0.5842451942023623,1964-01-07,40.31384954983855,40.31384954983855,0.04173216390941735,0.04173216390941735,False,2450.1297002835204,,
1963.16,1963,16,1011.8223875712289,0.33014285714285707,1022.7291742398579,971.4321659369264,1964,0.6119501800030792,1964-01-14,45.80850826838105,45.80850826838105,0.04527327012237736,0.04527327012237736,False,2450.1297002835204,,
1963.17,1963,17,1046.6940704866042,0.31971428571428573,1059.9978690640885,1027.8009259147987,1964,0.6330405738302982,1964-01-21,34.871682915375345,34.871682915375345,0.03331602222525597,0.03331602222525597,False,2450.1297002835204,,
1963.18,1963,18,1089.6973032941214,0.30557142857142855,1107.711819429938,1080.0406798008228,1964,0.6590489290322846,1964-01-28,43.00323280751718,43.00323280751718,0.039463466301623146,0.039463466301623146,False,2450.1297002835204,,
1963.19,1963,19,1165.6062431246194,0.28257142857142853,1208.137555230546,1125.7884692412713,1964,0.7049586558417699,1964-02-04,75.90893983049796,75.90893983049796,0.06512399901617741,0.06512399901617741,False,2450.1297002835204,,
1963.2,1963,20,1303.4188042160908,0.25857142857142856,1383.5781363808978,1216.5619918456675,1964,0.7883076927898915,1964-02-11,137.81256109147148,137.81256109147148,0.1057316041825524,0.1057316041825524,False,2450.1297002835204,,
1963.21,1963,21,1426.5337457825613,0.24057142857142857,1484.8531389610919,1388.4592119306233,1964,0.8627676094492932,1964-02-18,123.1149415664704,123.1149415664704,0.08630356059255548,0.08630356059255548,False,2450.1297002835204,,
1963.22,1963,22,1648.7423898695179,0.21285714285714283,1801.689870916998,1528.006983766956,1964,0.9971593973930845,1964-02-25,222.2086440869566,222.2086440869566,0.1347746291065776,0.1347746291065776,False,2450.1297002835204,,
1963.23,1963,23,2045.7482189725094,0.17157142857142857,2187.823512835168,1871.7016074586716,1964,1.2372685228345737,1964-03-03,397.0058291029916,397.0058291029916,0.19406387619997068,0.19406387619997068,False,2450.1297002835204,,
1963.24,1963,24,2324.5948079759623,0.1405714285714286,2395.739198274402,2221.9458555412634,1964,1.405914939863862,1964-03-10,278.8465890034529,278.8465890034529,0.1199549220563932,0.1199549220563932,False,2450.1297002835204,,
1963.25,1963,25,2403.526393347718,0.13185714285714287,2450.1297002835204,2363.8308777702473,1964,1.4536527626966997,1964-03-17,78.93158537175577,78.93158537175577,0.032839907891261816,0.032839907891261816,True,2450.1297002835204,True,
1963.26,1963,26,2299.719957816372,0.1432857142857143,2335.160165612593,2261.108087620956,1964,1.3908706304873417,1964-03-24,-103.80643553134632,103.80643553134632,-0.04513872881718717,0.04513872881718717,False,2450.1297002835204,,
1963.27,1963,27,2261.108087620956,0.148,2261.108087620956,2261.108087620956,1964,1.3675181713931543,1964-03-31,-38.61187019541558,38.61187019541558,-0.01707652562334664,0.01707652562334664,False,2450.1297002835204,,
1963.28,1963,28,2285.2772189740745,0.14500000000000002,2293.9632006513275,2261.108087620956,1964,1.38213566203552,1964-04-07,24.169131353118246,24.169131353118246,0.010576017278100052,0.010576017278100052,False,2450.1297002835204,,
1963.29,1963,29,2315.209753192427,0.14142857142857143,2327.3604518173347,2293.9632006513275,1964,1.4002388587307797,1964-04-14,29.93253421835243,29.93253421835243,0.012928648981837893,0.012928648981837893,True,2450.1297002835204,,
1963.3,1963,30,2268.940931806879,0.14714285714285716,2293.9632006513275,2217.372657831301,1964,1.3722554755568006,1964-04-21,-46.26882138554811,46.26882138554811,-0.020392254702153827,0.020392254702153827,False,2450.1297002835204,,
1963.31,1963,31,2156.1315972100833,0.16,2217.372657831301,2076.7821263719575,1964,1.3040283899926581,1964-04-28,-112.80933459679545,112.80933459679545,-0.05232024554659121,0.05232024554659121,False,2450.1297002835204,,
1963.32,1963,32,1967.590473114927,0.1797142857142857,2067.468969295266,1860.314920798596,1964,1.1899987181399079,1964-05-05,-188.54112409515642,188.54112409515642,-0.09582335687805688,0.09582335687805688,False,2450.1297002835204,,
1963.33,1963,33,1723.4576239868295,0.20442857142857143,1835.7736825262566,1609.5195834351925,1964,1.0423471709872345,1964-05-12,-244.1328491280974,244.1328491280974,-0.1416529456426966,0.1416529456426966,False,2450.1297002835204,,
1963.34,1963,34,1491.4744726350843,0.2318571428571429,1589.152359062425,1392.1184694738974,1964,0.902043761049699,1964-05-19,-231.98315135174516,231.98315135174516,-0.1555394715820282,0.1555394715820282,False,2450.1297002835204,,
1963.35,1963,35,1250.6194204911303,0.26685714285714285,1365.945584949549,1166.683447695578,1964,0.7563746255130357,1964-05-26,-240.85505214395403,240.85505214395403,-0.19258860705151046,0.19258860705151046,False,2450.1297002835204,,
1963.36,1963,36,1069.4725006564208,0.31100000000000005,1132.2744617454025,989.4775076349575,1964,0.6468169683970033,1964-06-02,-181.14691983470948,181.14691983470948,-0.1693796892613182,0.1693796892613182,False,2450.1297002835204,,
1963.37,1963,37,890.6186119311673,0.3648571428571428,957.9333972550563,817.7246825595828,1964,0.53864613649597,1964-06-09,-178.85388872525357,178.85388872525357,-0.20081984176979736,0.20081984176979736,False,2450.1297002835204,,
1963.38,1963,38,732.3712979349415,0.4232857142857142,794.2548359930772,682.3088631722309,1964,0.4429381609910526,1964-06-16,-158.24731399622578,158.24731399622578,-0.216075253689534,0.216075253689534,False,2450.1297002835204,,
1963.39,1963,39,631.6230109339793,0.4684285714285714,666.8063237852695,595.7090611902229,1964,0.3820055970128706,1964-06-23,-100.74828700096214,100.74828700096214,-0.15950699271070873,0.15950699271070873,False,2450.1297002835204,,
1963.4,1963,40,565.8903076671857,0.5034285714285714,583.0034913422678,550.9983234585969,1964,0.3422504580771139,1964-06-30,-65.73270326679369,65.73270326679369,-0.11615802987997588,0.11615802987997588,False,2450.1297002835204,,
1963.41,1963,41,533.1206733403698,0.529,548.1781559247493,516.7730027239134,1964,0.32243138323625564,1964-07-07,-32.76963432681589,32.76963432681589,-0.061467573788672396,0.061467573788672396,False,2450.1297002835204,,
1963.42,1963,42,493.2533646298215,0.554,512.1178199937132,479.56309760929685,1964,0.298319634928116,1964-07-14,-39.867308710548286,39.867308710548286,-0.0808252139151003,0.0808252139151003,False,2450.1297002835204,,
1963.43,1963,43,468.4545360630499,0.5754285714285715,477.3484869166725,459.26044279675483,1964,0.2833213034109326,1964-07-21,-24.79882856677159,24.79882856677159,-0.052937535358679684,0.052937535358679684,False,2450.1297002835204,,
1963.44,1963,44,450.8031860021457,0.5948571428571429,459.26044279675483,440.0331111664572,1964,0.2726457668940977,1964-07-28,-17.65135006090418,17.65135006090418,-0.03915533565199817,0.03915533565199817,False,2450.1297002835204,,
1963.45,1963,45,428.3356109738512,0.6195714285714286,440.0331111664572,420.28892993659525,1964,0.2590573775169852,1964-08-04,-22.467575028294505,22.467575028294505,-0.052453203639111136,0.052453203639111136,False,2450.1297002835204,,
1963.46,1963,46,415.0082999111196,0.6357142857142856,420.28892993659525,402.90237744418727,1964,0.2509970197862451,1964-08-11,-13.32731106273161,13.32731106273161,-0.03211336030047076,0.03211336030047076,False,2450.1297002835204,,
1963.47,1963,47,390.10502171305296,0.6638571428571429,398.1467533267305,380.8369423592014,1964,0.23593551713205443,1964-08-18,-24.90327819806663,24.90327819806663,-0.06383736894416236,0.06383736894416236,False,2450.1297002835204,,
1963.48,1963,48,367.46975782258266,0.6915714285714286,377.11676084070143,353.9823107128336,1964,0.22224570953109798,1964-08-25,-22.6352638904703,22.6352638904703,-0.061597623773433856,0.061597623773433856,False,2450.1297002835204,,
1963.49,1963,49,350.8946187297242,0.7077142857142856,353.9823107128336,346.9384943839358,1964,0.2122210654077372,1964-09-01,-16.57513909285848,16.57513909285848,-0.04723680047548818,0.04723680047548818,False,2450.1297002835204,,
1963.5,1963,50,334.2693057744772,0.7328571428571429,340.5953058875766,329.2057950036568,1964,0.20216607613240378,1964-09-08,-16.62531295524701,16.62531295524701,-0.04973628349371593,0.04973628349371593,False,2450.1297002835204,,
1963.51,1963,51,321.92756661785444,0.7537142857142857,325.6607962357874,316.52242407738737,1964,0.1947017922904783,1964-09-15,-12.341739156622737,12.341739156622737,-0.03833700632190052,0.03833700632190052,False,2450.1297002835204,,
1963.52,1963,52,306.4968213527084,0.7742857142857141,311.8155700798613,299.18021087320443,1964,0.18536927755411803,1964-09-22,-15.430745265146015,15.430745265146015,-0.05034553114464023,0.05034553114464023,False,2450.1297002835204,,
1963.53,1963,53,292.62260575032735,0.7955000000000001,294.72326674738565,290.5219447532691,1964,0.05056518627365658,1964-09-29,-13.87421560238107,13.87421560238107,-0.04741334172322587,0.04741334172322587,False,2450.1297002835204,,
1964.01,1964,1,282.72117754057746,0.8127142857142857,290.5219447532691,273.7644374568714,1964,0.17098976817654124,1964-10-01,-9.901428209749895,9.901428209749895,-0.035021883736773826,0.035021883736773826,False,2742.499149867776,,
1964.02,1964,2,268.92048073548415,0.8409999999999999,273.7644374568714,266.78604271350054,1964,0.1626431067488208,1964-10-08,-13.80069680509331,13.80069680509331,-0.0513188760013707,0.0513188760013707,False,2742.499149867776,,
1964.03,1964,3,264.1051871975735,0.8520000000000001,264.1051871975735,264.1051871975735,1964,0.1597308172170925,1964-10-15,-4.815293537910634,4.815293537910634,-0.018232483765297566,0.018232483765297566,False,2742.499149867776,,True
1964.04,1964,4,275.61504120718644,0.8275714285714285,283.6079686159883,266.78604271350054,1964,0.16669197692210638,1964-10-22,11.509854009612923,11.509854009612923,0.04176061639887313,0.04176061639887313,False,2742.499149867776,,
1964.05,1964,5,285.6182798768127,0.8078571428571429,290.5219447532691,283.6079686159883,1964,0.17274193566949636,1964-10-29,10.003238669626285,10.003238669626285,0.03502310382213871,0.03502310382213871,False,2742.499149867776,,
1964.06,1964,6,303.05679621425855,0.7804285714285714,320.2150422476492,290.5219447532691,1964,0.18328875035038356,1964-11-05,17.438516337445833,17.438516337445833,0.05754207315356476,0.05754207315356476,False,2742.499149867776,,
1964.07,1964,7,318.7497525716095,0.7578571428571428,323.62655383883583,311.8155700798613,1964,0.19277985035530942,1964-11-12,15.692956357350965,15.692956357350965,0.049232842475149606,0.049232842475149606,False,2742.499149867776,,
1964.08,1964,8,337.5357665943363,0.7301428571428571,373.01012538244936,323.62655383883583,1964,0.20414163163625457,1964-11-19,18.78601402272676,18.78601402272676,0.0556563655824496,0.0556563655824496,False,2742.499149867776,,
1964.09,1964,9,411.18577307544814,0.6402857142857143,422.4698189706656,398.1467533267305,1964,0.24868515555603102,1964-11-26,73.65000648111186,73.65000648111186,0.1791161350993481,0.1791161350993481,False,2742.499149867776,,
1964.1,1964,10,437.4427586538988,0.6102857142857142,453.07261391760653,422.4698189706656,1964,0.264565380433878,1964-12-03,26.256985578450667,26.256985578450667,0.06002382039480732,0.06002382039480732,False,2742.499149867776,,
1964.11,1964,11,440.34695328225035,0.6068571428571429,453.07261391760653,435.49688511870175,1964,0.266321837345105,1964-12-10,2.904194628351547,2.904194628351547,0.0065952417899211345,0.0065952417899211345,False,2742.499149867776,,
1964.12,1964,12,470.08990367313896,0.5745714285714286,489.3436243127323,455.65515596238953,1964,0.28431037374151447,1964-12-17,29.74295039088861,29.74295039088861,0.06327077046004663,0.06327077046004663,False,2742.499149867776,,
1964.13,1964,13,521.7502403609222,0.5364285714285715,542.0087505502821,505.01787451967766,1964,0.3155545453702858,1964-12-24,51.660336687783285,51.660336687783285,0.09901353692151076,0.09901353692151076,False,2742.499149867776,,
1964.14,1964,14,566.2646223399863,0.5042857142857142,595.7090611902229,550.9983234585969,1964,0.34247684359122377,1964-12-31,44.51438197906407,44.51438197906407,0.07861056513669602,0.07861056513669602,False,2742.499149867776,,
1964.15,1964,15,636.1953251533284,0.46614285714285714,673.1577568282033,608.7950640130589,1965,0.38477093265273304,1965-01-07,69.93070281334212,69.93070281334212,0.10992017710360923,0.10992017710360923,False,2742.499149867776,,
1964.16,1964,16,705.2585435376992,0.4361428571428572,720.3337222668207,682.3088631722309,1965,0.4265403671316005,1965-01-14,69.06321838437077,69.06321838437077,0.0979260996087161,0.0979260996087161,False,2742.499149867776,,
1964.17,1964,17,758.3517204099996,0.4114285714285714,779.3663976124346,728.4970702319307,1965,0.45865112050396784,1965-01-21,53.09317687230043,53.09317687230043,0.07001128294875607,0.07001128294875607,False,2742.499149867776,,
1964.18,1964,18,836.727171163602,0.38285714285714284,885.1094475277025,794.2548359930772,1965,0.5060525931197465,1965-01-28,78.37545075360231,78.37545075360231,0.09366906376974564,0.09366906376974564,False,2742.499149867776,,
1964.19,1964,19,935.732268269178,0.3489999999999999,989.4775076349575,905.4211927358452,1965,0.5659308758491988,1965-02-04,99.00509710557606,99.00509710557606,0.10580494064686427,0.10580494064686427,False,2742.499149867776,,
1964.2,1964,20,1028.2679682199257,0.3244285714285714,1059.9978690640885,989.4775076349575,1965,0.6218964671794112,1965-02-11,92.5356999507477,92.5356999507477,0.08999181420669926,0.08999181420669926,False,2742.499149867776,,
1964.21,1964,21,1124.31406558379,0.29442857142857143,1195.2983332432605,1080.0406798008228,1965,0.6799851468650762,1965-02-18,96.04609736386419,96.04609736386419,0.08542639490505095,0.08542639490505095,False,2742.499149867776,,
1964.22,1964,22,1429.4275162354256,0.24100000000000002,1677.712303316742,1216.5619918456675,1965,0.8645177618191854,1965-02-25,305.11345065163573,305.11345065163573,0.21345150221760792,0.21345150221760792,False,2742.499149867776,,
1964.23,1964,23,1987.1072054101649,0.17757142857142857,2161.5709846171685,1745.9668486656192,1965,1.2018024378320677,1965-03-04,557.6796891747392,557.6796891747392,0.2806490196685824,0.2806490196685824,False,2742.499149867776,,
1964.24,1964,24,2357.4896156676646,0.13785714285714287,2487.9248257129457,2221.9458555412634,1965,1.4258097195558037,1965-03-11,370.3824102574997,370.3824102574997,0.1571088193966885,0.1571088193966885,False,2742.499149867776,,
1964.25,1964,25,2583.9636611748037,0.11785714285714285,2616.8987263392482,2542.9744128795624,1965,1.5627812222785213,1965-03-18,226.47404550713918,226.47404550713918,0.08764598701986867,0.08764598701986867,False,2742.499149867776,,
1964.26,1964,26,2663.6181255845127,0.11157142857142857,2671.4046921253907,2616.8987263392482,1965,1.6109562423535133,1965-03-25,79.65446440970891,79.65446440970891,0.029904611192052646,0.029904611192052646,False,2742.499149867776,,
1964.27,1964,27,2702.320747977799,0.10871428571428572,2742.499149867776,2680.6729909616597,1965,1.6343635883769725,1965-04-01,38.70262239328622,38.70262239328622,0.014321994316273585,0.014321994316273585,True,2742.499149867776,True,
1964.28,1964,28,2679.388185720974,0.11042857142857143,2704.817472781681,2616.8987263392482,1965,1.6204939747240448,1965-04-08,-22.932562256824895,22.932562256824895,-0.008558880112645629,0.008558880112645629,False,2742.499149867776,,
1964.29,1964,29,2545.4560513684487,0.12085714285714286,2616.8987263392482,2467.4434971899177,1965,1.5394918198676377,1965-04-15,-133.93213435252528,133.93213435252528,-0.05261616451029385,0.05261616451029385,False,2742.499149867776,,
1964.3,1964,30,2365.750553366929,0.136,2450.1297002835204,2293.9632006513275,1965,1.430805934676319,1965-04-22,-179.70549800151957,179.70549800151957,-0.07596130443497656,0.07596130443497656,False,2742.499149867776,,
1964.31,1964,31,2203.6648247531143,0.15457142857142858,2261.108087620956,2155.2089572641244,1965,1.3327764860106834,1965-04-29,-162.0857286138148,162.0857286138148,-0.07355280476102982,0.07355280476102982,False,2742.499149867776,,
1964.32,1964,32,2035.020126180523,0.173,2112.7014560687376,1952.5344676593652,1965,1.2307801723139802,1965-05-06,-168.64469857259132,168.64469857259132,-0.0828712681525741,0.0828712681525741,False,2742.499149867776,,
1964.33,1964,33,1813.8153121717864,0.19485714285714284,1916.5413979392097,1726.1698191997614,1965,1.0969955008014964,1965-05-13,-221.20481400873655,221.20481400873655,-0.12195553346822019,0.12195553346822019,False,2742.499149867776,,
1964.34,1964,34,1584.0754509220194,0.22000000000000003,1707.8301963432584,1492.9232463956196,1965,0.9580488327176373,1965-05-20,-229.73986124976705,229.73986124976705,-0.14503088291409716,0.14503088291409716,False,2742.499149867776,,
1964.35,1964,35,1355.3511474765908,0.25085714285714283,1446.688358904274,1231.9889272331854,1965,0.8197163739938421,1965-05-27,-228.72430344542863,228.72430344542863,-0.16875649079669894,0.16875649079669894,False,2742.499149867776,,
1964.36,1964,36,1141.0727802086574,0.28985714285714287,1199.561484005937,1080.0406798008228,1965,0.6901208174701962,1965-06-03,-214.2783672679334,214.2783672679334,-0.18778676608932018,0.18778676608932018,False,2742.499149867776,,
1964.37,1964,37,987.7386390432166,0.335,1066.3481241083625,906.4211780013767,1965,0.5973843288933374,1965-06-10,-153.33414116544077,153.33414116544077,-0.15523756498375876,0.15523756498375876,False,2742.499149867776,,
1964.38,1964,38,805.1607971405839,0.39514285714285713,876.9389119074414,733.8512888156049,1965,0.48696125011062513,1965-06-17,-182.5778419026327,182.5778419026327,-0.22675947779751873,0.22675947779751873,False,2742.499149867776,,
1964.39,1964,39,674.601659863209,0.44942857142857146,720.3337222668207,636.9257883620418,1965,0.4079990838852688,1965-06-24,-130.55913727737493,130.55913727737493,-0.19353515570040075,0.19353515570040075,False,2742.499149867776,,
1964.4,1964,40,591.0397854683454,0.4881428571428571,618.6506296297572,563.9275439778775,1965,0.3574608622512553,1965-07-01,-83.5618743948636,83.5618743948636,-0.14138113279235237,0.14138113279235237,False,2742.499149867776,,
1964.41,1964,41,540.8366340054112,0.523,562.8280752081156,516.7730027239134,1965,0.3270979962464728,1965-07-08,-50.203151462934215,50.203151462934215,-0.09282498319526174,0.09282498319526174,False,2742.499149867776,,
1964.42,1964,42,492.3344542673835,0.5551428571428572,512.1178199937132,472.4927083802066,1965,0.29776387794091347,1965-07-15,-48.50217973802768,48.50217973802768,-0.09851469731120316,0.09851469731120316,False,2742.499149867776,,
1964.43,1964,43,461.0214029191902,0.5842857142857143,470.1789493868897,453.07261391760653,1965,0.2788257444855262,1965-07-22,-31.313051348193255,31.313051348193255,-0.06792103609489458,0.06792103609489458,False,2742.499149867776,,
1964.44,1964,44,435.4420179007192,0.6107142857142858,445.541354005931,426.6328809909446,1965,0.26335533242635495,1965-07-29,-25.579385018471044,25.579385018471044,-0.058743492742822874,0.058743492742822874,False,2742.499149867776,,
1964.45,1964,45,415.07782242105543,0.6357142857142858,422.4698189706656,402.90237744418727,1965,0.25103906700025436,1965-08-05,-20.36419547966375,20.36419547966375,-0.04906115041484024,0.04906115041484024,False,2742.499149867776,,
1964.46,1964,46,392.78313214173096,0.6602857142857143,402.90237744418727,386.53109723034976,1965,0.23755523831931885,1965-08-12,-22.29469027932447,22.29469027932447,-0.05676081393250794,0.05676081393250794,False,2742.499149867776,,
1964.47,1964,47,371.83758827470666,0.6867142857142857,380.8369423592014,360.34880084276085,1965,0.2248873733885426,1965-08-19,-20.9455438670243,20.9455438670243,-0.05632981852160175,0.05632981852160175,False,2742.499149867776,,
1964.48,1964,48,352.45456817740876,0.7078571428571429,360.34880084276085,340.5953058875766,1965,0.21316452283369677,1965-08-26,-19.3830200972979,19.3830200972979,-0.05499437898487222,0.05499437898487222,False,2742.499149867776,,
1964.49,1964,49,335.1833816092846,0.7312857142857142,338.3210417029997,331.6115672476363,1965,0.20271890919729535,1965-09-02,-17.271186568124165,17.271186568124165,-0.05152757420490728,0.05152757420490728,False,2742.499149867776,,
1964.5,1964,50,323.98992472416097,0.75,329.2057950036568,316.52242407738737,1965,0.19594910647317249,1965-09-09,-11.193456885123624,11.193456885123624,-0.034548780782777504,0.034548780782777504,False,2742.499149867776,,
1964.51,1964,51,309.82473955988473,0.7688571428571428,311.8155700798613,309.0284073518941,1965,0.18738200248581827,1965-09-16,-14.165185164276238,14.165185164276238,-0.045719993775830504,0.045719993775830504,False,2742.499149867776,,
1964.52,1964,52,294.57305407300703,0.7918571428571429,306.020121877383,290.5219447532691,1965,0.17815778310335467,1965-09-23,-15.251685486877705,15.251685486877705,-0.05177556221112378,0.05177556221112378,False,2742.499149867776,,
1964.53,1964,53,287.1870699602335,0.8029999999999999,287.1870699602335,287.1870699602335,1965,0.024812962844564176,1965-09-30,-7.385984112773542,7.385984112773542,-0.025718372744971674,0.025718372744971674,False,2742.499149867776,,
1965.01,1965,1,276.5586390420495,0.8232857142857144,283.6079686159883,273.7644374568714,1965,0.16726266489263156,1965-10-01,-10.628430918183994,10.628430918183994,-0.038431021193187136,0.038431021193187136,False,5396.328800163887,,
1965.02,1965,2,268.0101984390202,0.8425714285714285,273.7644374568714,264.1051871975735,1965,0.16209256801591937,1965-10-08,-8.548440603029292,8.548440603029292,-0.03189595266455616,0.03189595266455616,False,5396.328800163887,,
1965.03,1965,3,271.2725109404546,0.835,271.2725109404546,271.2725109404546,1965,0.16406561461678695,1965-10-15,3.262312501434394,3.262312501434394,0.012025960500474317,0.012025960500474317,False,5396.328800163887,,
1965.04,1965,4,264.7479353319264,0.8499999999999999,271.2725109404546,258.7976520087449,1965,0.16011955128874908,1965-10-22,-6.52457560852821,6.52457560852821,-0.024644481553172667,0.024644481553172667,False,5396.328800163887,,
1965.05,1965,5,259.93487138045094,0.8587142857142859,266.78604271350054,249.7991800258312,1965,0.15720861021089674,1965-10-29,-4.813063951475442,4.813063951475442,-0.01851642269432504,0.01851642269432504,False,5396.328800163887,,
1965.06,1965,6,253.966266394109,0.8680000000000001,264.1051871975735,246.1954239432886,1965,0.15359879791515715,1965-11-05,-5.968604986341944,5.968604986341944,-0.023501566058697597,0.023501566058697597,False,5396.328800163887,,True
1965.07,1965,7,271.1992423350954,0.8348571428571429,273.7644374568714,266.78604271350054,1965,0.16402130176426571,1965-11-12,17.232975940986393,17.232975940986393,0.06354359913621449,0.06354359913621449,False,5396.328800163887,,
1965.08,1965,8,310.9479566249477,0.7692857142857142,325.6607962357874,275.9224808516464,1965,0.18806132416676832,1965-11-19,39.74871428985233,39.74871428985233,0.12783076216768824,0.12783076216768824,False,5396.328800163887,,
1965.09,1965,9,345.3371415833718,0.718,360.34880084276085,329.2057950036568,1965,0.20885990322962328,1965-11-26,34.389184958424096,34.389184958424096,0.09958148376612368,0.09958148376612368,False,5396.328800163887,,
1965.1,1965,10,388.7026805900573,0.6671428571428571,402.90237744418727,370.36474529587133,1965,0.23508738122086667,1965-12-03,43.36553900668548,43.36553900668548,0.11156480562690191,0.11156480562690191,False,5396.328800163887,,
1965.11,1965,11,422.8126204929058,0.6265714285714286,440.0331111664572,408.00454625357366,1965,0.25571707287410944,1965-12-10,34.10993990284851,34.10993990284851,0.08067389252261174,0.08067389252261174,False,5396.328800163887,,
1965.12,1965,12,455.84268222304644,0.5901428571428572,470.1789493868897,440.0331111664572,1965,0.2756936542084985,1965-12-17,33.03006173014063,33.03006173014063,0.07245934401987138,0.07245934401987138,False,5396.328800163887,,
1965.13,1965,13,488.13282690683644,0.5575714285714285,512.1178199937132,472.4927083802066,1965,0.2952227337132547,1965-12-24,32.290144683790004,32.290144683790004,0.0661503240591373,0.0661503240591373,False,5396.328800163887,,
1965.14,1965,14,531.0005571331641,0.5305714285714286,548.1781559247493,516.7730027239134,1965,0.32114913695413766,1965-12-31,42.86773022632764,42.86773022632764,0.08073010404691024,0.08073010404691024,False,5396.328800163887,,
1965.15,1965,15,562.7700673412348,0.5048571428571428,571.8920920403683,550.9983234585969,1966,0.3403633367279788,1966-01-07,31.769510208070756,31.769510208070756,0.05645202552822938,0.05645202552822938,False,5396.328800163887,,
1965.16,1965,16,601.7892120243539,0.4817142857142857,630.1125986840717,571.8920920403683,1966,0.36396211543232926,1966-01-14,39.019144683119066,39.019144683119066,0.06483855792605998,0.06483855792605998,False,5396.328800163887,,
1965.17,1965,17,698.5899433928902,0.43871428571428567,739.6475434553279,659.9420006160087,1966,0.42250719776401996,1966-01-21,96.80073136853628,96.80073136853628,0.13856588157910985,0.13856588157910985,False,5396.328800163887,,
1965.18,1965,18,802.3315686124705,0.39685714285714285,885.1094475277025,728.4970702319307,1966,0.4852501326968222,1966-01-28,103.74162521958033,103.74162521958033,0.12930019119026834,0.12930019119026834,False,5396.328800163887,,
1965.19,1965,19,864.0927386966126,0.3727142857142858,906.4211780013767,847.0875422650073,1966,0.5226032883637113,1966-02-04,61.76117008414212,61.76117008414212,0.07147516385486812,0.07147516385486812,False,5396.328800163887,,
1965.2,1965,20,967.9021762798587,0.33971428571428575,1050.5490333418047,924.6839937244496,1966,0.5853872362140585,1966-02-11,103.80943758324611,103.80943758324611,0.10725199315310838,0.10725199315310838,False,5396.328800163887,,
1965.21,1965,21,1088.9606189902795,0.3055714285714286,1141.726989184771,1027.8009259147987,1966,0.6586033823653211,1966-02-18,121.05844271042076,121.05844271042076,0.11116879765833054,0.11116879765833054,False,5396.328800163887,,
1965.22,1965,22,1276.9941332924504,0.26399999999999996,1528.006983766956,1151.4124173518942,1966,0.7723260518152743,1966-02-25,188.03351430217094,188.03351430217094,0.1472469680164995,0.1472469680164995,False,5396.328800163887,,
1965.23,1965,23,1695.6283222807845,0.20785714285714282,1916.5413979392097,1511.0711996298642,1966,1.0255160093154183,1966-03-04,418.634188988334,418.634188988334,0.24689030224809552,0.24689030224809552,False,5396.328800163887,,
1965.24,1965,24,2204.416975346679,0.15414285714285716,2411.0479762115906,2004.1930578689712,1966,1.333231386689672,1966-03-11,508.78865306589455,508.78865306589455,0.2308041803143344,0.2308041803143344,False,5396.328800163887,,
1965.25,1965,25,3038.9217367049387,0.08742857142857144,3803.114617748527,2496.800686844093,1966,1.8379398663591464,1966-03-18,834.5047613582597,834.5047613582597,0.27460554553902455,0.27460554553902455,False,5396.328800163887,,
1965.26,1965,26,4883.318448548996,0.020142857142857146,5344.849128363103,4037.0264934588813,1966,2.9534309976824322,1966-03-25,1844.3967118440569,1844.3967118440569,0.37769331066092804,0.37769331066092804,False,5396.328800163887,,
1965.27,1965,27,5301.837514207332,0.013428571428571429,5396.328800163887,5114.9019471125,1966,3.206551328592594,1966-04-01,418.51906565833633,418.51906565833633,0.0789384934066408,0.0789384934066408,True,5396.328800163887,True,
1965.28,1965,28,4513.493187609219,0.025714285714285717,4967.490886366779,4160.599447874629,1966,2.7297606798660556,1966-04-08,-788.3443265981132,788.3443265981132,-0.17466390084786998,0.17466390084786998,False,5396.328800163887,,
1965.29,1965,29,3798.5458441734336,0.044571428571428574,4037.0264934588813,3530.1446963297662,1966,2.297360526556093,1966-04-15,-714.9473434357851,714.9473434357851,-0.1882160628737543,0.1882160628737543,False,5396.328800163887,,
1965.3,1965,30,3275.883897437288,0.06957142857142858,3467.070774707111,3080.145690401829,1966,1.9812545811700715,1966-04-22,-522.6619467361456,522.6619467361456,-0.15954837323295315,0.15954837323295315,False,5396.328800163887,,
1965.31,1965,31,2873.853697265543,0.09571428571428571,3020.841272673107,2716.0232486595064,1966,1.7381067161062005,1966-04-29,-402.03020017174504,402.03020017174504,-0.13989236840910682,0.13989236840910682,False,5396.328800163887,,
1965.32,1965,32,2552.726354566887,0.12028571428571429,2697.0639055583683,2423.365591149523,1966,1.5438888992420532,1966-05-06,-321.12734269865587,321.12734269865587,-0.12579779345488856,0.12579779345488856,False,5396.328800163887,,
1965.33,1965,33,2279.683925393734,0.14585714285714288,2384.832211470341,2187.823512835168,1966,1.3787528380781304,1966-05-13,-273.04242917315287,273.04242917315287,-0.11977205529753188,0.11977205529753188,False,5396.328800163887,,
1965.34,1965,34,2052.567861224737,0.17114285714285712,2155.2089572641244,1952.5344676593652,1966,1.241393042468721,1966-05-20,-227.11606416899713,227.11606416899713,-0.11064972245715682,0.11064972245715682,False,5396.328800163887,,
1965.35,1965,35,1800.9364571463561,0.19628571428571426,1916.5413979392097,1693.819307089167,1966,1.0892063692821163,1966-05-27,-251.6314040783809,251.6314040783809,-0.1397225332853216,0.1397225332853216,False,5396.328800163887,,
1965.36,1965,36,1533.3977521602724,0.22642857142857145,1645.7136786211431,1431.7953534582748,1966,0.9273989605065326,1966-06-03,-267.53870498608376,267.53870498608376,-0.17447443405285515,0.17447443405285515,False,5396.328800163887,,
1965.37,1965,37,1295.1732076192445,0.2595714285714286,1392.1184694738974,1195.2983332432605,1966,0.7833207559681192,1966-06-10,-238.22454454102785,238.22454454102785,-0.18393257607523117,0.18393257607523117,False,5396.328800163887,,
1965.38,1965,38,1113.7760113447578,0.2978571428571429,1172.2200796855432,1066.3481241083625,1966,0.6736117316613096,1966-06-17,-181.39719627448676,181.39719627448676,-0.16286685511880464,0.16286685511880464,False,5396.328800163887,,
1965.39,1965,39,962.9377567286244,0.34228571428571425,1042.8375986738163,885.1094475277025,1966,0.582384755269472,1966-06-24,-150.83825461613333,150.83825461613333,-0.1566438262100908,0.1566438262100908,False,5396.328800163887,,
1965.4,1965,40,793.0888243779297,0.3988571428571429,858.5276662376176,733.8512888156049,1966,0.47966012098377186,1966-07-01,-169.84893235069478,169.84893235069478,-0.21416129836896663,0.21416129836896663,False,5396.328800163887,,
1965.41,1965,41,667.6831837270358,0.4518571428571429,712.0837013457431,623.8090120652902,1966,0.4038147895181114,1966-07-08,-125.40564065089382,125.40564065089382,-0.18782207446183416,0.18782207446183416,False,5396.328800163887,,
1965.42,1965,42,587.6858879423563,0.4904285714285714,618.6506296297572,562.8280752081156,1966,0.3554324250275371,1966-07-15,-79.99729578467952,79.99729578467952,-0.13612253999287138,0.13612253999287138,False,5396.328800163887,,
1965.43,1965,43,542.4691847358621,0.5221428571428572,562.8280752081156,523.0192327708844,1966,0.3280853629282494,1966-07-22,-45.21670320649423,45.21670320649423,-0.08335349634378043,0.08335349634378043,False,5396.328800163887,,
1965.44,1965,44,489.6065852859413,0.557,512.1178199937132,472.4927083802066,1966,0.29611406278093727,1966-07-29,-52.862599449920765,52.862599449920765,-0.10796954338154544,0.10796954338154544,False,5396.328800163887,,
1965.45,1965,45,462.48062231035226,0.5824285714285714,470.1789493868897,453.07261391760653,1966,0.27970828037330103,1966-08-05,-27.12596297558906,27.12596297558906,-0.05865318819214421,0.05865318819214421,False,5396.328800163887,,
1965.46,1965,46,436.0598679967169,0.6100000000000001,445.541354005931,426.6328809909446,1966,0.26372900816441436,1966-08-12,-26.42075431363537,26.42075431363537,-0.06058974065880856,0.06058974065880856,False,5396.328800163887,,
1965.47,1965,47,419.96351443056864,0.6292857142857143,426.6328809909446,408.00454625357366,1966,0.25399393352760796,1966-08-19,-16.096353566148252,16.096353566148252,-0.038327980915135944,0.038327980915135944,False,5396.328800163887,,
1965.48,1965,48,396.7550307454268,0.6558571428571429,408.00454625357366,389.13393637134163,1966,0.23995744259483415,1966-08-26,-23.208483685141857,23.208483685141857,-0.05849575150071206,0.05849575150071206,False,5396.328800163887,,
1965.49,1965,49,378.35125062786483,0.6795714285714285,386.53109723034976,373.01012538244936,1966,0.22882683637973267,1966-09-02,-18.40378011756195,18.40378011756195,-0.04864204911975663,0.04864204911975663,False,5396.328800163887,,
1965.5,1965,50,356.6911093373363,0.7030000000000001,370.36474529587133,344.6194637292325,1966,0.21572678292722097,1966-09-09,-21.660141290528543,21.660141290528543,-0.06072520655412167,0.06072520655412167,False,5396.328800163887,,
1965.51,1965,51,334.104516071916,0.7327142857142857,340.5953058875766,323.62655383883583,1966,0.20206641132029482,1966-09-16,-22.586593265420277,22.586593265420277,-0.06760337612604587,0.06760337612604587,False,5396.328800163887,,
1965.52,1965,52,317.3367107874073,0.7601428571428571,323.62655383883583,309.0284073518941,1966,0.19192524268422392,1966-09-23,-16.76780528450871,16.76780528450871,-0.052839160155478924,0.052839160155478924,False,5396.328800163887,,
1965.53,1965,53,306.020121877383,0.775,306.020121877383,306.020121877383,1966,0.02644013853020589,1966-09-30,-11.31658891002428,11.31658891002428,-0.03697988498468294,0.03697988498468294,False,5396.328800163887,,
1966.01,1966,1,299.1764769795272,0.7857142857142856,306.020121877383,290.5219447532691,1966,0.18094193327721805,1966-10-01,-6.843644897855825,6.843644897855825,-0.022874943133728187,0.022874943133728187,False,3452.248381930785,,
1966.02,1966,2,284.63869646962917,0.809142857142857,290.5219447532691,281.3222739992266,1966,0.17214948362483173,1966-10-08,-14.537780509898028,14.537780509898028,-0.05107450494331927,0.05107450494331927,False,3452.248381930785,,
1966.03,1966,3,270.9143078050187,0.8355714285714286,273.7644374568714,266.78604271350054,1966,0.1638489733604753,1966-10-15,-13.724388664610444,13.724388664610444,-0.05065951952042379,0.05065951952042379,False,3452.248381930785,,
1966.04,1966,4,266.78604271350054,0.8469999999999998,266.78604271350054,266.78604271350054,1966,0.16135219863312514,1966-10-22,-4.1282650915181875,4.1282650915181875,-0.015474066969655902,0.015474066969655902,False,3452.248381930785,,True
1966.05,1966,5,271.4841768651722,0.8341428571428571,273.7644374568714,270.26224589706084,1966,0.16419363016805613,1966-10-29,4.698134151671638,4.698134151671638,0.017305370080573364,0.017305370080573364,False,3452.248381930785,,
1966.06,1966,6,273.0524584521809,0.8300000000000002,273.7644374568714,271.2725109404546,1966,0.16514212687187899,1966-11-05,1.5682815870086984,1.5682815870086984,0.005743517549333285,0.005743517549333285,False,3452.248381930785,,
1966.07,1966,7,279.0445487136884,0.8194285714285714,283.6079686159883,273.7644374568714,1966,0.16876614306203874,1966-11-12,5.992090261507542,5.992090261507542,0.021473597277313888,0.021473597277313888,False,3452.248381930785,,
1966.08,1966,8,297.94727694806517,0.7874285714285715,309.0284073518941,287.1870699602335,1966,0.1801985130981898,1966-11-19,18.902728234376752,18.902728234376752,0.06344319850143039,0.06344319850143039,False,3452.248381930785,,
1966.09,1966,9,324.9470286279208,0.7468571428571428,340.5953058875766,309.0284073518941,1966,0.19652796291416655,1966-11-26,26.99975167985565,26.99975167985565,0.0830897017088025,0.0830897017088025,False,3452.248381930785,,
1966.1,1966,10,350.532625491578,0.7107142857142856,364.6825175805071,344.6194637292325,1966,0.21200213189730638,1966-12-03,25.5855968636572,25.5855968636572,0.07299062912553893,0.07299062912553893,False,3452.248381930785,,
1966.11,1966,11,360.45052257910766,0.6987142857142857,370.36474529587133,346.9384943839358,1966,0.21800047605584433,1966-12-10,9.917897087529639,9.917897087529639,0.02751528009049555,0.02751528009049555,False,3452.248381930785,,
1966.12,1966,12,365.6057894683768,0.6937142857142857,380.8369423592014,353.9823107128336,1966,0.22111838147047436,1966-12-17,5.155266889269171,5.155266889269171,0.014100616121985885,0.014100616121985885,False,3452.248381930785,,
1966.13,1966,13,411.418828377784,0.6399999999999999,426.6328809909446,386.53109723034976,1966,0.24882610740288374,1966-12-24,45.81303890940717,45.81303890940717,0.11135377320976544,0.11135377320976544,False,3452.248381930785,,
1966.14,1966,14,453.39892001314894,0.5931428571428571,467.1571483252964,440.0331111664572,1966,0.27421566682395243,1966-12-31,41.98009163536494,41.98009163536494,0.09258974775270194,0.09258974775270194,False,3452.248381930785,,
1966.15,1966,15,498.54193460937,0.551,542.0087505502821,472.4927083802066,1967,0.301518162051747,1967-01-07,45.143014596221064,45.143014596221064,0.09055008508279778,0.09055008508279778,False,3452.248381930785,,
1966.16,1966,16,550.1925613060691,0.5161428571428572,550.9983234585969,548.1781559247493,1967,0.33275646107791057,1967-01-14,51.650626696699135,51.650626696699135,0.09387736281655427,0.09387736281655427,False,3452.248381930785,,
1966.17,1966,17,599.059568631733,0.484,618.6506296297572,583.0034913422678,1967,0.3623112271084721,1967-01-21,48.86700732566385,48.86700732566385,0.0815728683497658,0.0815728683497658,False,3452.248381930785,,
1966.18,1966,18,664.5458674534684,0.45400000000000007,733.8512888156049,647.6489852382476,1967,0.40191734063585766,1967-01-28,65.48629882173543,65.48629882173543,0.09854293289442627,0.09854293289442627,False,3452.248381930785,,
1966.19,1966,19,708.1116178214804,0.43442857142857144,728.4970702319307,684.6893499137433,1967,0.42826590645843127,1967-02-04,43.565750368012004,43.565750368012004,0.06152384634225168,0.06152384634225168,False,3452.248381930785,,
1966.2,1966,20,766.9261188531344,0.40857142857142853,817.7246825595828,739.6475434553279,1967,0.46383691668237564,1967-02-11,58.814501031654004,58.814501031654004,0.07668861391708179,0.07668861391708179,False,3452.248381930785,,
1966.21,1966,21,854.1535464414794,0.3752857142857143,885.1094475277025,847.0875422650073,1967,0.5165920648878067,1967-02-18,87.227427588345,87.227427588345,0.10212148383829395,0.10212148383829395,False,3452.248381930785,,
1966.22,1966,22,912.1692462270331,0.35671428571428576,947.0029281802471,885.1094475277025,1967,0.5516799601181097,1967-02-25,58.01569978555369,58.01569978555369,0.06360190285467479,0.06360190285467479,False,3452.248381930785,,
1966.23,1966,23,986.9975747641844,0.3352857142857143,1022.7291742398579,947.0029281802471,1967,0.5969361332173787,1967-03-04,74.82832853715126,74.82832853715126,0.07581409564763056,0.07581409564763056,False,3452.248381930785,,
1966.24,1966,24,1063.81668563484,0.314,1089.4560494851628,1025.1570830002852,1967,0.6433963314719512,1967-03-11,76.81911087065566,76.81911087065566,0.0722108535314177,0.0722108535314177,False,3452.248381930785,,
1966.25,1966,25,1158.28321519696,0.28457142857142853,1216.5619918456675,1117.0362502238706,1967,0.7005296885511213,1967-03-18,94.46652956212006,94.46652956212006,0.08155736725068273,0.08155736725068273,False,3452.248381930785,,
1966.26,1966,26,1465.6138663623692,0.23614285714285715,1677.712303316742,1269.7472452468235,1967,0.8864032663759608,1967-03-25,307.3306511654091,307.3306511654091,0.20969414811023793,0.20969414811023793,False,3452.248381930785,,
1966.27,1966,27,1976.0016328950094,0.1787142857142857,2139.216866369918,1751.5174261192885,1967,1.1950857875749017,1967-04-01,510.38776653264017,510.38776653264017,0.25829319067154766,0.25829319067154766,False,3452.248381930785,,
1966.28,1966,28,2374.985068292129,0.13685714285714287,2616.8987263392482,2187.823512835168,1967,1.43639096930308,1967-04-08,398.9834353971198,398.9834353971198,0.16799408161501916,0.16799408161501916,False,3452.248381930785,,
1966.29,1966,29,3056.3125147985184,0.08442857142857142,3405.101513165422,2704.817472781681,1967,1.848457808950144,1967-04-15,681.3274465063892,681.3274465063892,0.2229246659847232,0.2229246659847232,False,3452.248381930785,,
1966.3,1966,30,3430.272298264507,0.06157142857142857,3452.248381930785,3355.9174512398436,1967,2.0746286859903735,1967-04-22,373.9597834659885,373.9597834659885,0.10901752133648039,0.10901752133648039,True,3452.248381930785,True,
1966.31,1966,31,3096.797568024607,0.08014285714285715,3278.6645629042023,2942.868341840209,1967,1.8729431691412821,1967-04-29,-333.47473023990005,333.47473023990005,-0.10768373550894313,0.10768373550894313,False,3452.248381930785,,
1966.32,1966,32,2681.9587462749173,0.11028571428571429,2873.0524012848505,2542.9744128795624,1967,1.6220486497470699,1967-05-06,-414.8388217496895,414.8388217496895,-0.1546775550988158,0.1546775550988158,False,3452.248381930785,,
1966.33,1966,33,2356.1761722159986,0.13742857142857143,2467.4434971899177,2261.108087620956,1967,1.4250153489562363,1967-05-13,-325.7825740589187,325.7825740589187,-0.13826749370464864,0.13826749370464864,False,3452.248381930785,,
1966.34,1966,34,2159.9811593983914,0.15985714285714286,2221.9458555412634,2094.7380107984795,1967,1.306356605204147,1967-05-20,-196.19501281760722,196.19501281760722,-0.09083181673318504,0.09083181673318504,False,3452.248381930785,,
1966.35,1966,35,2011.7640493228002,0.17542857142857143,2067.468969295266,1952.5344676593652,1967,1.2167148970304293,1967-05-27,-148.2171100755911,148.2171100755911,-0.07367519571963915,0.07367519571963915,False,3452.248381930785,,
1966.36,1966,36,1848.650742759935,0.19128571428571428,1916.5413979392097,1767.625484109115,1967,1.1180639692212087,1967-06-03,-163.11330656286532,163.11330656286532,-0.08823370623233355,0.08823370623233355,False,3452.248381930785,,
1966.37,1966,37,1662.4170201097472,0.2112857142857143,1745.9668486656192,1570.314592802547,1967,1.0054298137623754,1967-06-10,-186.2337226501877,186.2337226501877,-0.11202587581658252,0.11202587581658252,False,3452.248381930785,,
1966.38,1966,38,1466.4183899580257,0.23514285714285715,1551.1556592265113,1383.5781363808978,1967,0.8868898422466138,1967-06-17,-195.9986301517215,195.9986301517215,-0.1336580552275614,0.1336580552275614,False,3452.248381930785,,
1966.39,1966,39,1242.5195195985782,0.2684285714285715,1355.589210120566,1151.4124173518942,1967,0.7514758054532201,1967-06-24,-223.89887035944753,223.89887035944753,-0.18019746718488794,0.18019746718488794,False,3452.248381930785,,
1966.4,1966,40,1060.6216427891259,0.3138571428571429,1125.7884692412713,976.7769450097452,1967,0.6414639695588633,1967-07-01,-181.89787680945233,181.89787680945233,-0.17150119276381529,0.17150119276381529,False,3452.248381930785,,
1966.41,1966,41,857.47653910132,0.3758571428571429,947.0029281802471,779.3663976124346,1967,0.5186018108484783,1967-07-08,-203.14510368780589,203.14510368780589,-0.2369103927912856,0.2369103927912856,False,3452.248381930785,,
1966.42,1966,42,679.6209575193594,0.4465714285714286,739.6475434553279,623.8090120652902,1967,0.4110347551077086,1967-07-15,-177.85558158196056,177.85558158196056,-0.26169820046624187,0.26169820046624187,False,3452.248381930785,,
1966.43,1966,43,577.6032045997845,0.4965714285714286,608.7950640130589,550.9983234585969,1967,0.3493344181419496,1967-07-22,-102.01775291957495,102.01775291957495,-0.17662255352316134,0.17662255352316134,False,3452.248381930785,,
1966.44,1966,44,521.7657878354523,0.5362857142857144,548.1781559247493,494.68108319071365,1967,0.31556394848288155,1967-07-29,-55.83741676433215,55.83741676433215,-0.1070162476462359,0.1070162476462359,False,3452.248381930785,,
1966.45,1966,45,473.7724450091764,0.5701428571428572,489.3436243127323,459.26044279675483,1967,0.2865375747415499,1967-08-05,-47.99334282627592,47.99334282627592,-0.10130040978923194,0.10130040978923194,False,3452.248381930785,,
1966.46,1966,46,441.89752866495144,0.6038571428571429,455.65515596238953,430.9578316629287,1967,0.26725962533656267,1967-08-12,-31.87491634422497,31.87491634422497,-0.07213191809541136,0.07213191809541136,False,3452.248381930785,,
1966.47,1966,47,417.2376881510076,0.6324285714285713,426.6328809909446,402.90237744418727,1967,0.25234535379372947,1967-08-19,-24.659840513943834,24.659840513943834,-0.059102619955604035,0.059102619955604035,False,3452.248381930785,,
1966.48,1966,48,386.0763073901358,0.6702857142857143,402.90237744418727,373.01012538244936,1967,0.23349895070955412,1967-08-26,-31.161380760871793,31.161380760871793,-0.08071300974546143,0.08071300974546143,False,3452.248381930785,,
1966.49,1966,49,359.08858692795945,0.7000000000000001,370.36474529587133,346.9384943839358,1967,0.21717677737402985,1967-09-02,-26.987720462176355,26.987720462176355,-0.07515616325503167,0.07515616325503167,False,3452.248381930785,,
1966.5,1966,50,335.0198766543446,0.7314285714285713,340.5953058875766,329.2057950036568,1967,0.2026200214005476,1967-09-09,-24.06871027361484,24.06871027361484,-0.0718426336788597,0.0718426336788597,False,3452.248381930785,,
1966.51,1966,51,318.64219252432156,0.7577142857142858,325.6607962357874,309.0284073518941,1967,0.1927147980387097,1967-09-16,-16.377684130023056,16.377684130023056,-0.05139835374680636,0.05139835374680636,False,3452.248381930785,,
1966.52,1966,52,294.79219638479793,0.7927142857142858,306.020121877383,283.6079686159883,1967,0.17829032037352585,1967-09-23,-23.849996139523626,23.849996139523626,-0.08090443516487039,0.08090443516487039,False,3452.248381930785,,
1966.53,1966,53,281.3222739992266,0.8160000000000001,281.3222739992266,281.3222739992266,1967,0.024306244473533176,1967-09-30,-13.469922385571351,13.469922385571351,-0.04788075325172575,0.04788075325172575,False,3452.248381930785,,
1967.01,1967,1,272.4943118196138,0.8327142857142859,281.3222739992266,266.78604271350054,1967,0.1648045597885024,1967-10-01,-8.827962179612769,8.827962179612769,-0.0323968677388639,0.0323968677388639,False,5513.419393582916,,
1967.02,1967,2,261.1395113072311,0.8571428571428571,264.1051871975735,256.6827889882703,1967,0.15793717643861338,1967-10-08,-11.354800512382724,11.354800512382724,-0.04348174068160747,0.04348174068160747,False,5513.419393582916,,True
1967.03,1967,3,269.43977076947755,0.8402857142857142,294.72326674738565,256.6827889882703,1967,0.16295717336138002,1967-10-15,8.300259462246458,8.300259462246458,0.030805621005919895,0.030805621005919895,False,5513.419393582916,,
1967.04,1967,4,302.3676324264261,0.7809999999999998,306.020121877383,294.72326674738565,1967,0.18287194409150254,1967-10-22,32.92786165694855,32.92786165694855,0.10890008759439804,0.10890008759439804,False,5513.419393582916,,
1967.05,1967,5,296.3781053882438,0.789,311.8155700798613,290.5219447532691,1967,0.17924947813880984,1967-10-29,-5.9895270381823025,5.9895270381823025,-0.020209073913662598,0.020209073913662598,False,5513.419393582916,,
1967.06,1967,6,334.37330849232046,0.7337142857142858,353.9823107128336,316.52242407738737,1967,0.20222897697615538,1967-11-05,37.995203104076666,37.995203104076666,0.11363108878335994,0.11363108878335994,False,5513.419393582916,,
1967.07,1967,7,382.4912262758668,0.674,402.90237744418727,360.34880084276085,1967,0.23133069365164424,1967-11-12,48.11791778354632,48.11791778354632,0.12580136347713738,0.12580136347713738,False,5513.419393582916,,
1967.08,1967,8,423.9859511697679,0.6244285714285713,435.49688511870175,402.90237744418727,1967,0.25642670326747563,1967-11-19,41.49472489390109,41.49472489390109,0.09786815996949443,0.09786815996949443,False,5513.419393582916,,
1967.09,1967,9,436.0598679967169,0.61,445.541354005931,426.6328809909446,1967,0.26372900816441436,1967-11-26,12.073916826949016,12.073916826949016,0.027688667802467714,0.027688667802467714,False,5513.419393582916,,
1967.1,1967,10,479.29670435009376,0.5661428571428572,505.01787451967766,459.26044279675483,1967,0.28987864679093667,1967-12-03,43.23683635337687,43.23683635337687,0.09020891644144353,0.09020891644144353,False,5513.419393582916,,
1967.11,1967,11,543.0865465844296,0.5207142857142858,563.9275439778775,516.7730027239134,1967,0.32845874337426306,1967-12-10,63.78984223433582,63.78984223433582,0.11745796804491251,0.11745796804491251,False,5513.419393582916,,
1967.12,1967,12,593.8186016974024,0.4865714285714286,615.6277736669467,571.8920920403683,1967,0.35914149030658893,1967-12-17,50.73205511297283,50.73205511297283,0.08543359027143584,0.08543359027143584,False,5513.419393582916,,
1967.13,1967,13,662.8399779794875,0.454,702.6560160658968,623.8090120652902,1967,0.40088561868199407,1967-12-24,69.02137628208504,69.02137628208504,0.10412977275824635,0.10412977275824635,False,5513.419393582916,,
1967.14,1967,14,744.4672664971632,0.4181428571428571,779.3663976124346,705.8654488603318,1967,0.4502538027774843,1967-12-31,81.62728851767577,81.62728851767577,0.10964523517836469,0.10964523517836469,False,5513.419393582916,,
1967.15,1967,15,894.4375130423339,0.36428571428571427,1025.1570830002852,794.2548359930772,1968,0.5409558078880036,1968-01-07,149.97024654517065,149.97024654517065,0.16766989796197482,0.16766989796197482,False,5513.419393582916,,
1967.16,1967,16,1417.2119769381454,0.251,1952.5344676593652,1059.9978690640885,1968,0.8571298036521903,1968-01-14,522.7744638958116,522.7744638958116,0.36887527935323694,0.36887527935323694,False,5513.419393582916,,
1967.17,1967,17,2651.3956851278244,0.11399999999999999,3112.623308365314,2195.2181702718217,1968,1.603564110365308,1968-01-21,1234.183708189679,1234.183708189679,0.46548454276834156,0.46548454276834156,False,5513.419393582916,,
1967.18,1967,18,3627.5886589720803,0.05357142857142857,4253.107973715088,3185.838009938993,1968,2.1939656209463143,1968-01-28,976.1929738442559,976.1929738442559,0.26910244396917693,0.26910244396917693,False,5513.419393582916,,
1967.19,1967,19,5006.488733120866,0.017285714285714286,5278.010080717362,4515.173590483621,1968,3.0279243857914993,1968-02-04,1378.9000741487853,1378.9000741487853,0.2754225860984268,0.2754225860984268,False,5513.419393582916,,
1967.2,1967,20,5099.230417515109,0.016142857142857143,5278.010080717362,4856.042745855138,1968,3.0840145565131385,1968-02-11,92.74168439424375,92.74168439424375,0.018187388448988234,0.018187388448988234,True,5513.419393582916,,
1967.21,1967,21,4531.172446862028,0.024285714285714282,4729.203013262547,4432.218100140775,1968,2.7404530958621542,1968-02-18,-568.0579706530816,568.0579706530816,-0.12536666333378654,0.12536666333378654,False,5513.419393582916,,
1967.22,1967,22,4482.766586795075,0.025714285714285714,4501.386000873192,4432.218100140775,1968,2.7111772316936618,1968-02-25,-48.4058600669523,48.4058600669523,-0.010798211133620445,0.010798211133620445,False,5513.419393582916,,
1967.23,1967,23,4256.1325191885235,0.031,4415.415344009801,4110.977625580697,1968,2.574108947605219,1968-03-03,-226.63406760655198,226.63406760655198,-0.05324882779960107,0.05324882779960107,False,5513.419393582916,,
1967.24,1967,24,3963.6515884714945,0.038571428571428576,4056.5448687282815,3866.6886018228884,1968,2.39721648070756,1968-03-10,-292.48093071702897,292.48093071702897,-0.07379077706217327,0.07379077706217327,False,5513.419393582916,,
1967.25,1967,25,3819.4850315558297,0.04442857142857142,3905.3241765826656,3773.148259641381,1968,2.310024547084966,1968-03-17,-144.16655691566484,144.16655691566484,-0.0377450247152664,0.0377450247152664,False,5513.419393582916,,
1967.26,1967,26,4556.323878203853,0.02542857142857143,5186.55444773476,3951.464588094282,1968,2.75566468153769,1968-03-24,736.8388466480237,736.8388466480237,0.16171783796425215,0.16171783796425215,False,5513.419393582916,,
1967.27,1967,27,5364.193007714115,0.012142857142857141,5396.855655881256,5278.010080717362,1968,3.244263931065497,1968-03-31,807.8691295102617,807.8691295102617,0.15060403836112624,0.15060403836112624,True,5513.419393582916,True,
1967.28,1967,28,5359.074250844077,0.012285714285714285,5513.419393582916,5168.2234116951895,1968,3.2411681069104983,1968-04-07,-5.1187568700379416,5.1187568700379416,-0.0009551569227150968,0.0009551569227150968,False,5513.419393582916,,
1967.29,1967,29,4669.326496798354,0.022,5026.681589958155,4385.141126032038,1968,2.8240086652636447,1968-04-14,-689.747754045723,689.747754045723,-0.14771889575909214,0.14771889575909214,False,5513.419393582916,,
1967.3,1967,30,4004.080467492857,0.03785714285714285,4273.309782167689,3803.114617748527,1968,2.42166786673968,1968-04-21,-665.2460293054969,665.2460293054969,-0.16614202304531575,0.16614202304531575,False,5513.419393582916,,
1967.31,1967,31,3455.501147418406,0.05971428571428572,3670.338943913297,3210.822806441037,1968,2.089887093958652,1968-04-28,-548.5793200744511,548.5793200744511,-0.15875535752152561,0.15875535752152561,False,5513.419393582916,,
1967.32,1967,32,2976.0050731098827,0.08828571428571429,3148.2868262135407,2819.8276016694963,1968,1.799887868216857,1968-05-05,-479.4960743085235,479.4960743085235,-0.1611207180528953,0.1611207180528953,False,5513.419393582916,,
1967.33,1967,33,2605.6822184343714,0.11614285714285714,2749.2151184112568,2496.800686844093,1968,1.5759166057091076,1968-05-12,-370.3228546755113,370.3228546755113,-0.14212126561542887,0.14212126561542887,False,5513.419393582916,,
1967.34,1967,34,2340.588690659461,0.13942857142857143,2467.4434971899177,2221.9458555412634,1968,1.415588040110842,1968-05-19,-265.0935277749104,265.0935277749104,-0.11325933891452765,0.11325933891452765,False,5513.419393582916,,
1967.35,1967,35,2109.455828424801,0.16485714285714284,2187.823512835168,2004.1930578689712,1968,1.2757988850313198,1968-05-26,-231.13286223466002,231.13286223466002,-0.10956989908020706,0.10956989908020706,False,5513.419393582916,,
1967.36,1967,36,1817.1094088377117,0.1945714285714286,1966.6544541756928,1693.819307089167,1968,1.0989877704650481,1968-06-02,-292.34641958708926,292.34641958708926,-0.16088542504112865,0.16088542504112865,False,5513.419393582916,,
1967.37,1967,37,1538.5513072975486,0.2257142857142857,1645.7136786211431,1399.6225280663384,1968,0.9305158306535575,1968-06-09,-278.5581015401631,278.5581015401631,-0.18105220165159644,0.18105220165159644,False,5513.419393582916,,
1967.38,1967,38,1211.873056170964,0.2728571428571428,1355.589210120566,1151.4124173518942,1968,0.7329408243721991,1968-06-16,-326.67825112658466,326.67825112658466,-0.26956474480813836,0.26956474480813836,False,5513.419393582916,,
1967.39,1967,39,1108.711922622421,0.29871428571428565,1132.2744617454025,1073.2959927204865,1968,0.6705489708020403,1968-06-23,-103.16113354854292,103.16113354854292,-0.0930459314485744,0.0930459314485744,False,5513.419393582916,,
1967.4,1967,40,986.1926654749468,0.3345714285714286,1059.9978690640885,947.0029281802471,1968,0.5964493240792478,1968-06-30,-122.51925714747426,122.51925714747426,-0.12423460591087385,0.12423460591087385,False,5513.419393582916,,
1967.41,1967,41,864.632223673024,0.3732857142857143,924.6839937244496,803.6892968412517,1968,0.5229295688774448,1968-07-07,-121.56044180192282,121.56044180192282,-0.1405920788905192,0.1405920788905192,False,5513.419393582916,,
1967.42,1967,42,739.9712495386104,0.4198571428571429,779.3663976124346,702.6560160658968,1968,0.44753461172095166,1968-07-14,-124.66097413441355,124.66097413441355,-0.1684673211454399,0.1684673211454399,False,5513.419393582916,,
1967.43,1967,43,668.5080511092375,0.4517142857142858,702.6560160658968,636.9257883620418,1968,0.4043136693108668,1968-07-21,-71.46319842937294,71.46319842937294,-0.10689953293875215,0.10689953293875215,False,5513.419393582916,,
1967.44,1967,44,608.4205874966946,0.479,623.8090120652902,589.2318351168824,1968,0.36797277131800094,1968-07-28,-60.08746361254293,60.08746361254293,-0.0987597475288743,0.0987597475288743,False,5513.419393582916,,
1967.45,1967,45,563.782274956277,0.505,583.0034913422678,550.9983234585969,1968,0.3409755198935563,1968-08-04,-44.63831254041759,44.63831254041759,-0.07917650930739073,0.07917650930739073,False,5513.419393582916,,
1967.46,1967,46,527.1712363745405,0.533,548.1781559247493,505.01787451967766,1968,0.3188331637593221,1968-08-11,-36.611038581736466,36.611038581736466,-0.06944809590431703,0.06944809590431703,False,5513.419393582916,,
1967.47,1967,47,482.0796749078271,0.5618571428571428,494.68108319071365,470.1789493868897,1968,0.29156178738425376,1968-08-18,-45.091561466713415,45.091561466713415,-0.09353549592260833,0.09353549592260833,False,5513.419393582916,,
1967.48,1967,48,458.0167874125339,0.587,467.1571483252964,445.541354005931,1968,0.2770085530271006,1968-08-25,-24.062887495293182,24.062887495293182,-0.052537129984320495,0.052537129984320495,False,5513.419393582916,,
1967.49,1967,49,432.84782967900253,0.6147142857142857,442.79918136912596,422.4698189706656,1968,0.2617863673898607,1968-09-01,-25.168957733531386,25.168957733531386,-0.05814735805004854,0.05814735805004854,False,5513.419393582916,,
1967.5,1967,50,411.84578428753724,0.6389999999999999,420.28892993659525,402.90237744418727,1968,0.24908433033710253,1968-09-08,-21.002045391465288,21.002045391465288,-0.05099492623870674,0.05099492623870674,False,5513.419393582916,,
1967.51,1967,51,390.40111433658376,0.663,402.90237744418727,380.8369423592014,1968,0.23611459395076587,1968-09-15,-21.444669950953482,21.444669950953482,-0.05492983796266778,0.05492983796266778,False,5513.419393582916,,
1967.52,1967,52,368.6203147163321,0.6900000000000001,380.8369423592014,353.9823107128336,1968,0.22294156634043769,1968-09-22,-21.780799620251685,21.780799620251685,-0.05908735560874574,0.05908735560874574,False,5513.419393582916,,
1967.53,1967,53,352.10075790684095,0.7065000000000001,353.9823107128336,350.2192051008483,1968,0.060843010966302125,1968-09-29,-16.51955680949112,16.51955680949112,-0.046917129368582264,0.046917129368582264,False,5513.419393582916,,
1968.01,1968,1,336.87099983934365,0.7287142857142855,346.9384943839358,325.6607962357874,1968,0.20373958070283502,1968-10-01,-15.2297580674973,15.2297580674973,-0.045209466159926166,0.045209466159926166,False,8539.833006270135,,
1968.02,1968,2,313.2777747043313,0.7652857142857142,323.62655383883583,302.30479186612183,1968,0.18947039814117955,1968-10-08,-23.593225135012347,23.593225135012347,-0.07531088075839218,0.07531088075839218,False,8539.833006270135,,
1968.03,1968,3,295.87937665912006,0.7907142857142856,302.30479186612183,290.5219447532691,1968,0.17894784700343583,1968-10-15,-17.398398045211252,17.398398045211252,-0.058802334389313614,0.058802334389313614,False,8539.833006270135,,
1968.04,1968,4,285.6182798768128,0.8078571428571427,290.5219447532691,283.6079686159883,1968,0.17274193566949636,1968-10-22,-10.261096782307277,10.261096782307277,-0.03592591057803755,0.03592591057803755,False,8539.833006270135,,
1968.05,1968,5,281.6488018016211,0.8155714285714285,283.6079686159883,281.3222739992266,1968,0.17034119532962044,1968-10-29,-3.9694780751916596,3.9694780751916596,-0.014093715470472888,0.014093715470472888,False,8539.833006270135,,True
1968.06,1968,6,307.94238641671893,0.7735714285714285,323.62655383883583,283.6079686159883,1968,0.18624355530483164,1968-11-05,26.293584615097814,26.293584615097814,0.08538475304116261,0.08538475304116261,False,8539.833006270135,,
1968.07,1968,7,338.0653850684852,0.7281428571428572,360.34880084276085,311.8155700798613,1968,0.2044619448894199,1968-11-12,30.122998651766295,30.122998651766295,0.08910406087764348,0.08910406087764348,False,8539.833006270135,,
1968.08,1968,8,399.03810819952724,0.6544285714285714,420.28892993659525,364.6825175805071,1968,0.2413382478390741,1968-11-19,60.97272313104202,60.97272313104202,0.15279924868868516,0.15279924868868516,False,8539.833006270135,,
1968.09,1968,9,455.81520373670554,0.5892857142857143,472.4927083802066,426.6328809909446,1968,0.2756770352199595,1968-11-26,56.7770955371783,56.7770955371783,0.12456165365202405,0.12456165365202405,False,8539.833006270135,,
1968.1,1968,10,493.15929329164226,0.554,505.01787451967766,477.3484869166725,1968,0.2982627405827852,1968-12-03,37.344089554936716,37.344089554936716,0.07572419310134006,0.07572419310134006,False,8539.833006270135,,
1968.11,1968,11,530.1347651049049,0.5308571428571429,550.9983234585969,512.1178199937132,1968,0.3206255059354465,1968-12-10,36.97547181326263,36.97547181326263,0.06974730624569735,0.06974730624569735,False,8539.833006270135,,
1968.12,1968,12,574.9095666701988,0.49714285714285716,595.7090611902229,562.8280752081156,1968,0.3477053059221362,1968-12-17,44.774801565293956,44.774801565293956,0.07788146894932321,0.07788146894932321,False,8539.833006270135,,
1968.13,1968,13,627.4676469371003,0.47057142857142864,647.6489852382476,608.7950640130589,1968,0.3794924328675583,1968-12-24,52.55808026690147,52.55808026690147,0.08376221550777437,0.08376221550777437,False,8539.833006270135,,
1968.14,1968,14,679.6797845177534,0.4465714285714286,702.6560160658968,654.21608557748,1968,0.41107033367633733,1968-12-31,52.21213758065312,52.21213758065312,0.07681872959881937,0.07681872959881937,False,8539.833006270135,,
1968.15,1968,15,721.9673762582887,0.4282857142857143,739.6475434553279,702.6560160658968,1969,0.436645869161013,1969-01-07,42.28759174053528,42.28759174053528,0.05857271828499714,0.05857271828499714,False,8539.833006270135,,
1968.16,1968,16,787.934568340701,0.4004285714285714,834.6935677067364,760.52821131929,1969,0.476542826932456,1969-01-14,65.96719208241234,65.96719208241234,0.08372166260116193,0.08372166260116193,False,8539.833006270135,,
1968.17,1968,17,866.8412069849655,0.37228571428571433,891.8619896951615,834.6935677067364,1969,0.5242655619845071,1969-01-21,78.90663864426449,78.90663864426449,0.09102778918265367,0.09102778918265367,False,8539.833006270135,,
1968.18,1968,18,963.0055968739772,0.3417142857142857,1025.1570830002852,906.4211780013767,1969,0.5824257849893815,1969-01-28,96.16438988901166,96.16438988901166,0.09985859916201102,0.09985859916201102,False,8539.833006270135,,
1968.19,1968,19,1082.6488853398919,0.3077142857142857,1132.2744617454025,1042.8375986738163,1969,0.6547860458535666,1969-02-04,119.64328846591468,119.64328846591468,0.11050977845726345,0.11050977845726345,False,8539.833006270135,,
1968.2,1968,20,1247.4103285990848,0.26771428571428574,1414.1459885179058,1141.726989184771,1969,0.7544337667367266,1969-02-11,164.7614432591929,164.7614432591929,0.13208279543767262,0.13208279543767262,False,8539.833006270135,,
1968.21,1968,21,2063.9505300569067,0.1712857142857143,2802.8093610937553,1454.6784350498776,1969,1.248277280578417,1969-02-18,816.5402014578219,816.5402014578219,0.3956200449413429,0.3956200449413429,False,8539.833006270135,,
1968.22,1968,22,4502.6259246206055,0.031142857142857146,5691.793242211253,3210.822806441037,1969,2.723188159210542,1969-02-25,2438.675394563699,2438.675394563699,0.5416118139481426,0.5416118139481426,False,8539.833006270135,,
1968.23,1968,23,6437.566334772916,0.004714285714285714,6686.542438996262,6023.131598073686,1969,3.8934401192706596,1969-03-04,1934.9404101523105,1934.9404101523105,0.3005701703919708,0.3005701703919708,False,8539.833006270135,,
1968.24,1968,24,6742.514442910296,0.004,6995.244070625639,6625.504515920135,1969,4.077872735072146,1969-03-11,304.9481081373797,304.9481081373797,0.04522765367718721,0.04522765367718721,False,8539.833006270135,,
1968.25,1968,25,7170.628871682164,0.003428571428571428,7519.533630693032,6891.694429252207,1969,4.336796341593372,1969-03-18,428.114428771868,428.114428771868,0.05970388879872907,0.05970388879872907,False,8539.833006270135,,
1968.26,1968,26,7873.413420627893,0.0025714285714285717,8225.475228368949,7584.1965575562745,1969,4.761840436795751,1969-03-25,702.7845489457295,702.7845489457295,0.08926046574722904,0.08926046574722904,False,8539.833006270135,,
1968.27,1968,27,8475.32887157157,0.002,8539.833006270135,8404.50282254185,1969,5.125878901526486,1969-04-01,601.9154509436767,601.9154509436767,0.07101971617439598,0.07101971617439598,True,8539.833006270135,True,
1968.28,1968,28,8158.918899525871,0.002142857142857143,8426.994856245345,7867.080491082938,1969,4.934514150433246,1969-04-08,-316.40997204569885,316.40997204569885,-0.038780869860599546,0.038780869860599546,False,8539.833006270135,,
1968.29,1968,29,7320.436221738086,0.0031428571428571426,7692.483726121501,6891.694429252207,1969,4.427399826907195,1969-04-15,-838.4826777877852,838.4826777877852,-0.11453998810861914,0.11453998810861914,False,8539.833006270135,,
1968.3,1968,30,6254.153978322726,0.005571428571428572,6727.364712185816,5767.711743244887,1969,3.782512326089585,1969-04-22,-1066.2822434153595,1066.2822434153595,-0.1704918438386963,0.1704918438386963,False,8539.833006270135,,
1968.31,1968,31,5272.980469535427,0.013857142857142858,5668.636824632636,4949.60378083177,1969,3.1890985879750264,1969-04-29,-981.1735087872994,981.1735087872994,-0.18607569560631146,0.18607569560631146,False,8539.833006270135,,
1968.32,1968,32,4311.60487150865,0.029714285714285717,4720.128111260116,3970.8114329461437,1969,2.6076586262884316,1969-05-06,-961.375598026777,961.375598026777,-0.22297395672307685,0.22297395672307685,False,8539.833006270135,,
1968.33,1968,33,3616.7643009666217,0.052714285714285714,3901.1982400680877,3405.101513165422,1969,2.187419049224613,1969-05-13,-694.8405705420282,694.8405705420282,-0.19211663042469318,0.19211663042469318,False,8539.833006270135,,
1968.34,1968,34,3056.54404852752,0.083,3278.6645629042023,2873.0524012848505,1969,1.848597840549444,1969-05-20,-560.2202524391018,560.2202524391018,-0.18328551578014593,0.18328551578014593,False,8539.833006270135,,
1968.35,1968,35,2603.9336715053564,0.11614285714285713,2769.1490746977324,2423.365591149523,1969,1.5748590845264394,1969-05-27,-452.61037702216345,452.61037702216345,-0.17381793629194306,0.17381793629194306,False,8539.833006270135,,
1968.36,1968,36,2247.2567987890357,0.14942857142857144,2384.832211470341,2112.7014560687376,1969,1.3591409119076088,1969-06-03,-356.67687271632076,356.67687271632076,-0.15871656185822683,0.15871656185822683,False,8539.833006270135,,
1968.37,1968,37,1947.0246827160338,0.18171428571428572,2076.7821263719575,1801.689870916998,1969,1.1775605281066575,1969-06-10,-300.23211607300186,300.23211607300186,-0.1542004673788666,0.1542004673788666,False,8539.833006270135,,
1968.38,1968,38,1664.9629275846848,0.2107142857142857,1751.5174261192885,1551.1556592265113,1969,1.0069695786032173,1969-06-17,-282.06175513134895,282.06175513134895,-0.16941023157826585,0.16941023157826585,False,8539.833006270135,,
1968.39,1968,39,1422.882915690934,0.2412857142857143,1511.0711996298642,1327.7083044595875,1969,0.860559587409877,1969-06-24,-242.0800118937509,242.0800118937509,-0.1701334728417903,0.1701334728417903,False,8539.833006270135,,
1968.4,1968,40,1202.8185436254512,0.274,1269.7472452468235,1151.4124173518942,1969,0.7274646551846728,1969-07-01,-220.06437206548276,220.06437206548276,-0.18295724923077772,0.18295724923077772,False,8539.833006270135,,
1968.41,1968,41,1089.3807012110312,0.3057142857142857,1127.726717014242,1042.8375986738163,1969,0.6588574480924317,1969-07-08,-113.43784241441995,113.43784241441995,-0.10413057830776198,0.10413057830776198,False,8539.833006270135,,
1968.42,1968,42,982.334814704405,0.33614285714285713,1027.8009259147987,941.1240560143013,1969,0.5941160959332241,1969-07-15,-107.04588650662629,107.04588650662629,-0.10897087724498244,0.10897087724498244,False,8539.833006270135,,
1968.43,1968,43,875.5392465093115,0.36885714285714283,924.6839937244496,834.6935677067364,1969,0.5295261362888316,1969-07-22,-106.79556819509344,106.79556819509344,-0.12197690579934231,0.12197690579934231,False,8539.833006270135,,
1968.44,1968,44,780.1302773793244,0.404,817.7246825595828,739.6475434553279,1969,0.4718227917590155,1969-07-29,-95.4089691299871,95.4089691299871,-0.12229876457364594,0.12229876457364594,False,8539.833006270135,,
1968.45,1968,45,701.7162217524085,0.43699999999999994,733.8512888156049,682.3088631722309,1969,0.4243979709158566,1969-08-05,-78.41405562691591,78.41405562691591,-0.11174610646892427,0.11174610646892427,False,8539.833006270135,,
1968.46,1968,46,637.2868550297311,0.466,666.8063237852695,608.7950640130589,1969,0.38543108992198144,1969-08-12,-64.4293667226774,64.4293667226774,-0.10109947539977363,0.10109947539977363,False,8539.833006270135,,
1968.47,1968,47,582.1981661269705,0.49314285714285716,608.7950640130589,562.8280752081156,1969,0.35211345087359175,1969-08-19,-55.08868890276062,55.08868890276062,-0.09462188668376265,0.09462188668376265,False,8539.833006270135,,
1968.48,1968,48,546.4661976912496,0.5191428571428572,562.8280752081156,532.5192229643311,1969,0.3305027563636678,1969-08-26,-35.73196843572089,35.73196843572089,-0.06538733518501953,0.06538733518501953,False,8539.833006270135,,
1968.49,1968,49,509.75574791568295,0.5438571428571429,527.3375978981461,489.3436243127323,1969,0.30830027633940504,1969-09-02,-36.710449775566644,36.710449775566644,-0.07201576426684805,0.07201576426684805,False,8539.833006270135,,
1968.5,1968,50,475.0368750556967,0.5682857142857143,486.02502639130836,467.1571483252964,1969,0.28730230203368534,1969-09-09,-34.71887285998622,34.71887285998622,-0.07308669007204026,0.07308669007204026,False,8539.833006270135,,
1968.51,1968,51,453.6531022932027,0.5915714285714285,462.56506724863937,442.79918136912596,1969,0.274369396266929,1969-09-16,-21.383772762494004,21.383772762494004,-0.047136837937180806,0.047136837937180806,False,8539.833006270135,,
1968.52,1968,52,434.87782327641077,0.6125714285714287,440.0331111664572,426.6328809909446,1969,0.26301410751757326,1969-09-23,-18.775279016791956,18.775279016791956,-0.04317368698025855,0.04317368698025855,False,8539.833006270135,,
1968.53,1968,53,426.6328809909446,0.62,426.6328809909446,426.6328809909446,1969,0.03686108091761762,1969-09-30,-8.244942285466152,8.244942285466152,-0.019325613783718543,0.019325613783718543,False,8539.833006270135,,
1969.01,1969,1,418.8639440836291,0.6315714285714286,422.4698189706656,417.85777193562865,1969,0.2533289133817789,1969-10-01,-7.768936907315492,7.768936907315492,-0.018547638241606133,0.018547638241606133,False,4873.665761819121,,True
1969.02,1969,2,423.0308930529886,0.6258571428571429,430.9578316629287,420.28892993659525,1969,0.2558490841184474,1969-10-08,4.166948969359453,4.166948969359453,0.00985022379639187,0.00985022379639187,False,4873.665761819121,,
1969.03,1969,3,440.96569041830287,0.6052857142857143,442.79918136912596,435.49688511870175,1969,0.2666960495649896,1969-10-15,17.934797365314296,17.934797365314296,0.0406716389846594,0.0406716389846594,False,4873.665761819121,,
1969.04,1969,4,453.9874989321525,0.5918571428571429,459.26044279675483,445.541354005931,1969,0.2745716393541659,1969-10-22,13.021808513849635,13.021808513849635,0.028683187410399855,0.028683187410399855,False,4873.665761819121,,
1969.05,1969,5,471.23687013634856,0.5721428571428572,479.56309760929685,459.26044279675483,1969,0.28500405905846354,1969-10-29,17.249371204196052,17.249371204196052,0.03660446008650615,0.03660446008650615,False,4873.665761819121,,
1969.06,1969,6,487.7356913514268,0.5568571428571428,494.68108319071365,486.02502639130836,1969,0.2949825461293429,1969-11-05,16.498821215078237,16.498821215078237,0.03382738132073748,0.03382738132073748,False,4873.665761819121,,
1969.07,1969,7,500.79044064658905,0.5494285714285715,516.7730027239134,494.68108319071365,1969,0.30287805850305705,1969-11-12,13.054749295162253,13.054749295162253,0.02606828772191974,0.02606828772191974,False,4873.665761819121,,
1969.08,1969,8,546.6142103412407,0.5182857142857143,563.9275439778775,523.0192327708844,1969,0.3305922744143824,1969-11-19,45.82376969465162,45.82376969465162,0.0838320131963725,0.0838320131963725,False,4873.665761819121,,
1969.09,1969,9,631.0759777004095,0.4687142857142858,647.6489852382476,595.7090611902229,1969,0.3816747513132076,1969-11-26,84.46176735916879,84.46176735916879,0.13383771581187537,0.13383771581187537,False,4873.665761819121,,
1969.1,1969,10,678.7125531459654,0.4471428571428571,702.6560160658968,654.21608557748,1969,0.41048535214268,1969-12-03,47.63657544555599,47.63657544555599,0.07018667214088077,0.07018667214088077,False,4873.665761819121,,
1969.11,1969,11,750.8674156381878,0.4138571428571428,768.4460718744957,705.8654488603318,1969,0.454124612977976,1969-12-10,72.15486249222238,72.15486249222238,0.09609534385094537,0.09609534385094537,False,4873.665761819121,,
1969.12,1969,12,810.684716699677,0.39271428571428574,834.6935677067364,779.3663976124346,1969,0.4903021166599647,1969-12-17,59.81730106148916,59.81730106148916,0.07378614624068315,0.07378614624068315,False,4873.665761819121,,
1969.13,1969,13,879.846831304573,0.3677142857142857,905.4211927358452,847.0875422650073,1969,0.5321313635730056,1969-12-24,69.16211460489603,69.16211460489603,0.07860699401775133,0.07860699401775133,False,4873.665761819121,,
1969.14,1969,14,920.8295395329997,0.3538571428571428,952.4350838829193,905.4211927358452,1969,0.5569177055095581,1969-12-31,40.982708228426645,40.982708228426645,0.0445062918476867,0.0445062918476867,False,4873.665761819121,,
1969.15,1969,15,1024.424004423295,0.3251428571428571,1082.8793953113418,971.4321659369264,1970,0.6195716378752087,1970-01-07,103.59446489029528,103.59446489029528,0.10112459727904789,0.10112459727904789,False,4873.665761819121,,
1969.16,1969,16,1190.226244237611,0.27871428571428575,1341.3621257487196,1096.4988223473633,1970,0.719848832514907,1970-01-14,165.80223981431595,165.80223981431595,0.13930312881020293,0.13930312881020293,False,4873.665761819121,,
1969.17,1969,17,1445.723740990123,0.23857142857142857,1570.314592802547,1355.589210120566,1970,0.8743737185508265,1970-01-21,255.497496752512,255.497496752512,0.17672636168894287,0.17672636168894287,False,4873.665761819121,,
1969.18,1969,18,1777.5126278644898,0.19871428571428568,1921.651232388288,1631.4057003589478,1970,1.0750396373324436,1970-01-28,331.7888868743669,331.7888868743669,0.18665908847746374,0.18665908847746374,False,4873.665761819121,,
1969.19,1969,19,2101.110272655996,0.16571428571428573,2261.108087620956,1966.6544541756928,1970,1.2707514929023465,1970-02-04,323.59764479150635,323.59764479150635,0.15401268986346406,0.15401268986346406,False,4873.665761819121,,
1969.2,1969,20,2711.1639085418324,0.1087142857142857,3169.0574299794807,2310.3827547648234,1970,1.6397119318861004,1970-02-11,610.0536358858362,610.0536358858362,0.22501540167445885,0.22501540167445885,False,4873.665761819121,,
1969.21,1969,21,3846.3208742088127,0.04357142857142856,4180.501816344899,3441.0052160059477,1970,2.32625486472149,1970-02-18,1135.1569656669803,1135.1569656669803,0.29512799446314575,0.29512799446314575,False,4873.665761819121,,
1969.22,1969,22,4491.907251125885,0.024999999999999994,4594.912800663202,4305.170852711009,1970,2.716705505480935,1970-02-25,645.5863769170719,645.5863769170719,0.1437221075201981,0.1437221075201981,False,4873.665761819121,,
1969.23,1969,23,4711.3937167924305,0.020857142857142855,4812.525771225113,4594.912800663202,1970,2.849450919916062,1970-03-04,219.48646566654588,219.48646566654588,0.046586313702514065,0.046586313702514065,False,4873.665761819121,,
1969.24,1969,24,4833.697323401218,0.019571428571428573,4873.665761819121,4812.525771225113,1970,2.923420141193057,1970-03-11,122.30360660878705,122.30360660878705,0.025302288998668303,0.025302288998668303,True,4873.665761819121,True,
1969.25,1969,25,4704.471355289204,0.02085714285714286,4856.042745855138,4532.094174508177,1970,2.8452642756789106,1970-03-18,-129.2259681120131,129.2259681120131,-0.027468754372736322,0.027468754372736322,False,4873.665761819121,,
1969.26,1969,26,4318.6083318273795,0.029571428571428575,4484.506883904361,4110.977625580697,1970,2.611894319089199,1970-03-25,-385.8630234618249,385.8630234618249,-0.08934892766683256,0.08934892766683256,False,4873.665761819121,,
1969.27,1969,27,3998.5914596891926,0.037142857142857144,4056.5448687282815,3939.808872901526,1970,2.4183481148200237,1970-04-01,-320.01687213818695,320.01687213818695,-0.08003240025002745,0.08003240025002745,False,4873.665761819121,,
1969.28,1969,28,3745.2270526076054,0.04657142857142856,3866.6886018228884,3573.2680912123824,1970,2.2651133214170796,1970-04-08,-253.36440708158716,253.36440708158716,-0.0676499457903848,0.0676499457903848,False,4873.665761819121,,
1969.29,1969,29,3402.71320461591,0.06285714285714286,3496.366435549196,3278.6645629042023,1970,2.0579609461517023,1970-04-15,-342.51384799169546,342.51384799169546,-0.10065904100500224,0.10065904100500224,False,4873.665761819121,,
1969.3,1969,30,3002.123949172023,0.08685714285714285,3210.822806441037,2819.8276016694963,1970,1.8156845644592394,1970-04-22,-400.58925544388694,400.58925544388694,-0.13343528189579523,0.13343528189579523,False,4873.665761819121,,
1969.31,1969,31,2608.0969412260965,0.1157142857142857,2769.1490746977324,2423.365591149523,1970,1.5773770300535432,1970-04-29,-394.02700794592647,394.02700794592647,-0.15107835974865635,0.15107835974865635,False,4873.665761819121,,
1969.32,1969,32,2262.209827612259,0.14785714285714288,2384.832211470341,2155.2089572641244,1970,1.368184503739894,1970-05-06,-345.88711361383776,345.88711361383776,-0.15289789187191286,0.15289789187191286,False,4873.665761819121,,
1969.33,1969,33,1969.91055782052,0.17928571428571427,2102.0563354773317,1835.7736825262566,1970,1.1914019053698501,1970-05-13,-292.2992697917389,292.2992697917389,-0.1483820007113087,0.1483820007113087,False,4873.665761819121,,
1969.34,1969,34,1685.5348968834426,0.2085714285714286,1801.689870916998,1570.314592802547,1970,1.019411505635106,1970-05-20,-284.3756609370773,284.3756609370773,-0.1687153801816198,0.1687153801816198,False,4873.665761819121,,
1969.35,1969,35,1454.803966371923,0.2367142857142857,1551.1556592265113,1365.945584949549,1970,0.8798654388617392,1970-05-27,-230.73093051151955,230.73093051151955,-0.15859932736293683,0.15859932736293683,False,4873.665761819121,,
1969.36,1969,36,1244.7318000143673,0.26785714285714285,1341.3621257487196,1166.683447695578,1970,0.7528137926486892,1970-06-03,-210.07216635755572,210.07216635755572,-0.16876902024607307,0.16876902024607307,False,4873.665761819121,,
1969.37,1969,37,1094.6668213805435,0.3037142857142857,1132.2744617454025,1042.8375986738163,1970,0.6620544935709526,1970-06-10,-150.06497863382378,150.06497863382378,-0.13708735452908744,0.13708735452908744,False,4873.665761819121,,
1969.38,1969,38,963.3136466621403,0.3418571428571428,1025.1570830002852,905.4211927358452,1970,0.5826120935012624,1970-06-17,-131.35317471840324,131.35317471840324,-0.13635556308533464,0.13635556308533464,False,4873.665761819121,,
1969.39,1969,39,831.3936798000705,0.38585714285714295,885.1094475277025,779.3663976124346,1970,0.5028268975430826,1970-06-24,-131.91996686206983,131.91996686206983,-0.15867328567351308,0.15867328567351308,False,4873.665761819121,,
1969.4,1969,40,715.5379113099677,0.4304285714285713,751.6655881559767,682.3088631722309,1970,0.4327573287602684,1970-07-01,-115.85576849010272,115.85576849010272,-0.16191422796592328,0.16191422796592328,False,4873.665761819121,,
1969.41,1969,41,648.0130861241208,0.4607142857142858,682.3088631722309,618.6506296297572,1970,0.3919183144878683,1970-07-08,-67.52482518584691,67.52482518584691,-0.10420287279956744,0.10420287279956744,False,4873.665761819121,,
1969.42,1969,42,587.9748931182905,0.48928571428571427,608.7950640130589,571.8920920403683,1970,0.3556072153579421,1970-07-15,-60.038193005830294,60.038193005830294,-0.10211013039591069,0.10211013039591069,False,4873.665761819121,,
1969.43,1969,43,559.2101081157526,0.5081428571428572,571.8920920403683,550.9983234585969,1970,0.33821027338840715,1970-07-22,-28.764785002537906,28.764785002537906,-0.051438242236822716,0.051438242236822716,False,4873.665761819121,,
1969.44,1969,44,532.5097850151973,0.5294285714285715,548.1781559247493,516.7730027239134,1970,0.3220619179771914,1970-07-29,-26.70032310055535,26.70032310055535,-0.05014053046892528,0.05014053046892528,False,4873.665761819121,,
1969.45,1969,45,494.4899441725937,0.5532857142857143,512.1178199937132,479.56309760929685,1970,0.2990675182355846,1970-08-05,-38.01984084260357,38.01984084260357,-0.07688698484297865,0.07688698484297865,False,4873.665761819121,,
1969.46,1969,46,468.7850730620952,0.5747142857142856,477.3484869166725,459.26044279675483,1970,0.2835212121879552,1970-08-12,-25.704871110498516,25.704871110498516,-0.05483295562846058,0.05483295562846058,False,4873.665761819121,,
1969.47,1969,47,451.7819965552887,0.5942857142857143,459.26044279675483,442.79918136912596,1970,0.2732377515166386,1970-08-19,-17.003076506806508,17.003076506806508,-0.03763557785934413,0.03763557785934413,False,4873.665761819121,,
1969.48,1969,48,430.19662042357066,0.6174285714285714,440.0331111664572,420.28892993659525,1970,0.2601829160321755,1970-08-26,-21.58537613171802,21.58537613171802,-0.050175606006539766,0.050175606006539766,False,4873.665761819121,,
1969.49,1969,49,408.0926223846603,0.6444285714285716,417.85777193562865,398.1467533267305,1970,0.24681441801824253,1970-09-02,-22.10399803891039,22.10399803891039,-0.05416416966753098,0.05416416966753098,False,4873.665761819121,,
1969.5,1969,50,382.96950185494114,0.6731428571428569,391.8169121240828,377.11676084070143,1970,0.2316199547218684,1970-09-09,-25.12312052971913,25.12312052971913,-0.0656008387300645,0.0656008387300645,False,4873.665761819121,,
1969.51,1969,51,364.783938766851,0.6941428571428572,377.11676084070143,353.9823107128336,1970,0.2206213261661915,1970-09-16,-18.185563088090134,18.185563088090134,-0.049852970910852806,0.049852970910852806,False,4873.665761819121,,
1969.52,1969,52,342.801408342167,0.7192857142857144,350.2192051008483,338.3210417029997,1970,0.20732629176534262,1970-09-23,-21.982530424684,21.982530424684,-0.06412613801966109,0.06412613801966109,False,4873.665761819121,,
1969.53,1969,53,335.4728177879068,0.731,335.4728177879068,335.4728177879068,1970,0.02898485145687515,1970-09-30,-7.328590554260188,7.328590554260188,-0.021845556974137564,0.021845556974137564,False,4873.665761819121,,
1970.01,1970,1,334.43281072941716,0.7327142857142857,338.3210417029997,329.2057950036568,1970,0.20226496392915153,1970-10-01,-1.040007058489664,1.040007058489664,-0.003109763830353095,0.003109763830353095,False,3139.3228726318957,,
1970.02,1970,2,324.2077659522506,0.7495714285714286,325.6607962357874,323.62655383883583,1970,0.19608085684792112,1970-10-08,-10.225044777166545,10.225044777166545,-0.031538555984721516,0.031538555984721516,False,3139.3228726318957,,
1970.03,1970,3,322.651836241354,0.7527142857142858,323.62655383883583,320.2150422476492,1970,0.19513983055877082,1970-10-15,-1.5559297108966348,1.5559297108966348,-0.004822317855128365,0.004822317855128365,False,3139.3228726318957,,True
1970.04,1970,4,324.498372008958,0.7488571428571428,325.6607962357874,323.62655383883583,1970,0.19625661539101774,1970-10-22,1.8465357676039957,1.8465357676039957,0.005690431530279052,0.005690431530279052,False,3139.3228726318957,,
1970.05,1970,5,327.8909157193535,0.743142857142857,335.4728177879068,323.62655383883583,1970,0.19830842582706495,1970-10-29,3.3925437103955005,3.3925437103955005,0.01034656206608428,0.01034656206608428,False,3139.3228726318957,,
1970.06,1970,6,342.2201334404839,0.7197142857142858,350.2192051008483,338.3210417029997,1970,0.20697473670480465,1970-11-05,14.32921772113042,14.32921772113042,0.041871346308800496,0.041871346308800496,False,3139.3228726318957,,
1970.07,1970,7,382.07383810078863,0.6735714285714286,398.1467533267305,360.34880084276085,1970,0.2310782572833569,1970-11-12,39.85370466030474,39.85370466030474,0.10430890756197651,0.10430890756197651,False,3139.3228726318957,,
1970.08,1970,8,406.77505223750535,0.6455714285714286,413.7323824701425,398.1467533267305,1970,0.24601755159324323,1970-11-19,24.701214136716715,24.701214136716715,0.06072450608965645,0.06072450608965645,False,3139.3228726318957,,
1970.09,1970,9,428.3247794042396,0.6202857142857142,440.0331111664572,417.85777193562865,1970,0.25905082658368406,1970-11-26,21.54972716673427,21.54972716673427,0.05031165181876229,0.05031165181876229,False,3139.3228726318957,,
1970.1,1970,10,462.9262381643253,0.5815714285714285,479.56309760929685,442.79918136912596,1970,0.2799777888417839,1970-12-03,34.60145876008568,34.60145876008568,0.07474508011750064,0.07474508011750064,False,3139.3228726318957,,
1970.11,1970,11,528.9839020279394,0.5312857142857144,550.9983234585969,505.01787451967766,1970,0.31992946394649774,1970-12-10,66.0576638636141,66.0576638636141,0.12487651062796448,0.12487651062796448,False,3139.3228726318957,,
1970.12,1970,12,572.1421396717202,0.49799999999999994,595.7090611902229,562.8280752081156,1970,0.3460315660734563,1970-12-17,43.15823764378081,43.15823764378081,0.07543271968840444,0.07543271968840444,False,3139.3228726318957,,
1970.13,1970,13,649.717773503222,0.45985714285714285,666.8063237852695,615.6277736669467,1970,0.3929493094147487,1970-12-24,77.57563383150182,77.57563383150182,0.11939897136139699,0.11939897136139699,False,3139.3228726318957,,
1970.14,1970,14,713.3436116695914,0.43199999999999994,760.52821131929,673.1577568282033,1970,0.4314302163377689,1970-12-31,63.62583816636936,63.62583816636936,0.08919381505001796,0.08919381505001796,False,3139.3228726318957,,
1970.15,1970,15,798.0588377963779,0.39771428571428574,817.7246825595828,760.52821131929,1971,0.48266598509924935,1971-01-07,84.71522612678655,84.71522612678655,0.106151604511648,0.106151604511648,False,3139.3228726318957,,
1970.16,1970,16,860.3920811249702,0.37457142857142856,891.8619896951615,834.6935677067364,1971,0.5203651306643821,1971-01-14,62.33324332859229,62.33324332859229,0.07244748608923855,0.07244748608923855,False,3139.3228726318957,,
1970.17,1970,17,933.1543623123163,0.35,971.4321659369264,905.4211927358452,1971,0.5643717583264888,1971-01-21,72.76228118734605,72.76228118734605,0.07797453896806981,0.07797453896806981,False,3139.3228726318957,,
1970.18,1970,18,992.7627055068954,0.334,1025.1570830002852,971.4321659369264,1971,0.6004228842905702,1971-01-28,59.608343194579106,59.608343194579106,0.06004289128099715,0.06004289128099715,False,3139.3228726318957,,
1970.19,1970,19,1081.9969344235099,0.30757142857142855,1117.0362502238706,1050.5490333418047,1971,0.6543917459393387,1971-02-04,89.23422891661448,89.23422891661448,0.08247179458429672,0.08247179458429672,False,3139.3228726318957,,
1970.2,1970,20,1226.911331181595,0.2717142857142857,1383.5781363808978,1132.2744617454025,1971,0.7420359730986286,1971-02-11,144.9143967580851,144.9143967580851,0.11811317825105028,0.11811317825105028,False,3139.3228726318957,,
1970.21,1970,21,1646.3532220464715,0.21399999999999997,1881.0436962338129,1431.7953534582748,1971,0.995714428693706,1971-02-18,419.44189086487654,419.44189086487654,0.2547702918475152,0.2547702918475152,False,3139.3228726318957,,
1970.22,1970,22,2079.125125187045,0.168,2195.2181702718217,1952.5344676593652,1971,1.2574548757131245,1971-02-25,432.7719031405734,432.7719031405734,0.20815096595095006,0.20815096595095006,False,3139.3228726318957,,
1970.23,1970,23,2421.83485503757,0.13171428571428573,2575.550311723379,2261.108087620956,1971,1.4647257203267219,1971-03-04,342.70972985052504,342.70972985052504,0.14150829860990194,0.14150829860990194,False,3139.3228726318957,,
1970.24,1970,24,2806.790470653847,0.10114285714285713,2931.535401286021,2671.4046921253907,1971,1.6975468766514465,1971-03-11,384.9556156162771,384.9556156162771,0.13715153291317858,0.13715153291317858,False,3139.3228726318957,,
1970.25,1970,25,3039.5073880219047,0.08357142857142856,3112.623308365314,2959.582772597583,1971,1.8382940682756481,1971-03-18,232.7169173680577,232.7169173680577,0.07656402425114966,0.07656402425114966,False,3139.3228726318957,,
1970.26,1970,26,3120.0183497420467,0.07728571428571429,3139.3228726318957,3080.145690401829,1971,1.88698709792399,1971-03-25,80.51096172014195,80.51096172014195,0.02580464365756001,0.02580464365756001,True,3139.3228726318957,True,
1970.27,1970,27,2968.574692954998,0.089,3032.4707999570037,2901.3262304668224,1971,1.795393974299183,1971-04-01,-151.44365678704844,151.44365678704844,-0.051015612693341865,0.051015612693341865,False,3139.3228726318957,,
1970.28,1970,28,2726.839214221781,0.10657142857142857,2840.311133494523,2616.8987263392482,1971,1.649192356761333,1971-04-08,-241.7354787332174,241.7354787332174,-0.08865043361282557,0.08865043361282557,False,3139.3228726318957,,
1970.29,1970,29,2464.971084146723,0.12728571428571428,2575.550311723379,2363.8308777702473,1971,1.490814511691938,1971-04-15,-261.8681300750577,261.8681300750577,-0.1062357817336045,0.1062357817336045,False,3139.3228726318957,,
1970.3,1970,30,2245.562673088065,0.14971428571428572,2327.3604518173347,2155.2089572641244,1971,1.3581163046836615,1971-04-22,-219.4084110586582,219.4084110586582,-0.09770754283020343,0.09770754283020343,False,3139.3228726318957,,
1970.31,1970,31,2054.5850021556407,0.17085714285714285,2155.2089572641244,1966.6544541756928,1971,1.2426130093037318,1971-04-29,-190.9776709324242,190.9776709324242,-0.09295194442286554,0.09295194442286554,False,3139.3228726318957,,
1970.32,1970,32,1843.3883379849287,0.19185714285714286,1916.5413979392097,1751.5174261192885,1971,1.1148812668132848,1971-05-06,-211.19666417071198,211.19666417071198,-0.11456981679811337,0.11456981679811337,False,3139.3228726318957,,
1970.33,1970,33,1675.7520673831211,0.20957142857142858,1745.9668486656192,1609.5195834351925,1971,1.0134948503533117,1971-05-13,-167.6362706018076,167.6362706018076,-0.10003643967665865,0.10003643967665865,False,3139.3228726318957,,
1970.34,1970,34,1513.4558301287186,0.22828571428571426,1589.152359062425,1454.6784350498776,1971,0.9153380860618491,1971-05-20,-162.2962372544025,162.2962372544025,-0.10723552945750607,0.10723552945750607,False,3139.3228726318957,,
1970.35,1970,35,1373.9981691220787,0.24842857142857144,1436.9972565708524,1297.4934435018629,1971,0.8309940926850334,1971-05-27,-139.4576610066399,139.4576610066399,-0.10149770512121345,0.10149770512121345,False,3139.3228726318957,,
1970.36,1970,36,1209.1016380222204,0.273,1291.2130338573666,1151.4124173518942,1971,0.7312646706758388,1971-06-03,-164.8965310998583,164.8965310998583,-0.1363793794619174,0.1363793794619174,False,3139.3228726318957,,
1970.37,1970,37,1089.9172185322511,0.3048571428571428,1132.2744617454025,1027.8009259147987,1971,0.6591819337683055,1971-06-10,-119.18441948996929,119.18441948996929,-0.1093518089846037,0.1093518089846037,False,3139.3228726318957,,
1970.38,1970,38,957.453024599548,0.3435714285714286,1022.7291742398579,905.4211927358452,1971,0.5790675892778065,1971-06-17,-132.4641939327031,132.4641939327031,-0.13835059321903115,0.13835059321903115,False,3139.3228726318957,,
1970.39,1970,39,819.9647759232787,0.3901428571428572,885.1094475277025,751.6655881559767,1971,0.49591469647839903,1971-06-24,-137.48824867626934,137.48824867626934,-0.16767579866032398,0.16767579866032398,False,3139.3228726318957,,
1970.4,1970,40,699.8405208860169,0.43771428571428567,733.8512888156049,682.3088631722309,1971,0.4232635470318629,1971-07-01,-120.12425503726183,120.12425503726183,-0.17164518408448443,0.17164518408448443,False,3139.3228726318957,,
1970.41,1970,41,606.2140092929765,0.48042857142857137,647.6489852382476,583.0034913422678,1971,0.3666382328203922,1971-07-08,-93.62651159304039,93.62651159304039,-0.1544446518189779,0.1544446518189779,False,3139.3228726318957,,
1970.42,1970,42,560.9000726513981,0.5068571428571429,571.8920920403683,550.9983234585969,1971,0.3392323639395656,1971-07-15,-45.31393664157838,45.31393664157838,-0.08078789583209983,0.08078789583209983,False,3139.3228726318957,,
1970.43,1970,43,527.3583084536207,0.533,542.0087505502821,512.1178199937132,1971,0.3189463049527499,1971-07-22,-33.54176419777741,33.54176419777741,-0.06360336731231625,0.06360336731231625,False,3139.3228726318957,,
1970.44,1970,44,485.71848418720936,0.561,512.1178199937132,459.26044279675483,1971,0.2937625392364242,1971-07-29,-41.639824266411324,41.639824266411324,-0.08572830893205659,0.08572830893205659,False,3139.3228726318957,,
1970.45,1970,45,462.1495037089818,0.5835714285714285,470.1789493868897,453.07261391760653,1971,0.27950801984319223,1971-08-05,-23.56898047822756,23.56898047822756,-0.050998606055128605,0.050998606055128605,False,3139.3228726318957,,
1970.46,1970,46,439.8671548970645,0.6068571428571429,453.07261391760653,426.6328809909446,1971,0.2660316552817446,1971-08-12,-22.282348811917302,22.282348811917302,-0.05065699624044834,0.05065699624044834,False,3139.3228726318957,,
1970.47,1970,47,420.53436188731956,0.6292857142857142,426.6328809909446,413.7323824701425,1971,0.25433918206945094,1971-08-19,-19.332793009744933,19.332793009744933,-0.04597196985992092,0.04597196985992092,False,3139.3228726318957,,
1970.48,1970,48,396.38319658242796,0.657,408.00454625357366,386.53109723034976,1971,0.23973255729305246,1971-08-26,-24.151165304891606,24.151165304891606,-0.06092883228431548,0.06092883228431548,False,3139.3228726318957,,
1970.49,1970,49,377.38667697860336,0.6808571428571428,386.53109723034976,370.36474529587133,1971,0.22824346223665937,1971-09-02,-18.996519603824595,18.996519603824595,-0.05033701707731891,0.05033701707731891,False,3139.3228726318957,,
1970.5,1970,50,357.4114247490178,0.7012857142857144,364.6825175805071,350.2192051008483,1971,0.21616242968820593,1971-09-09,-19.97525222958558,19.97525222958558,-0.05588867855472903,0.05588867855472903,False,3139.3228726318957,,
1970.51,1970,51,344.9322475860483,0.7158571428571429,350.2192051008483,340.5953058875766,1971,0.208615023340042,1971-09-16,-12.479177162969506,12.479177162969506,-0.036178632906325746,0.036178632906325746,False,3139.3228726318957,,
1970.52,1970,52,332.0705539577713,0.7362857142857143,340.5953058875766,323.62655383883583,1971,0.2008362710336601,1971-09-23,-12.861693628276953,12.861693628276953,-0.03873181007766363,0.03873181007766363,False,3139.3228726318957,,
1970.53,1970,53,323.62655383883583,0.7509999999999999,323.62655383883583,323.62655383883583,1971,0.02796133425167541,1971-09-30,-8.444000118935492,8.444000118935492,-0.02609180247656858,0.02609180247656858,False,3139.3228726318957,,
1971.01,1971,1,311.1031325114512,0.7682857142857143,320.2150422476492,302.30479186612183,1971,0.18815517454292563,1971-10-01,-12.523421327384654,12.523421327384654,-0.040254886623244425,0.040254886623244425,False,1881.0436962338129,,
1971.02,1971,2,291.0186853796714,0.7985714285714286,299.18021087320443,283.6079686159883,1971,0.17600810091762534,1971-10-08,-20.08444713177977,20.08444713177977,-0.06901428719457314,0.06901428719457314,False,1881.0436962338129,,
1971.03,1971,3,279.00807693597795,0.8185714285714286,281.3222739992266,275.9224808516464,1971,0.16874408493087945,1971-10-15,-12.010608443693457,12.010608443693457,-0.04304752957545902,0.04304752957545902,False,1881.0436962338129,,True
1971.04,1971,4,285.76816275913757,0.8074285714285713,290.5219447532691,281.3222739992266,1971,0.17283258483672642,1971-10-22,6.7600858231596135,6.7600858231596135,0.02365583960749825,0.02365583960749825,False,1881.0436962338129,,
1971.05,1971,5,311.37588540662995,0.7678571428571429,329.2057950036568,294.72326674738565,1971,0.18832013549392976,1971-10-29,25.60772264749238,25.60772264749238,0.08224054542326202,0.08224054542326202,False,1881.0436962338129,,
1971.06,1971,6,327.8378400269209,0.7432857142857142,335.4728177879068,323.62655383883583,1971,0.19827632564828176,1971-11-05,16.461954620290953,16.461954620290953,0.050213711202279625,0.050213711202279625,False,1881.0436962338129,,
1971.07,1971,7,333.73648542006737,0.7335714285714285,338.3210417029997,329.2057950036568,1971,0.20184382638205675,1971-11-12,5.898645393146467,5.898645393146467,0.017674559572717862,0.017674559572717862,False,1881.0436962338129,,
1971.08,1971,8,352.51745198963243,0.7075714285714286,377.11676084070143,338.3210417029997,1971,0.2132025549633297,1971-11-19,18.780966569565066,18.780966569565066,0.053276700099708585,0.053276700099708585,False,1881.0436962338129,,
1971.09,1971,9,395.8882496724559,0.6574285714285715,420.28892993659525,380.8369423592014,1971,0.23943321340190135,1971-11-26,43.37079768282348,43.37079768282348,0.10955313202325899,0.10955313202325899,False,1881.0436962338129,,
1971.1,1971,10,403.8520391390777,0.6477142857142858,420.28892993659525,391.8169121240828,1971,0.2442497132713142,1971-12-03,7.96378946662179,7.96378946662179,0.019719572256212473,0.019719572256212473,False,1881.0436962338129,,
1971.11,1971,11,431.77446230383174,0.6155714285714284,440.0331111664572,422.4698189706656,1971,0.26113719480135744,1971-12-10,27.922423164754036,27.922423164754036,0.06466900107006686,0.06466900107006686,False,1881.0436962338129,,
1971.12,1971,12,457.2911416427717,0.5872857142857143,477.3484869166725,440.0331111664572,1971,0.2765696824655483,1971-12-17,25.51667933893998,25.51667933893998,0.05579963619516861,0.05579963619516861,False,1881.0436962338129,,
1971.13,1971,13,496.89582745661585,0.5524285714285715,527.3375978981461,470.1789493868897,1971,0.30052259644576124,1971-12-24,39.60468581384413,39.60468581384413,0.07970420282368346,0.07970420282368346,False,1881.0436962338129,,
1971.14,1971,14,598.1907853312317,0.4881428571428571,654.21608557748,532.5192229643311,1971,0.36178578696832886,1971-12-31,101.29495787461587,101.29495787461587,0.16933553702022772,0.16933553702022772,False,1881.0436962338129,,
1971.15,1971,15,659.1452531913145,0.45599999999999996,720.3337222668207,618.6506296297572,1972,0.398651049130107,1972-01-07,60.95446786008279,60.95446786008279,0.09247501603776395,0.09247501603776395,False,1881.0436962338129,,
1971.16,1971,16,733.1745696520939,0.423,760.52821131929,712.0837013457431,1972,0.44342397972558645,1972-01-14,74.02931646077934,74.02931646077934,0.1009709276958525,0.1009709276958525,False,1881.0436962338129,,
1971.17,1971,17,799.8348315418931,0.3971428571428572,843.5265543863715,779.3663976124346,1972,0.48374010611653695,1972-01-21,66.66026188979924,66.66026188979924,0.08334253430960735,0.08334253430960735,False,1881.0436962338129,,
1971.18,1971,18,826.4924795837633,0.38642857142857145,834.6935677067364,794.2548359930772,1972,0.49986265165226007,1972-01-28,26.657648041870175,26.657648041870175,0.032253951125236435,0.032253951125236435,False,1881.0436962338129,,
1971.19,1971,19,827.4211883579563,0.38642857142857145,834.6935677067364,817.7246825595828,1972,0.500424334718892,1972-02-04,0.9287087741930691,0.9287087741930691,0.001122413575166139,0.001122413575166139,False,1881.0436962338129,,
1971.2,1971,20,825.2183845048866,0.38742857142857146,834.6935677067364,817.7246825595828,1972,0.49909207894855534,1972-02-11,-2.2028038530697813,2.2028038530697813,-0.0026693586745421536,0.0026693586745421536,False,1881.0436962338129,,
1971.21,1971,21,829.8453148075497,0.3852857142857143,834.6935677067364,817.7246825595828,1972,0.5018904463956062,1972-02-18,4.6269303026631405,4.6269303026631405,0.005575653944297048,0.005575653944297048,False,1881.0436962338129,,
1971.22,1971,22,834.6935677067365,0.38299999999999995,834.6935677067364,834.6935677067364,1972,0.5048226697490343,1972-02-25,4.848252899186832,4.848252899186832,0.005808422499896669,0.005808422499896669,False,1881.0436962338129,,
1971.23,1971,23,900.0975757405457,0.36042857142857143,947.0029281802471,834.6935677067364,1972,0.544379013807882,1972-03-03,65.40400803380919,65.40400803380919,0.07266324207128182,0.07266324207128182,False,1881.0436962338129,,
1971.24,1971,24,964.3164208127357,0.34085714285714286,989.4775076349575,947.0029281802471,1972,0.5832185713075424,1972-03-10,64.21884507218999,64.21884507218999,0.06659520017098298,0.06659520017098298,False,1881.0436962338129,,
1971.25,1971,25,1026.918134545314,0.3248571428571428,1059.9978690640885,989.4775076349575,1972,0.6210800877730058,1972-03-17,62.60171373257822,62.60171373257822,0.06096076369349172,0.06096076369349172,False,1881.0436962338129,,
1971.26,1971,26,1092.8768731949558,0.304,1127.726717014242,1059.9978690640885,1972,0.6609719329083092,1972-03-24,65.95873864964187,65.95873864964187,0.060353311765867744,0.060353311765867744,False,1881.0436962338129,,
1971.27,1971,27,1186.99350936939,0.2777142857142857,1269.7472452468235,1132.2744617454025,1972,0.7178936744666071,1972-03-31,94.11663617443423,94.11663617443423,0.07928993329073489,0.07928993329073489,False,1881.0436962338129,,
1971.28,1971,28,1451.1816099519983,0.23757142857142857,1559.6365373841436,1341.3621257487196,1972,0.8776746376989686,1972-04-07,264.1881005826083,264.1881005826083,0.18205033661592984,0.18205033661592984,False,1881.0436962338129,,
1971.29,1971,29,1660.0050731512258,0.21142857142857144,1716.4923972873114,1609.5195834351925,1972,1.0039710682418614,1972-04-14,208.8234631992275,208.8234631992275,0.12579688253772206,0.12579688253772206,False,1881.0436962338129,,
1971.3,1971,30,1802.5087885456119,0.19585714285714287,1860.314920798596,1745.9668486656192,1972,1.090157315312386,1972-04-21,142.50371539438606,142.50371539438606,0.07905854123982822,0.07905854123982822,False,1881.0436962338129,,
1971.31,1971,31,1878.374528012344,0.18828571428571425,1881.0436962338129,1871.7016074586716,1972,1.1360409145418657,1972-04-28,75.86573946673207,75.86573946673207,0.04038903761488481,0.04038903761488481,True,1881.0436962338129,True,
1971.32,1971,32,1808.7099781953984,0.195,1860.314920798596,1767.625484109115,1972,1.0939077948125773,1972-05-05,-69.66454981694551,69.66454981694551,-0.03851615275902432,0.03851615275902432,False,1881.0436962338129,,
1971.33,1971,33,1734.1279900274042,0.20314285714285713,1767.625484109115,1693.819307089167,1972,1.0488006083685741,1972-05-12,-74.58198816799427,74.58198816799427,-0.04300835266883367,0.04300835266883367,False,1881.0436962338129,,
1971.34,1971,34,1619.5986937418909,0.216,1659.7232892169968,1570.314592802547,1972,0.9795332899750957,1972-05-19,-114.52929628551328,114.52929628551328,-0.07071461389049834,0.07071461389049834,False,1881.0436962338129,,
1971.35,1971,35,1494.7741302672123,0.23057142857142857,1551.1556592265113,1446.688358904274,1972,0.9040393939856098,1972-05-26,-124.8245634746786,124.8245634746786,-0.08350730785818752,0.08350730785818752,False,1881.0436962338129,,
1971.36,1971,36,1376.2271670634666,0.24857142857142853,1431.7953534582748,1327.7083044595875,1972,0.8323421906399845,1972-06-02,-118.54696320374569,118.54696320374569,-0.08613909537674366,0.08613909537674366,False,1881.0436962338129,,
1971.37,1971,37,1216.5962076102167,0.2714285714285714,1291.2130338573666,1172.2200796855432,1972,0.7357973863626589,1972-06-09,-159.63095945324994,159.63095945324994,-0.13121112695790504,0.13121112695790504,False,1881.0436962338129,,
1971.38,1971,38,1088.5980601475171,0.306,1141.726989184771,1042.8375986738163,1972,0.6583841067772184,1972-06-16,-127.99814746269954,127.99814746269954,-0.11758072345393888,0.11758072345393888,False,1881.0436962338129,,
1971.39,1971,39,941.8158002463033,0.3490000000000001,1025.1570830002852,847.0875422650073,1972,0.5696101959889643,1972-06-23,-146.78225990121382,146.78225990121382,-0.15585028395449235,0.15585028395449235,False,1881.0436962338129,,
1971.4,1971,40,742.0296340176945,0.4198571428571428,819.2739407352476,682.3088631722309,1972,0.4487795226539016,1972-06-30,-199.78616622860875,199.78616622860875,-0.2692428402715849,0.2692428402715849,False,1881.0436962338129,,
1971.41,1971,41,616.3154615071373,0.47585714285714287,659.9420006160087,583.0034913422678,1972,0.3727475911195167,1972-07-07,-125.7141725105572,125.7141725105572,-0.20397698964607486,0.20397698964607486,False,1881.0436962338129,,
1971.42,1971,42,557.5230023383008,0.5098571428571429,571.8920920403683,542.0087505502821,1972,0.3371899118142043,1972-07-14,-58.79245916883656,58.79245916883656,-0.10545297489476808,0.10545297489476808,False,1881.0436962338129,,
1971.43,1971,43,510.0986114470274,0.5434285714285715,532.5192229643311,489.3436243127323,1972,0.3085076402031622,1972-07-21,-47.42439089127339,47.42439089127339,-0.09297102526262867,0.09297102526262867,False,1881.0436962338129,,
1971.44,1971,44,470.71826134939545,0.5731428571428572,486.02502639130836,459.26044279675483,1972,0.2846904044641143,1972-07-28,-39.38035009763195,39.38035009763195,-0.08366012821499924,0.08366012821499924,False,1881.0436962338129,,
1971.45,1971,45,447.0166531000231,0.5991428571428571,459.26044279675483,435.49688511870175,1972,0.270355671794894,1972-08-04,-23.701608249372327,23.701608249372327,-0.053021756762312224,0.053021756762312224,False,1881.0436962338129,,
1971.46,1971,46,422.3362764812838,0.6267142857142857,430.9578316629287,417.85777193562865,1972,0.25542898001588044,1972-08-11,-24.68037661873933,24.68037661873933,-0.05843773787173848,0.05843773787173848,False,1881.0436962338129,,
1971.47,1971,47,398.7219508986905,0.6537142857142858,408.00454625357366,389.13393637134163,1972,0.241147035903528,1972-08-18,-23.614325582593267,23.614325582593267,-0.05922504524611268,0.05922504524611268,False,1881.0436962338129,,
1971.48,1971,48,373.27014136169157,0.6852857142857144,386.53109723034976,360.34880084276085,1972,0.2257537814955511,1972-08-25,-25.45180953699895,25.45180953699895,-0.06818603128594912,0.06818603128594912,False,1881.0436962338129,,
1971.49,1971,49,349.66660469753987,0.7104285714285715,360.34880084276085,344.6194637292325,1972,0.21147836252107216,1972-09-01,-23.603536664151704,23.603536664151704,-0.06750297668422943,0.06750297668422943,False,1881.0436962338129,,
1971.5,1971,50,335.1833816092846,0.7312857142857142,338.3210417029997,331.6115672476363,1972,0.20271890919729535,1972-09-08,-14.483223088255272,14.483223088255272,-0.04320984834844236,0.04320984834844236,False,1881.0436962338129,,
1971.51,1971,51,321.08839046249307,0.7531428571428572,331.6115672476363,309.0284073518941,1972,0.19419425855171582,1972-09-15,-14.094991146791529,14.094991146791529,-0.04389754212691782,0.04389754212691782,False,1881.0436962338129,,
1971.52,1971,52,302.3725709375415,0.7808571428571428,309.0284073518941,299.18021087320443,1972,0.1828749309030251,1972-09-22,-18.71581952495154,18.71581952495154,-0.06189655188273511,0.06189655188273511,False,1881.0436962338129,,
1971.53,1971,53,300.74250136966316,0.7834999999999999,302.30479186612183,299.18021087320443,1972,0.051968304236677795,1972-09-29,-1.6300695678783654,1.6300695678783654,-0.005420150329449896,0.005420150329449896,False,1881.0436962338129,,
1972.01,1972,1,290.1808573852419,0.8004285714285714,299.18021087320443,281.3222739992266,1972,0.1755013825465943,1972-10-01,-10.561643984421266,10.561643984421266,-0.03639676331371407,0.03639676331371407,False,1208.137555230546,,
1972.02,1972,2,280.87740278053826,0.8164285714285714,283.6079686159883,275.9224808516464,1972,0.16987465320166953,1972-10-08,-9.303454604703632,9.303454604703632,-0.033122830504000444,0.033122830504000444,False,1208.137555230546,,
1972.03,1972,3,279.661132540767,0.8177142857142857,283.6079686159883,275.9224808516464,1972,0.16913905296065587,1972-10-15,-1.2162702397712337,1.2162702397712337,-0.004349085726433345,0.004349085726433345,False,1208.137555230546,,True
1972.04,1972,4,288.5814125070759,0.8009999999999999,290.5219447532691,283.6079686159883,1972,0.17453403828427955,1972-10-22,8.920279966308897,8.920279966308897,0.030910791824092877,0.030910791824092877,False,1208.137555230546,,
1972.05,1972,5,290.5219447532691,0.7969999999999999,290.5219447532691,290.5219447532691,1972,0.17570767218677716,1972-10-29,1.940532246193186,1.940532246193186,0.006679468732873922,0.006679468732873922,False,1208.137555230546,,
1972.06,1972,6,300.3074272660097,0.7844285714285715,306.020121877383,294.72326674738565,1972,0.18162593201048266,1972-11-05,9.7854825127406,9.7854825127406,0.032584883437041016,0.032584883437041016,False,1208.137555230546,,
1972.07,1972,7,318.3515864676142,0.7584285714285713,323.62655383883583,309.0284073518941,1972,0.19253903949561305,1972-11-12,18.044159201604486,18.044159201604486,0.05667997261084833,0.05667997261084833,False,1208.137555230546,,
1972.08,1972,8,319.4221602855418,0.7574285714285713,323.62655383883583,311.8155700798613,1972,0.19318652254069568,1972-11-19,1.0705738179275954,1.0705738179275954,0.003351595321284456,0.003351595321284456,False,1208.137555230546,,
1972.09,1972,9,321.0416619033405,0.7531428571428572,338.3210417029997,306.020121877383,1972,0.19416599711914034,1972-11-26,1.6195016177987327,1.6195016177987327,0.005044521661759693,0.005044521661759693,False,1208.137555230546,,
1972.1,1972,10,349.77641840271605,0.7112857142857143,360.34880084276085,338.3210417029997,1972,0.21154477784996267,1972-12-03,28.73475649937552,28.73475649937552,0.0821517832179632,0.0821517832179632,False,1208.137555230546,,
1972.11,1972,11,359.11643425708763,0.6997142857142858,370.36474529587133,350.2192051008483,1972,0.2171936194386866,1972-12-10,9.340015854371586,9.340015854371586,0.02600832199087043,0.02600832199087043,False,1208.137555230546,,
1972.12,1972,12,406.59629012116744,0.6449999999999999,408.00454625357366,398.1467533267305,1972,0.24590943626528214,1972-12-17,47.47985586407981,47.47985586407981,0.11677395248719709,0.11677395248719709,False,1208.137555230546,,
1972.13,1972,13,439.2506963590491,0.6097142857142857,505.01787451967766,413.7323824701425,1972,0.2656588211579529,1972-12-24,32.65440623788163,32.65440623788163,0.07434115986281671,0.07434115986281671,False,1208.137555230546,,
1972.14,1972,14,446.9805300675781,0.5987142857142856,459.26044279675483,440.0331111664572,1972,0.27033382458487126,1972-12-31,7.729833708529043,7.729833708529043,0.01729344610907411,0.01729344610907411,False,1208.137555230546,,
1972.15,1972,15,473.3305031606891,0.5711428571428573,489.3436243127323,462.56506724863937,1973,0.28627028831158474,1973-01-07,26.349973093110975,26.349973093110975,0.05566929009890057,0.05566929009890057,False,1208.137555230546,,
1972.16,1972,16,543.9081935400018,0.5208571428571428,589.2318351168824,505.01787451967766,1973,0.32895567545299303,1973-01-14,70.57769037931268,70.57769037931268,0.12976030002409228,0.12976030002409228,False,1208.137555230546,,
1972.17,1972,17,589.2318351168824,0.488,589.2318351168824,589.2318351168824,1973,0.3563674138786905,1973-01-21,45.32364157688062,45.32364157688062,0.07691987919812587,0.07691987919812587,False,1208.137555230546,,
1972.18,1972,18,609.0193202378977,0.47900000000000004,630.1125986840717,589.2318351168824,1973,0.36833488487988053,1973-01-28,19.787485121015266,19.787485121015266,0.0324907346343065,0.0324907346343065,False,1208.137555230546,,
1972.19,1972,19,649.5252996208854,0.46085714285714285,654.21608557748,647.6489852382476,1973,0.3928329012107116,1973-02-04,40.50597938298779,40.50597938298779,0.0623624351609249,0.0623624351609249,False,1208.137555230546,,
1972.2,1972,20,708.5022454394357,0.43557142857142855,720.3337222668207,673.1577568282033,1973,0.42850215804177066,1973-02-11,58.976945818550234,58.976945818550234,0.08324172040128236,0.08324172040128236,False,1208.137555230546,,
1972.21,1972,21,747.194416403592,0.41771428571428576,779.3663976124346,720.3337222668207,1973,0.4519031830408924,1973-02-18,38.692170964156276,38.692170964156276,0.05178327101317225,0.05178327101317225,False,1208.137555230546,,
1972.22,1972,22,779.3663976124345,0.40500000000000014,779.3663976124346,779.3663976124346,1973,0.47136079727600055,1973-02-25,32.17198120884257,32.17198120884257,0.041279661667991414,0.041279661667991414,False,1208.137555230546,,
1972.23,1972,23,813.7403452425334,0.39185714285714285,834.6935677067364,779.3663976124346,1973,0.49215016080268414,1973-03-04,34.37394763009888,34.37394763009888,0.04224191147835223,0.04224191147835223,False,1208.137555230546,,
1972.24,1972,24,863.8024715659387,0.37299999999999994,905.4211927358452,834.6935677067364,1973,0.5224277348030797,1973-03-11,50.06212632340532,50.06212632340532,0.05795552568013671,0.05795552568013671,False,1208.137555230546,,
1972.25,1972,25,935.201470739312,0.34885714285714287,952.4350838829193,905.4211927358452,1973,0.5656098495031359,1973-03-18,71.39899917337323,71.39899917337323,0.07634611514985068,0.07634611514985068,False,1208.137555230546,,
1972.26,1972,26,1016.7916791947953,0.3275714285714285,1050.5490333418047,971.4321659369264,1973,0.6149556075770121,1973-03-25,81.59020845548332,81.59020845548332,0.08024279714807973,0.08024279714807973,False,1208.137555230546,,
1972.27,1972,27,1078.3169781508234,0.3092857142857143,1089.4560494851628,1059.9978690640885,1973,0.652166108385618,1973-04-01,61.52529895602811,61.52529895602811,0.05705678404650197,0.05705678404650197,False,1208.137555230546,,
1972.28,1972,28,1125.9899530895298,0.2928571428571428,1141.726989184771,1107.711819429938,1973,0.6809987236285476,1973-04-08,47.672974938706375,47.672974938706375,0.04233872141389862,0.04233872141389862,False,1208.137555230546,,
1972.29,1972,29,1166.2840434362693,0.28214285714285714,1186.6620966242278,1141.726989184771,1973,0.7053685894702556,1973-04-15,40.294090346739495,40.294090346739495,0.03454912255167224,0.03454912255167224,False,1208.137555230546,,
1972.3,1972,30,1192.7979419403187,0.2755714285714285,1208.137555230546,1186.6620966242278,1973,0.7214041952855048,1973-04-22,26.513898504049394,26.513898504049394,0.022228323483623188,0.022228323483623188,False,1208.137555230546,,
1972.31,1972,31,1203.8444795404137,0.27285714285714285,1208.137555230546,1186.6620966242278,1973,0.7280851412260421,1973-04-29,11.046537600095007,11.046537600095007,0.009176050385106384,0.009176050385106384,True,1208.137555230546,True,
1972.32,1972,32,1180.472660793363,0.27871428571428575,1186.6620966242278,1172.2200796855432,1973,0.713949865247826,1973-05-06,-23.37181874705061,23.37181874705061,-0.019798695491467847,0.019798695491467847,False,1208.137555230546,,
1972.33,1972,33,1140.489085138361,0.2885714285714286,1172.2200796855432,1125.7884692412713,1973,0.6897677986916808,1973-05-13,-39.98357565500214,39.98357565500214,-0.03505827120664767,0.03505827120664767,False,1208.137555230546,,
1972.34,1972,34,1065.8617872364507,0.31314285714285717,1107.711819429938,1022.7291742398579,1973,0.6446332089206054,1973-05-20,-74.6272979019102,74.6272979019102,-0.07001592401150121,0.07001592401150121,False,1208.137555230546,,
1972.35,1972,35,921.5109548243212,0.3538571428571429,976.7769450097452,858.5276662376176,1973,0.5573298254777496,1973-05-27,-144.35083241212953,144.35083241212953,-0.15664581268016384,0.15664581268016384,False,1208.137555230546,,
1972.36,1972,36,782.5842860657841,0.40285714285714286,847.0875422650073,728.4970702319307,1973,0.4733069762125863,1973-06-03,-138.92666875853706,138.92666875853706,-0.1775229470258733,0.1775229470258733,False,1208.137555230546,,
1972.37,1972,37,655.7371318160457,0.4574285714285714,705.8654488603318,601.777842158206,1973,0.39658981732234444,1973-06-10,-126.84715424973842,126.84715424973842,-0.19344207929546214,0.19344207929546214,False,1208.137555230546,,
1972.38,1972,38,539.4035314094847,0.5237142857142857,583.0034913422678,505.01787451967766,1973,0.32623125579645634,1973-06-17,-116.333600406561,116.333600406561,-0.21567081717573539,0.21567081717573539,False,1208.137555230546,,
1972.39,1972,39,479.6038609862599,0.5648571428571428,494.68108319071365,467.1571483252964,1973,0.29006441512448994,1973-06-24,-59.79967042322477,59.79967042322477,-0.12468554840290987,0.12468554840290987,False,1208.137555230546,,
1972.4,1972,40,451.27527520955783,0.5942857142857143,462.56506724863937,440.0331111664572,1973,0.2729312864467406,1973-07-01,-28.328585776702084,28.328585776702084,-0.06277451332459372,0.06277451332459372,False,1208.137555230546,,
1972.41,1972,41,420.58674632010826,0.6287142857142857,430.9578316629287,408.00454625357366,1973,0.2543708641744015,1973-07-08,-30.68852888944957,30.68852888944957,-0.07296599133937652,0.07296599133937652,False,1208.137555230546,,
1972.42,1972,42,390.84273086946325,0.6635714285714285,402.90237744418727,380.8369423592014,1973,0.2363816836298514,1973-07-15,-29.74401545064501,29.74401545064501,-0.07610226083641594,0.07610226083641594,False,1208.137555230546,,
1972.43,1972,43,371.6188662686864,0.6877142857142858,377.11676084070143,360.34880084276085,1973,0.22475509031930152,1973-07-22,-19.223864600776835,19.223864600776835,-0.0517300555641803,0.0517300555641803,False,1208.137555230546,,
1972.44,1972,44,350.0979844814316,0.7097142857142857,360.34880084276085,340.5953058875766,1973,0.21173926101436985,1973-07-29,-21.520881787254837,21.520881787254837,-0.061471024516555756,0.061471024516555756,False,1208.137555230546,,
1972.45,1972,45,336.64694963776174,0.7284285714285713,340.5953058875766,331.6115672476363,1973,0.20360407514091827,1973-08-05,-13.451034843669845,13.451034843669845,-0.03995590887766369,0.03995590887766369,False,1208.137555230546,,
1972.46,1972,46,322.975049043954,0.7517142857142857,329.2057950036568,316.52242407738737,1973,0.19533530966178334,1973-08-12,-13.67190059380772,13.67190059380772,-0.04233113559167568,0.04233113559167568,False,1208.137555230546,,
1972.47,1972,47,303.625308665996,0.7789999999999999,311.8155700798613,294.72326674738565,1973,0.1836325866811944,1973-08-19,-19.349740377958028,19.349740377958028,-0.06372901015061222,0.06372901015061222,False,1208.137555230546,,
1972.48,1972,48,280.5617956713331,0.8161428571428573,290.5219447532691,273.7644374568714,1973,0.16968377402202225,1973-08-26,-23.063512994662915,23.063512994662915,-0.08220475257322953,0.08220475257322953,False,1208.137555230546,,
1972.49,1972,49,270.03472799080623,0.8378571428571429,273.7644374568714,264.1051871975735,1973,0.1633170034888396,1973-09-02,-10.52706768052684,10.52706768052684,-0.03898412533400242,0.03898412533400242,False,1208.137555230546,,
1972.5,1972,50,255.32029014770902,0.867,258.7976520087449,249.7991800258312,1973,0.15441771148133443,1973-09-09,-14.714437843097215,14.714437843097215,-0.057631290621613165,0.057631290621613165,False,1208.137555230546,,
1972.51,1972,51,239.51213037792846,0.8908571428571427,246.1954239432886,231.43340615217082,1973,0.14485693645257114,1973-09-16,-15.80815976978056,15.80815976978056,-0.06600149956846325,0.06600149956846325,False,1208.137555230546,,
1972.52,1972,52,230.54698299738942,0.9068571428571427,231.43340615217082,229.36508545768086,1973,0.13943481531682111,1973-09-23,-8.965147380539037,8.965147380539037,-0.038886422472249625,0.038886422472249625,False,1208.137555230546,,
1972.53,1972,53,229.36508545768086,0.9079999999999999,229.36508545768086,229.36508545768086,1973,0.019817143383543626,1973-09-30,-1.181897539708558,1.181897539708558,-0.005152909551818534,0.005152909551818534,False,1208.137555230546,,
1973.01,1973,1,219.5305056823019,0.926,224.67104686473823,209.2745177174335,1973,0.13277204983665614,1973-10-01,-9.834579775378955,9.834579775378955,-0.04479823769736708,0.04479823769736708,False,2840.311133494523,,True
1973.02,1973,2,231.49888716615934,0.9041428571428572,243.2796862142866,214.75310038088375,1973,0.14001052695809316,1973-10-08,11.968381483857428,11.968381483857428,0.051699520591073383,0.051699520591073383,False,2840.311133494523,,
1973.03,1973,3,236.40748006214702,0.8952857142857142,243.2796862142866,231.43340615217082,1973,0.1429792439415865,1973-10-15,4.908592895987681,4.908592895987681,0.02076327235795291,0.02076327235795291,False,2840.311133494523,,
1973.04,1973,4,235.43870386126494,0.8968571428571428,243.2796862142866,231.43340615217082,1973,0.14239332809529304,1973-10-22,-0.9687762008820755,0.9687762008820755,-0.004114770362705269,0.004114770362705269,False,2840.311133494523,,
1973.05,1973,5,252.7030262664985,0.8704285714285714,256.6827889882703,246.1954239432886,1973,0.15283479028597835,1973-10-29,17.26432240523357,17.26432240523357,0.06831862150723418,0.06831862150723418,False,2840.311133494523,,
1973.06,1973,6,250.267730437245,0.8741428571428571,256.6827889882703,246.1954239432886,1973,0.15136192336844578,1973-11-05,-2.435295829253505,2.435295829253505,-0.009730762431891549,0.009730762431891549,False,2840.311133494523,,
1973.07,1973,7,270.15176539224103,0.8395714285714286,294.72326674738565,258.7976520087449,1973,0.1633877877092274,1973-11-12,19.884034954996025,19.884034954996025,0.0736032019858387,0.0736032019858387,False,2840.311133494523,,
1973.08,1973,8,302.7279600680912,0.7798571428571428,309.0284073518941,290.5219447532691,1973,0.18308987024918155,1973-11-19,32.57619467585016,32.57619467585016,0.10760880715650761,0.10760880715650761,False,2840.311133494523,,
1973.09,1973,9,321.40006902164134,0.7540000000000001,331.6115672476363,311.8155700798613,1973,0.19438276174428867,1973-11-26,18.67210895355015,18.67210895355015,0.05809615726091481,0.05809615726091481,False,2840.311133494523,,
1973.1,1973,10,376.82679776933395,0.679,408.00454625357366,353.9823107128336,1973,0.2279048472908932,1973-12-03,55.42672874769261,55.42672874769261,0.14708807620847822,0.14708807620847822,False,2840.311133494523,,
1973.11,1973,11,431.72360241214443,0.6145714285714285,445.541354005931,408.00454625357366,1973,0.2611064347388649,1973-12-10,54.89680464281048,54.89680464281048,0.12715729308309465,0.12715729308309465,False,2840.311133494523,,
1973.12,1973,12,570.5932366473844,0.5015714285714286,601.777842158206,523.0192327708844,1973,0.3450947895243381,1973-12-17,138.86963423523997,138.86963423523997,0.24337763807224852,0.24337763807224852,False,2840.311133494523,,
1973.13,1973,13,730.0621385180251,0.4268571428571429,858.5276662376176,608.7950640130589,1973,0.4415415813757016,1973-12-24,159.4689018706407,159.4689018706407,0.21843195730482803,0.21843195730482803,False,2840.311133494523,,
1973.14,1973,14,932.5522782678278,0.35057142857142864,947.0029281802471,863.4849952911484,1973,0.5640076178963821,1973-12-31,202.49013974980267,202.49013974980267,0.21713542979694245,0.21713542979694245,False,2840.311133494523,,
1973.15,1973,15,921.2501325371496,0.35514285714285715,971.4321659369264,843.5265543863715,1974,0.5571720801584681,1974-01-07,-11.302145730678149,11.302145730678149,-0.012268270398563428,0.012268270398563428,False,2840.311133494523,,
1973.16,1973,16,837.4541409400723,0.38300000000000006,891.8619896951615,819.2739407352476,1974,0.5064922644405557,1974-01-14,-83.79599159707732,83.79599159707732,-0.10006039435546084,0.10006039435546084,False,2840.311133494523,,
1973.17,1973,17,879.4964182829535,0.3677142857142857,941.1240560143013,847.0875422650073,1974,0.5319194337775304,1974-01-21,42.04227734288122,42.04227734288122,0.04780267033373556,0.04780267033373556,False,2840.311133494523,,
1973.18,1973,18,1047.3437604443627,0.3164285714285714,1096.4988223473633,947.0029281802471,1974,0.6334335063167507,1974-01-28,167.8473421614092,167.8473421614092,0.16026002970619274,0.16026002970619274,False,2840.311133494523,,
1973.19,1973,19,1340.120774446647,0.25357142857142856,1436.9972565708524,1172.2200796855432,1974,0.810505044385332,1974-02-04,292.7770140022842,292.7770140022842,0.218470618159901,0.218470618159901,False,2840.311133494523,,
1973.2,1973,20,1613.4388428938034,0.217,1860.314920798596,1446.688358904274,1974,0.9758078121821724,1974-02-11,273.3180684471565,273.3180684471565,0.16940094733119446,0.16940094733119446,False,2840.311133494523,,
1973.21,1973,21,2164.5523610180185,0.1582857142857143,2423.365591149523,1881.0436962338129,1974,1.3091212679436977,1974-02-18,551.113518124215,551.113518124215,0.2546085408001028,0.2546085408001028,False,2840.311133494523,,
1973.22,1973,22,2684.948514604713,0.11014285714285713,2819.8276016694963,2496.800686844093,1974,1.6238568616329303,1974-02-25,520.3961535866947,520.3961535866947,0.19381978863133215,0.19381978863133215,False,2840.311133494523,,
1973.23,1973,23,2825.392657660673,0.09914285714285713,2840.311133494523,2782.206511497961,1974,1.7087974793531755,1974-03-04,140.44414305596,140.44414305596,0.04970783182123892,0.04970783182123892,True,2840.311133494523,True,
1973.24,1973,24,2713.465626757371,0.108,2769.1490746977324,2631.882331921985,1974,1.6411040110628579,1974-03-11,-111.92703090330224,111.92703090330224,-0.0412487373341289,0.0412487373341289,False,2840.311133494523,,
1973.25,1973,25,2500.270937682631,0.124,2616.8987263392482,2423.365591149523,1974,1.5121638631104553,1974-03-18,-213.19468907473993,213.19468907473993,-0.08526863463538828,0.08526863463538828,False,2840.311133494523,,
1973.26,1973,26,2340.9696732277475,0.1385714285714286,2384.832211470341,2310.3827547648234,1974,1.4158184583681415,1974-03-25,-159.3012644548835,159.3012644548835,-0.06804926448929073,0.06804926448929073,False,2840.311133494523,,
1973.27,1973,27,2274.419625894932,0.1462857142857143,2301.531632213161,2261.108087620956,1974,1.3755689897412549,1974-04-01,-66.55004733281567,66.55004733281567,-0.029260232621598905,0.029260232621598905,False,2840.311133494523,,
1973.28,1973,28,2263.755197697912,0.1475714285714286,2293.9632006513275,2231.78898915399,1974,1.369119143567697,1974-04-08,-10.664428197019788,10.664428197019788,-0.0047109458689989095,0.0047109458689989095,False,2840.311133494523,,
1973.29,1973,29,2262.510474569519,0.14771428571428574,2266.0164419409257,2261.108087620956,1974,1.368366335019645,1974-04-15,-1.2447231283931615,1.2447231283931615,-0.0005501513218982958,0.0005501513218982958,False,2840.311133494523,,
1973.3,1973,30,2363.516387398788,0.13614285714285715,2423.365591149523,2293.9632006513275,1974,1.4294547110987872,1974-04-22,101.00591282926916,101.00591282926916,0.042735440028166295,0.042735440028166295,False,2840.311133494523,,
1973.31,1973,31,2501.058724220401,0.12471428571428571,2542.9744128795624,2423.365591149523,1974,1.5126403164084983,1974-04-29,137.54233682161293,137.54233682161293,0.05499364548686714,0.05499364548686714,True,2840.311133494523,,
1973.32,1973,32,2477.005063036731,0.12628571428571428,2542.9744128795624,2423.365591149523,1974,1.4980926621246151,1974-05-06,-24.0536611836701,24.0536611836701,-0.009710784020029842,0.009710784020029842,False,2840.311133494523,,
1973.33,1973,33,2324.149559509872,0.14042857142857143,2395.739198274402,2261.108087620956,1974,1.4056456535915702,1974-05-13,-152.85550352685914,152.85550352685914,-0.06576835939899413,0.06576835939899413,False,2840.311133494523,,
1973.34,1973,34,2153.4951374972957,0.16,2261.108087620956,2041.65817572948,1974,1.3024338591583644,1974-05-20,-170.6544220125761,170.6544220125761,-0.079245324979421,0.079245324979421,False,2840.311133494523,,
1973.35,1973,35,1887.3798155073475,0.18742857142857144,1983.4436828176406,1767.625484109115,1974,1.1414873124188438,1974-05-27,-266.11532198994814,266.11532198994814,-0.14099722790476782,0.14099722790476782,False,2840.311133494523,,
1973.36,1973,36,1618.9115313450566,0.216,1726.1698191997614,1511.0711996298642,1974,0.9791176941574903,1974-06-03,-268.46828416229096,268.46828416229096,-0.16583258502040366,0.16583258502040366,False,2840.311133494523,,
1973.37,1973,37,1382.7635940294706,0.24714285714285714,1484.8531389610919,1246.0803627849048,1974,0.8362954216690236,1974-06-10,-236.14793731558598,236.14793731558598,-0.1707796895544771,0.1707796895544771,False,2840.311133494523,,
1973.38,1973,38,1137.2184877861873,0.2911428571428572,1199.561484005937,1066.3481241083625,1974,0.6877897414130861,1974-06-17,-245.54510624328327,245.54510624328327,-0.21591726557425536,0.21591726557425536,False,2840.311133494523,,
1973.39,1973,39,927.9286801297943,0.3537142857142857,1082.8793953113418,803.6892968412517,1974,0.5612112657424996,1974-06-24,-209.289807656393,209.289807656393,-0.22554514386506355,0.22554514386506355,False,2840.311133494523,,
1973.4,1973,40,692.5525923978038,0.4407142857142857,760.52821131929,630.1125986840717,1974,0.4188558078821918,1974-07-01,-235.37608773199054,235.37608773199054,-0.3398674560108931,0.3398674560108931,False,2840.311133494523,,
1973.41,1973,41,576.0485355911819,0.49785714285714283,615.6277736669467,550.9983234585969,1974,0.34839415432554677,1974-07-08,-116.50405680662186,116.50405680662186,-0.20224694554089462,0.20224694554089462,False,2840.311133494523,,
1973.42,1973,42,514.7661130046478,0.5405714285714286,542.0087505502821,489.3436243127323,1974,0.31133054514521097,1974-07-15,-61.28242258653415,61.28242258653415,-0.11904906138602181,0.11904906138602181,False,2840.311133494523,,
1973.43,1973,43,467.9253310437559,0.5765714285714286,479.56309760929685,455.65515596238953,1974,0.28300124021526357,1974-07-22,-46.84078196089189,46.84078196089189,-0.10010311229872654,0.10010311229872654,False,2840.311133494523,,
1973.44,1973,44,437.61481041466106,0.6092857142857143,453.07261391760653,422.4698189706656,1974,0.264669437338787,1974-07-29,-30.31052062909481,30.31052062909481,-0.06926301374575082,0.06926301374575082,False,2840.311133494523,,
1973.45,1973,45,411.825273275763,0.6392857142857142,422.4698189706656,398.1467533267305,1974,0.24907192527718144,1974-08-05,-25.789537138898083,25.789537138898083,-0.06262252176453753,0.06262252176453753,False,2840.311133494523,,
1973.46,1973,46,380.8783141084542,0.6751428571428572,391.8169121240828,373.01012538244936,1974,0.23035520437279308,1974-08-12,-30.946959167308762,30.946959167308762,-0.08125156518755407,0.08125156518755407,False,2840.311133494523,,
1973.47,1973,47,359.4186967475962,0.7011428571428573,373.01012538244936,340.5953058875766,1974,0.2173764277929462,1974-08-19,-21.459617360858033,21.459617360858033,-0.05970645810873932,0.05970645810873932,False,2840.311133494523,,
1973.48,1973,48,339.08010025536913,0.7254285714285713,344.6194637292325,331.6115672476363,1974,0.20507564463444727,1974-08-26,-20.338596492227055,20.338596492227055,-0.05998168714976073,0.05998168714976073,False,2840.311133494523,,
1973.49,1973,49,326.8894753653098,0.745,329.2057950036568,323.62655383883583,1974,0.19770275470093934,1974-09-02,-12.190624890059325,12.190624890059325,-0.037292803252340564,0.037292803252340564,False,2840.311133494523,,
1973.5,1973,50,311.78940739948166,0.7665714285714286,320.2150422476492,306.020121877383,1974,0.18857023359520647,1974-09-09,-15.100067965828146,15.100067965828146,-0.048430343069612726,0.048430343069612726,False,2840.311133494523,,
1973.51,1973,51,288.98047967263716,0.8012857142857143,299.18021087320443,281.3222739992266,1974,0.17477539410601095,1974-09-16,-22.8089277268445,22.8089277268445,-0.07892895656025939,0.07892895656025939,False,2840.311133494523,,
1973.52,1973,52,268.85869187463396,0.8404285714285715,281.3222739992266,261.382924552137,1974,0.16260573684577864,1974-09-23,-20.121787798003197,20.121787798003197,-0.07484150003744636,0.07484150003744636,False,2840.311133494523,,
1973.53,1973,53,261.382924552137,0.855,261.382924552137,261.382924552137,1974,0.02258348468130464,1974-09-30,-7.475767322496949,7.475767322496949,-0.028600825150710208,0.028600825150710208,False,2840.311133494523,,
1974.01,1974,1,245.57708058775754,0.8795714285714286,261.382924552137,236.19433422910615,1974,0.1485250183394758,1974-10-01,-15.805843964379477,15.805843964379477,-0.06436204847191032,0.06436204847191032,False,5415.424041152379,,
1974.02,1974,2,233.74164028562316,0.8991428571428571,236.19433422910615,228.5473327785961,1974,0.14136694404474492,1974-10-08,-11.835440302134373,11.835440302134373,-0.05063471056193465,0.05063471056193465,False,5415.424041152379,,
1974.03,1974,3,222.26726554304096,0.9225714285714286,228.5473327785961,220.53049583159046,1974,0.13442724220043112,1974-10-15,-11.4743747425822,11.4743747425822,-0.0516242223727733,0.0516242223727733,False,5415.424041152379,,True
1974.04,1974,4,232.29943191383842,0.9024285714285714,236.19433422910615,222.2828362851385,1974,0.1404946964214895,1974-10-22,10.032166370797455,10.032166370797455,0.04318635774588747,0.04318635774588747,False,5415.424041152379,,
1974.05,1974,5,243.4138585682845,0.8832857142857142,246.1954239432886,236.19433422910615,1974,0.14721670166209846,1974-10-29,11.114426654446078,11.114426654446078,0.04566061570947147,0.04566061570947147,False,5415.424041152379,,
1974.06,1974,6,265.29105340404686,0.848,281.3222739992266,258.7976520087449,1974,0.16044802909876754,1974-11-05,21.877194835762367,21.877194835762367,0.08246487981802647,0.08246487981802647,False,5415.424041152379,,
1974.07,1974,7,286.52619397067946,0.8064285714285715,306.020121877383,281.3222739992266,1974,0.17329104211346694,1974-11-12,21.235140566632595,21.235140566632595,0.07411238837313984,0.07411238837313984,False,5415.424041152379,,
1974.08,1974,8,301.58083987338654,0.7821428571428573,306.020121877383,299.18021087320443,1974,0.18239609195542414,1974-11-19,15.05464590270708,15.05464590270708,0.049919105965178394,0.049919105965178394,False,5415.424041152379,,
1974.09,1974,9,325.40839883926674,0.7481428571428571,389.13393637134163,306.020121877383,1974,0.19680699961798848,1974-11-26,23.8275589658802,23.8275589658802,0.07322355246783185,0.07322355246783185,False,5415.424041152379,,
1974.1,1974,10,446.50051465461246,0.5995714285714285,486.02502639130836,422.4698189706656,1974,0.2700435112631096,1974-12-03,121.09211581534572,121.09211581534572,0.27120263435533937,0.27120263435533937,False,5415.424041152379,,
1974.11,1974,11,495.25243829801957,0.553,512.1178199937132,479.56309760929685,1974,0.2995286746826422,1974-12-10,48.75192364340711,48.75192364340711,0.09843853330828126,0.09843853330828126,False,5415.424041152379,,
1974.12,1974,12,540.3839406318338,0.5232857142857144,571.8920920403683,523.0192327708844,1974,0.3268242072941331,1974-12-17,45.13150233381418,45.13150233381418,0.08351747515117681,0.08351747515117681,False,5415.424041152379,,
1974.13,1974,13,589.3928465270336,0.48928571428571427,608.7950640130589,583.0034913422678,1974,0.3564647935795499,1974-12-24,49.00890589519986,49.00890589519986,0.08315151122715904,0.08315151122715904,False,5415.424041152379,,
1974.14,1974,14,640.7843891901109,0.46399999999999997,682.3088631722309,615.6277736669467,1974,0.38754639858217904,1974-12-31,51.3915426630773,51.3915426630773,0.0802009904267974,0.0802009904267974,False,5415.424041152379,,
1974.15,1974,15,738.9696260441676,0.42214285714285715,843.5265543863715,684.6893499137433,1975,0.4469288298315125,1975-01-07,98.18523685405671,98.18523685405671,0.1328677572035799,0.1328677572035799,False,5415.424041152379,,
1974.16,1974,16,910.5631698223522,0.3585714285714286,997.6786758623872,843.5265543863715,1975,0.5507086051085585,1975-01-14,171.59354377818454,171.59354377818454,0.18844770957698834,0.18844770957698834,False,5415.424041152379,,
1974.17,1974,17,1100.1684135961093,0.302,1166.683447695578,1042.8375986738163,1975,0.6653818565429269,1975-01-21,189.60524377375714,189.60524377375714,0.17234201730442014,0.17234201730442014,False,5415.424041152379,,
1974.18,1974,18,1398.0664522321235,0.246,1751.5174261192885,1199.561484005937,1975,0.8455505903099882,1975-01-28,297.89803863601423,297.89803863601423,0.21307859734449425,0.21307859734449425,False,5415.424041152379,,
1974.19,1974,19,2113.3787866817956,0.16414285714285715,2542.9744128795624,1693.819307089167,1975,1.2781714901851498,1975-02-04,715.3123344496721,715.3123344496721,0.3384685882897405,0.3384685882897405,False,5415.424041152379,,
1974.2,1974,20,2710.8813494129363,0.10814285714285712,2840.311133494523,2467.4434971899177,1975,1.6395410401249442,1975-02-11,597.5025627311406,597.5025627311406,0.22040896878815253,0.22040896878815253,False,5415.424041152379,,
1974.21,1974,21,3179.4896608556787,0.07585714285714286,3332.217132164571,2963.5533446484865,1975,1.9229553468855145,1975-02-18,468.60831144274243,468.60831144274243,0.14738475712376697,0.14738475712376697,False,5415.424041152379,,
1974.22,1974,22,3301.051749575773,0.06871428571428571,3355.9174512398436,3251.016842748816,1975,1.9964760981434273,1975-02-25,121.56208872009438,121.56208872009438,0.036825259929874364,0.036825259929874364,True,5415.424041152379,,
1974.23,1974,23,3228.0963163080824,0.072,3332.217132164571,3169.0574299794807,1975,1.9523526521031285,1975-03-04,-72.95543326769075,72.95543326769075,-0.022600141420541196,0.022600141420541196,False,5415.424041152379,,
1974.24,1974,24,3632.922965340647,0.05099999999999999,3826.663621858017,3470.2255127941166,1975,2.197191809438023,1975-03-11,404.82664903256455,404.82664903256455,0.11143276444195269,0.11143276444195269,False,5415.424041152379,,
1974.25,1974,25,4341.761820222337,0.029428571428571425,4777.528239398511,3931.0099922973936,1975,2.6258975488704692,1975-03-18,708.8388548816897,708.8388548816897,0.16326064953175873,0.16326064953175873,False,5415.424041152379,,
1974.26,1974,26,5195.380780402401,0.014857142857142857,5359.201802557596,4949.60378083177,1975,3.1421662959873724,1975-03-25,853.6189601800643,853.6189601800643,0.16430344497558627,0.16430344497558627,False,5415.424041152379,,
1974.27,1974,27,5404.663005078203,0.011285714285714286,5415.424041152379,5396.328800163887,1975,3.268740185471297,1975-04-01,209.28222467580235,209.28222467580235,0.03872252987451049,0.03872252987451049,True,5415.424041152379,True,
1974.28,1974,28,5292.234217996461,0.013571428571428571,5377.751864305309,5186.55444773476,1975,3.2007432550442596,1975-04-08,-112.42878708174248,112.42878708174248,-0.021244106449299572,0.021244106449299572,False,5415.424041152379,,
1974.29,1974,29,4768.405932163472,0.02114285714285714,5133.118886202348,4352.723084314373,1975,2.8839319077724688,1975-04-15,-523.8282858329885,523.8282858329885,-0.10985396236920679,0.10985396236920679,False,5415.424041152379,,
1974.3,1974,30,4032.45357234988,0.03685714285714286,4305.170852711009,3905.3241765826656,1975,2.438827920557207,1975-04-22,-735.9523598135925,735.9523598135925,-0.18250733619351311,0.18250733619351311,False,5415.424041152379,,
1974.31,1974,31,3654.438214367929,0.05028571428571428,3905.3241765826656,3441.0052160059477,1975,2.2102042320497235,1975-04-29,-378.01535798195073,378.01535798195073,-0.10344007363313219,0.10344007363313219,False,5415.424041152379,,
1974.32,1974,32,3202.753713557316,0.074,3441.0052160059477,3004.2640135053875,1975,1.9370254459594647,1975-05-06,-451.6845008106129,451.6845008106129,-0.141030045144784,0.141030045144784,False,5415.424041152379,,
1974.33,1974,33,2843.4392492842117,0.09828571428571428,3004.2640135053875,2645.619049709331,1975,1.7197120579670913,1975-05-13,-359.3144642731045,359.3144642731045,-0.12636614774293345,0.12636614774293345,False,5415.424041152379,,
1974.34,1974,34,2439.9380688526485,0.12971428571428573,2575.550311723379,2310.3827547648234,1975,1.4756745440420818,1975-05-20,-403.50118043156317,403.50118043156317,-0.16537353369026483,0.16537353369026483,False,5415.424041152379,,
1974.35,1974,35,2115.7856993249015,0.16385714285714287,2276.101843596241,1902.1320729105275,1975,1.2796271909517003,1975-05-27,-324.15236952774694,324.15236952774694,-0.15320661711210945,0.15320661711210945,False,5415.424041152379,,
1974.36,1974,36,1783.0645404998854,0.19799999999999998,1881.0436962338129,1677.712303316742,1975,1.0783974340943308,1975-06-03,-332.7211588250161,332.7211588250161,-0.18660073781274183,0.18660073781274183,False,5415.424041152379,,
1974.37,1974,37,1542.428561101909,0.22499999999999995,1645.7136786211431,1446.688358904274,1975,0.9328607937544346,1975-06-10,-240.63597939797637,240.63597939797637,-0.1560111018860195,0.1560111018860195,False,5415.424041152379,,
1974.38,1974,38,1294.9544741812767,0.25985714285714284,1383.5781363808978,1199.561484005937,1975,0.783188465984836,1975-06-17,-247.47408692063232,247.47408692063232,-0.19110639937909443,0.19110639937909443,False,5415.424041152379,,
1974.39,1974,39,1121.5124105729753,0.2957142857142857,1199.561484005937,1059.9978690640885,1975,0.6782907059145356,1975-06-24,-173.4420636083014,173.4420636083014,-0.15465015096862875,0.15465015096862875,False,5415.424041152379,,
1974.4,1974,40,954.0784201367433,0.34528571428571425,1027.8009259147987,863.4849952911484,1975,0.5770266284987023,1975-07-01,-167.43399043623208,167.43399043623208,-0.1754929017388682,0.1754929017388682,False,5415.424041152379,,
1974.41,1974,41,771.340734112011,0.4074285714285714,817.7246825595828,728.4970702319307,1975,0.46650687599094426,1975-07-08,-182.73768602473228,182.73768602473228,-0.23690916081996502,0.23690916081996502,False,5415.424041152379,,
1974.42,1974,42,679.227991242333,0.4468571428571429,712.0837013457431,654.21608557748,1975,0.41079708910336304,1975-07-15,-92.11274286967796,92.11274286967796,-0.1356138793709022,0.1356138793709022,False,5415.424041152379,,
1974.43,1974,43,608.0526788584071,0.47957142857142854,654.21608557748,583.0034913422678,1975,0.3677502601735646,1975-07-22,-71.17531238392587,71.17531238392587,-0.11705451658819178,0.11705451658819178,False,5415.424041152379,,
1974.44,1974,44,563.4006849777714,0.5047142857142858,577.9502839498093,550.9983234585969,1975,0.34074473427455615,1975-07-29,-44.6519938806357,44.6519938806357,-0.0792544188731283,0.0792544188731283,False,5415.424041152379,,
1974.45,1974,45,524.3164004703191,0.5341428571428571,550.9983234585969,505.01787451967766,1975,0.31710655900444895,1975-08-05,-39.08428450745237,39.08428450745237,-0.07454331863812237,0.07454331863812237,False,5415.424041152379,,
1974.46,1974,46,481.8675862726055,0.5625714285714285,494.68108319071365,467.1571483252964,1975,0.2914335161776717,1975-08-12,-42.4488141977136,42.4488141977136,-0.08809227971955591,0.08809227971955591,False,5415.424041152379,,
1974.47,1974,47,428.10699224208986,0.6212857142857143,459.26044279675483,408.00454625357366,1975,0.258919108908016,1975-08-19,-53.76059403051562,53.76059403051562,-0.12557747246537518,0.12557747246537518,False,5415.424041152379,,
1974.48,1974,48,391.1997779649482,0.6639999999999999,408.00454625357366,380.8369423592014,1975,0.2365976257132007,1975-08-26,-36.907214277141634,36.907214277141634,-0.0943436483249961,0.0943436483249961,False,5415.424041152379,,
1974.49,1974,49,366.1822151452463,0.6920000000000001,380.8369423592014,353.9823107128336,1975,0.22146700371984498,1975-09-02,-25.017562819701936,25.017562819701936,-0.06831998328968192,0.06831998328968192,False,5415.424041152379,,
1974.5,1974,50,340.23556588687586,0.723,346.9384943839358,331.6115672476363,1975,0.20577447024838247,1975-09-09,-25.946649258370428,25.946649258370428,-0.07626083766621086,0.07626083766621086,False,5415.424041152379,,
1974.51,1974,51,326.45519225900136,0.7457142857142856,331.6115672476363,320.2150422476492,1975,0.19744010027824405,1975-09-16,-13.780373627874496,13.780373627874496,-0.042212144130767855,0.042212144130767855,False,5415.424041152379,,
1974.52,1974,52,308.67712064027495,0.7714285714285714,316.52242407738737,302.30479186612183,1975,0.18668792256323827,1975-09-23,-17.778071618726415,17.778071618726415,-0.05759439372069484,0.05759439372069484,False,5415.424041152379,,
1974.53,1974,53,299.18021087320443,0.7859999999999999,299.18021087320443,299.18021087320443,1975,0.025849170219444863,1975-09-30,-9.49690976707052,9.49690976707052,-0.03174310807306505,0.03174310807306505,False,5415.424041152379,,
1975.01,1975,1,287.0295346897998,0.8051428571428572,294.72326674738565,281.3222739992266,1975,0.17359546258039094,1975-10-01,-12.150676183404642,12.150676183404642,-0.042332494447082564,0.042332494447082564,False,5434.01921081911,,
1975.02,1975,2,273.6213446904535,0.8284285714285715,275.9224808516464,271.2725109404546,1975,0.16548618926878625,1975-10-08,-13.408189999346291,13.408189999346291,-0.04900271948635773,0.04900271948635773,False,5434.01921081911,,
1975.03,1975,3,262.3618974178048,0.8542857142857143,271.2725109404546,258.7976520087449,1975,0.15867647555828834,1975-10-15,-11.259447272648686,11.259447272648686,-0.04291571064039949,0.04291571064039949,False,5434.01921081911,,
1975.04,1975,4,247.83402763026245,0.8775714285714286,256.6827889882703,239.64129376144416,1975,0.14989001991078277,1975-10-22,-14.527869787542357,14.527869787542357,-0.05861935072618895,0.05861935072618895,False,5434.01921081911,,
1975.05,1975,5,242.96997704692643,0.8844285714285712,246.1954239432886,239.64129376144416,1975,0.1469482421179811,1975-10-29,-4.864050583336024,4.864050583336024,-0.020019142457245228,0.020019142457245228,False,5434.01921081911,,True
1975.06,1975,6,252.18820396899244,0.8710000000000001,256.6827889882703,246.1954239432886,1975,0.15252342576044667,1975-11-05,9.218226922066009,9.218226922066009,0.03655296630448039,0.03655296630448039,False,5434.01921081911,,
1975.07,1975,7,254.80546785020292,0.8675714285714287,258.7976520087449,246.1954239432886,1975,0.15410634695580278,1975-11-12,2.6172638812104765,2.6172638812104765,0.01027161584597209,0.01027161584597209,False,5434.01921081911,,
1975.08,1975,8,276.4375429657285,0.8247142857142856,290.5219447532691,264.1051871975735,1975,0.1671894259856726,1975-11-19,21.632075115525566,21.632075115525566,0.07825302917776047,0.07825302917776047,False,5434.01921081911,,
1975.09,1975,9,296.673212619068,0.7895714285714286,329.2057950036568,283.6079686159883,1975,0.17942795899201233,1975-11-26,20.235669653339528,20.235669653339528,0.06820861740329207,0.06820861740329207,False,5434.01921081911,,
1975.1,1975,10,359.65626089271075,0.7002857142857143,417.85777193562865,331.6115672476363,1975,0.2175201065879115,1975-12-03,62.98304827364274,62.98304827364274,0.1751201219667666,0.1751201219667666,False,5434.01921081911,,
1975.11,1975,11,387.53090551767843,0.6669999999999999,398.1467533267305,377.11676084070143,1975,0.2343786916570919,1975-12-10,27.874644624967686,27.874644624967686,0.07192883000578155,0.07192883000578155,False,5434.01921081911,,
1975.12,1975,12,418.385587133561,0.6321428571428571,435.49688511870175,402.90237744418727,1975,0.2530396030983777,1975-12-17,30.854681615882555,30.854681615882555,0.07374699933445086,0.07374699933445086,False,5434.01921081911,,
1975.13,1975,13,447.54492463052674,0.5978571428571428,462.56506724863937,430.9578316629287,1975,0.2706751704165426,1975-12-24,29.159337496965748,29.159337496965748,0.06515398989506675,0.06515398989506675,False,5434.01921081911,,
1975.14,1975,14,508.1321714716822,0.5461428571428572,516.7730027239134,479.56309760929685,1975,0.3073183373060735,1975-12-31,60.58724684115549,60.58724684115549,0.11923521131456634,0.11923521131456634,False,5434.01921081911,,
1975.15,1975,15,549.2601028191436,0.516,563.9275439778775,527.3375978981461,1976,0.33219251018501816,1976-01-07,41.12793134746141,41.12793134746141,0.07487878900427566,0.07487878900427566,False,5434.01921081911,,
1975.16,1975,16,588.2069626830144,0.4895714285714286,615.6277736669467,566.8540212047202,1976,0.355747571030687,1976-01-14,38.94685986387071,38.94685986387071,0.06621285080717285,0.06621285080717285,False,5434.01921081911,,
1975.17,1975,17,678.1994973266472,0.44742857142857145,720.3337222668207,636.9257883620418,1976,0.41017505598315623,1976-01-21,89.9925346436329,89.9925346436329,0.13269330779272015,0.13269330779272015,False,5434.01921081911,,
1975.18,1975,18,729.7772667711967,0.4248571428571428,739.6475434553279,720.3337222668207,1976,0.4413692909432197,1976-01-28,51.5777694445494,51.5777694445494,0.07067604294218213,0.07067604294218213,False,5434.01921081911,,
1975.19,1975,19,769.9148373418351,0.40757142857142853,803.6892968412517,748.233943314839,1976,0.46564449362434196,1976-02-04,40.137570570638445,40.137570570638445,0.05213248092375408,0.05213248092375408,False,5434.01921081911,,
1975.2,1975,20,834.0993943650208,0.38428571428571434,863.4849952911484,803.6892968412517,1976,0.5044633137119646,1976-02-11,64.18455702318568,64.18455702318568,0.07695072968138023,0.07695072968138023,False,5434.01921081911,,
1975.21,1975,21,925.4682972300521,0.3534285714285715,997.6786758623872,876.9576328351801,1976,0.5597232261647355,1976-02-18,91.36890286503137,91.36890286503137,0.09872720993090806,0.09872720993090806,False,5434.01921081911,,
1975.22,1975,22,1146.2470996687293,0.29014285714285715,1246.0803627849048,1042.8375986738163,1976,0.6932502458796476,1976-02-25,220.7788024386772,220.7788024386772,0.19261012961558052,0.19261012961558052,False,5434.01921081911,,
1975.23,1975,23,2108.7099764813206,0.16671428571428573,2831.488197054909,1446.688358904274,1976,1.275347793775903,1976-03-03,962.4628768125913,962.4628768125913,0.4564225936933234,0.4564225936933234,False,5434.01921081911,,
1975.24,1975,24,3426.1633181934535,0.06342857142857142,3901.1982400680877,2931.535401286021,1976,2.072143574843401,1976-03-10,1317.453341712133,1317.453341712133,0.384527303388094,0.384527303388094,False,5434.01921081911,,
1975.25,1975,25,4316.033000945554,0.02957142857142857,4702.805776155369,3970.8114329461437,1976,2.610336758971871,1976-03-17,889.8696827521003,889.8696827521003,0.2061776827371682,0.2061776827371682,False,5434.01921081911,,
1975.26,1975,26,5062.578099618367,0.016571428571428574,5344.849128363103,4777.528239398511,1976,3.061847234649188,1976-03-24,746.5450986728129,746.5450986728129,0.14746342357248568,0.14746342357248568,False,5434.01921081911,,
1975.27,1975,27,5342.720758279602,0.01257142857142857,5434.01921081911,5241.107544094253,1976,3.2312775146075032,1976-03-31,280.14265866123515,280.14265866123515,0.052434456400720315,0.052434456400720315,True,5434.01921081911,True,
1975.28,1975,28,4999.065434373316,0.01742857142857143,5204.912720179142,4760.069740871789,1976,3.0234347747089814,1976-04-07,-343.65532390628596,343.65532390628596,-0.06874391392105607,0.06874391392105607,False,5434.01921081911,,
1975.29,1975,29,4488.239568849456,0.02542857142857143,4611.9837179133565,4432.218100140775,1976,2.7144872912401516,1976-04-14,-510.82586552385965,510.82586552385965,-0.11381430462608037,0.11381430462608037,False,5434.01921081911,,
1975.3,1975,30,4387.387237477274,0.02814285714285714,4415.415344009801,4352.723084314373,1976,2.653491801226255,1976-04-21,-100.85233137218256,100.85233137218256,-0.022986877135142546,0.022986877135142546,False,5434.01921081911,,
1975.31,1975,31,4463.522571049255,0.026,4501.386000873192,4401.902674556776,1976,2.6995384509705893,1976-04-28,76.13533357198139,76.13533357198139,0.01705723055279275,0.01705723055279275,True,5434.01921081911,,
1975.32,1975,32,4331.32015747248,0.029142857142857144,4462.335028912899,4140.75694918423,1976,2.6195824312393556,1976-05-05,-132.20241357677514,132.20241357677514,-0.03052242936802926,0.03052242936802926,False,5434.01921081911,,
1975.33,1975,33,3953.4388539599145,0.039,4056.5448687282815,3826.663621858017,1976,2.391039818874956,1976-05-12,-377.8813035125654,377.8813035125654,-0.09558293866972678,0.09558293866972678,False,5434.01921081911,,
1975.34,1975,34,3472.2719776687127,0.058857142857142865,3670.338943913297,3313.0406406455268,1976,2.1000300920940376,1976-05-19,-481.1668762912018,481.1668762912018,-0.1385740746651585,0.1385740746651585,False,5434.01921081911,,
1975.35,1975,35,3048.6058984597476,0.08342857142857144,3227.9047484993603,2895.457390346268,1976,1.8437968473884556,1976-05-26,-423.66607920896513,423.66607920896513,-0.13897043216475263,0.13897043216475263,False,5434.01921081911,,
1975.36,1975,36,2656.6501530575106,0.11214285714285713,2831.488197054909,2487.9248257129457,1976,1.6067420125691825,1976-06-02,-391.95574540223697,391.95574540223697,-0.14753758410799375,0.14753758410799375,False,5434.01921081911,,
1975.37,1975,37,2269.91536191483,0.14714285714285716,2423.365591149523,2139.216866369918,1976,1.3728448108860896,1976-06-09,-386.7347911426805,386.7347911426805,-0.1703741018856505,0.1703741018856505,False,5434.01921081911,,
1975.38,1975,38,1964.8181820574787,0.17971428571428572,2094.7380107984795,1832.2961330880007,1976,1.188322036508363,1976-06-16,-305.0971798573514,305.0971798573514,-0.15528010817665883,0.15528010817665883,False,5434.01921081911,,
1975.39,1975,39,1655.4177164473563,0.21214285714285713,1783.4177282502415,1528.006983766956,1976,1.001196634907361,1976-06-23,-309.4004656101224,309.4004656101224,-0.18690174844456645,0.18690174844456645,False,5434.01921081911,,
1975.4,1975,40,1378.720177926511,0.24771428571428572,1484.8531389610919,1255.1079922777674,1976,0.8338499636099539,1976-06-30,-276.6975385208452,276.6975385208452,-0.20069158553766656,0.20069158553766656,False,5434.01921081911,,
1975.41,1975,41,1157.2261596811873,0.28471428571428575,1216.5619918456675,1096.4988223473633,1976,0.6998903813751821,1976-07-07,-221.4940182453238,221.4940182453238,-0.1914008047539686,0.1914008047539686,False,5434.01921081911,,
1975.42,1975,42,1009.1955122460071,0.329,1082.8793953113418,929.9006238828883,1976,0.6103614458063852,1976-07-14,-148.03064743518019,148.03064743518019,-0.14668183284498734,0.14668183284498734,False,5434.01921081911,,
1975.43,1975,43,837.2415236156622,0.38285714285714284,906.4211780013767,760.52821131929,1976,0.5063636734827525,1976-07-21,-171.95398863034484,171.95398863034484,-0.20538158199291695,0.20538158199291695,False,5434.01921081911,,
1975.44,1975,44,696.4951691872357,0.4388571428571429,739.6475434553279,654.21608557748,1976,0.4212402783244401,1976-07-28,-140.74635442842657,140.74635442842657,-0.20207800521095984,0.20207800521095984,False,5434.01921081911,,
1975.45,1975,45,600.8740520877793,0.4827142857142857,636.9257883620418,566.8540212047202,1976,0.3634086267026889,1976-08-04,-95.62111709945634,95.62111709945634,-0.1591367055495474,0.1591367055495474,False,5434.01921081911,,
1975.46,1975,46,548.7217653806764,0.5168571428571429,563.9275439778775,527.3375978981461,1976,0.33186692370223314,1976-08-11,-52.15228670710292,52.15228670710292,-0.09504322590688963,0.09504322590688963,False,5434.01921081911,,
1975.47,1975,47,497.7757571300494,0.5511428571428573,523.0192327708844,479.56309760929685,1976,0.30105477791225377,1976-08-18,-50.94600825062702,50.94600825062702,-0.10234730703712598,0.10234730703712598,False,5434.01921081911,,
1975.48,1975,48,463.34341243991094,0.5811428571428571,472.4927083802066,453.07261391760653,1976,0.2802300958436581,1976-08-25,-34.43234469013845,34.43234469013845,-0.07431279643930157,0.07431279643930157,False,5434.01921081911,,
1975.49,1975,49,438.0065493627761,0.6087142857142858,453.07261391760653,422.4698189706656,1976,0.26490636105460696,1976-09-01,-25.336863077134808,25.336863077134808,-0.05784585439189338,0.05784585439189338,False,5434.01921081911,,
1975.5,1975,50,409.7092993601885,0.6411428571428572,420.28892993659525,402.90237744418727,1976,0.247792184253042,1976-09-08,-28.297250002587646,28.297250002587646,-0.06906665298243726,0.06906665298243726,False,5434.01921081911,,
1975.51,1975,51,394.67884782649105,0.6598571428571429,398.1467533267305,386.53109723034976,1976,0.2387017671654618,1976-09-15,-15.03045153369743,15.03045153369743,-0.038082738957181526,0.038082738957181526,False,5434.01921081911,,
1975.52,1975,52,377.64821534334425,0.6792857142857143,380.8369423592014,377.11676084070143,1976,0.22840164063965457,1976-09-22,-17.030632483146803,17.030632483146803,-0.045096552270644685,0.045096552270644685,False,5434.01921081911,,
1975.53,1975,53,375.0634431115754,0.684,377.11676084070143,373.01012538244936,1976,0.06481096296968022,1976-09-29,-2.584772231768852,2.584772231768852,-0.006891560026019181,0.006891560026019181,False,5434.01921081911,,
1976.01,1976,1,373.59678759077104,0.6868571428571428,377.11676084070143,373.01012538244936,1976,0.22595133713489834,1976-10-01,-1.466655520804352,1.466655520804352,-0.003925771231231493,0.003925771231231493,False,2831.488197054909,,
1976.02,1976,2,379.2425788512728,0.677142857142857,380.8369423592014,377.11676084070143,1976,0.2293659116892498,1976-10-08,5.645791260501767,5.645791260501767,0.014887018429214593,0.014887018429214593,False,2831.488197054909,,
1976.03,1976,3,380.3054878565585,0.6757142857142858,380.8369423592014,377.11676084070143,1976,0.23000875905564658,1976-10-15,1.0629090052856895,1.0629090052856895,0.002794882112473201,0.002794882112473201,False,2831.488197054909,,
1976.04,1976,4,381.9323892483152,0.6745714285714287,386.53109723034976,377.11676084070143,1976,0.23099270901738103,1976-10-22,1.6269013917566895,1.6269013917566895,0.004259658090162528,0.004259658090162528,False,2831.488197054909,,
1976.05,1976,5,383.93112480307076,0.6722857142857143,389.13393637134163,377.11676084070143,1976,0.23220154428089718,1976-10-29,1.9987355547555694,1.9987355547555694,0.005205974263693203,0.005205974263693203,False,2831.488197054909,,
1976.06,1976,6,374.0142891255351,0.6848571428571429,377.11676084070143,370.36474529587133,1976,0.2262038420631236,1976-11-05,-9.916835677535687,9.916835677535687,-0.026514590393649843,0.026514590393649843,False,2831.488197054909,,
1976.07,1976,7,369.44115061018846,0.6905714285714286,373.01012538244936,364.6825175805071,1976,0.22343800788904195,1976-11-12,-4.5731385153466135,4.5731385153466135,-0.012378530404080263,0.012378530404080263,False,2831.488197054909,,True
1976.08,1976,8,379.26676763055923,0.6784285714285715,398.1467533267305,370.36474529587133,1976,0.22938054106296224,1976-11-19,9.825617020370771,9.825617020370771,0.02590687573750682,0.02590687573750682,False,2831.488197054909,,
1976.09,1976,9,395.64286723655147,0.657,402.90237744418727,389.13393637134163,1976,0.23928480610466632,1976-11-26,16.376099605992238,16.376099605992238,0.041391115478397106,0.041391115478397106,False,2831.488197054909,,
1976.1,1976,10,420.28583359394815,0.6290000000000001,426.6328809909446,408.00454625357366,1976,0.25418887215761987,1976-12-03,24.642966357396688,24.642966357396688,0.05863382581009157,0.05863382581009157,False,2831.488197054909,,
1976.11,1976,11,443.6856168435191,0.6025714285714285,467.1571483252964,430.9578316629287,1976,0.2683410610669603,1976-12-10,23.39978324957093,23.39978324957093,0.052739557833860695,0.052739557833860695,False,2831.488197054909,,
1976.12,1976,12,495.7190671694301,0.553,512.1178199937132,472.4927083802066,1976,0.2998108918240713,1976-12-17,52.03345032591102,52.03345032591102,0.10496560203549057,0.10496560203549057,False,2831.488197054909,,
1976.13,1976,13,529.9981799528016,0.5308571428571429,550.9983234585969,512.1178199937132,1976,0.3205428992354544,1976-12-24,34.27911278337149,34.27911278337149,0.06467779339624181,0.06467779339624181,False,2831.488197054909,,
1976.14,1976,14,576.9831084034805,0.49814285714285716,623.8090120652902,550.9983234585969,1976,0.348959383962425,1976-12-31,46.98492845067892,46.98492845067892,0.0814320692692145,0.0814320692692145,False,2831.488197054909,,
1976.15,1976,15,617.043028803807,0.4742857142857142,623.8090120652902,601.777842158206,1977,0.37318762382054255,1977-01-07,40.05992040032652,40.05992040032652,0.06492240983256264,0.06492240983256264,False,2831.488197054909,,
1976.16,1976,16,688.6189253323204,0.44342857142857145,779.3663976124346,636.9257883620418,1977,0.4164767260409874,1977-01-14,71.57589652851334,71.57589652851334,0.10394122771745135,0.10394122771745135,False,2831.488197054909,,
1976.17,1976,17,752.4203437449844,0.416,817.7246825595828,705.8654488603318,1977,0.4550638238969665,1977-01-21,63.80141841266402,63.80141841266402,0.08479491409696392,0.08479491409696392,False,2831.488197054909,,
1976.18,1976,18,872.3757703786108,0.3698571428571428,914.0536783798912,847.0875422650073,1977,0.5276128659249839,1977-01-28,119.95542663362642,119.95542663362642,0.1375043080134674,0.1375043080134674,False,2831.488197054909,,
1976.19,1976,19,892.8300836903342,0.36342857142857143,957.9333972550563,858.5276662376176,1977,0.5399836346159139,1977-02-04,20.454313311723354,20.454313311723354,0.02290952521131406,0.02290952521131406,False,2831.488197054909,,
1976.2,1976,20,964.9662545399436,0.341,1022.7291742398579,924.6839937244496,1977,0.5836115907457579,1977-02-11,72.13617084960947,72.13617084960947,0.07475512279338829,0.07475512279338829,False,2831.488197054909,,
1976.21,1976,21,1154.733620884556,0.28728571428571426,1231.9889272331854,1027.8009259147987,1977,0.6983828939109795,1977-02-18,189.76736634461247,189.76736634461247,0.1643386517136703,0.1643386517136703,False,2831.488197054909,,
1976.22,1976,22,1499.0519224463465,0.2322857142857143,1716.4923972873114,1291.2130338573666,1977,0.9066266026955504,1977-02-25,344.31830156179035,344.31830156179035,0.22969071077930864,0.22969071077930864,False,2831.488197054909,,
1976.23,1976,23,1951.981346141159,0.18114285714285713,2019.8353690960687,1783.4177282502415,1977,1.1805583181461727,1977-03-04,452.9294236948126,452.9294236948126,0.23203573363557065,0.23203573363557065,False,2831.488197054909,,
1976.24,1976,24,2079.9847506521714,0.1682857142857143,2130.077665449665,2019.8353690960687,1977,1.2579747771944332,1977-03-11,128.00340451101238,128.00340451101238,0.06154054950204678,0.06154054950204678,False,2831.488197054909,,
1976.25,1976,25,2169.4984020913093,0.15842857142857142,2217.372657831301,2130.077665449665,1977,1.312112633584824,1977-03-18,89.5136514391379,89.5136514391379,0.041260067927614205,0.041260067927614205,False,2831.488197054909,,
1976.26,1976,26,2313.139039121191,0.14171428571428574,2395.739198274402,2231.78898915399,1977,1.3989864908604963,1977-03-25,143.64063702988187,143.64063702988187,0.06209770990871949,0.06209770990871949,False,2831.488197054909,,
1976.27,1976,27,2521.7830250506604,0.12257142857142857,2591.896796157977,2423.365591149523,1977,1.5251743735506393,1977-04-01,208.64398592946918,208.64398592946918,0.08273669219629937,0.08273669219629937,False,2831.488197054909,,
1976.28,1976,28,2639.5537581154126,0.11357142857142857,2645.619049709331,2616.8987263392482,1977,1.5964021129082018,1977-04-08,117.77073306475222,117.77073306475222,0.04461766793067254,0.04461766793067254,True,2831.488197054909,,
1976.29,1976,29,2635.4508547768296,0.11385714285714287,2645.619049709331,2616.8987263392482,1977,1.5939206769690264,1977-04-15,-4.102903338583019,4.102903338583019,-0.0015568126915159089,0.0015568126915159089,False,2831.488197054909,,
1976.3,1976,30,2623.1421447610796,0.11471428571428573,2645.619049709331,2616.8987263392482,1977,1.586476369151501,1977-04-22,-12.308710015749966,12.308710015749966,-0.004692353420622985,0.004692353420622985,False,2831.488197054909,,
1976.31,1976,31,2719.1116782150007,0.10742857142857143,2769.1490746977324,2671.4046921253907,1977,1.6445187429844323,1977-04-29,95.96953345392103,95.96953345392103,0.035294443484175535,0.035294443484175535,False,2831.488197054909,,
1976.32,1976,32,2821.116357579513,0.09971428571428571,2831.488197054909,2782.206511497961,1977,1.7062111730640896,1977-05-06,102.00467936451241,102.00467936451241,0.03615755836885484,0.03615755836885484,True,2831.488197054909,True,
1976.33,1976,33,2790.122185812702,0.10214285714285713,2831.488197054909,2742.499149867776,1977,1.6874658979795216,1977-05-13,-30.994171766811178,30.994171766811178,-0.011108535649231165,0.011108535649231165,False,2831.488197054909,,
1976.34,1976,34,2576.1129086515452,0.11842857142857142,2704.817472781681,2450.1297002835204,1977,1.5580330871524544,1977-05-20,-214.00927716115666,214.00927716115666,-0.08307449430591102,0.08307449430591102,False,2831.488197054909,,
1976.35,1976,35,2287.374160070019,0.14500000000000002,2395.739198274402,2169.222343577076,1977,1.3834038920103473,1977-05-27,-288.7387485815261,288.7387485815261,-0.1262315337918688,0.1262315337918688,False,2831.488197054909,,
1976.36,1976,36,2011.822069512554,0.175,2139.216866369918,1902.1320729105275,1977,1.2167499876411927,1977-06-03,-275.55209055746514,275.55209055746514,-0.13696643193909733,0.13696643193909733,False,2831.488197054909,,
1976.37,1976,37,1725.2483064936841,0.20414285714285715,1835.7736825262566,1609.5195834351925,1977,1.0434301757673803,1977-06-10,-286.57376301886984,286.57376301886984,-0.16610580745984865,0.16610580745984865,False,2831.488197054909,,
1976.38,1976,38,1455.7170140032802,0.23699999999999996,1559.6365373841436,1327.7083044595875,1977,0.8804176500691838,1977-06-17,-269.531292490404,269.531292490404,-0.18515363212605596,0.18515363212605596,False,2831.488197054909,,
1976.39,1976,39,1185.5204900757872,0.27928571428571425,1297.4934435018629,1107.711819429938,1977,0.7170027923978362,1977-06-24,-270.196523927493,270.196523927493,-0.22791383716212282,0.22791383716212282,False,2831.488197054909,,
1976.4,1976,40,1017.7087953226048,0.32657142857142857,1086.4244972913411,941.1240560143013,1977,0.6155102794111112,1977-07-01,-167.81169475318234,167.81169475318234,-0.16489166205936884,0.16489166205936884,False,2831.488197054909,,
1976.41,1976,41,851.1719946910106,0.37757142857142856,914.0536783798912,794.2548359930772,1977,0.5147888223891233,1977-07-08,-166.53680063159425,166.53680063159425,-0.19565587410103857,0.19565587410103857,False,2831.488197054909,,
1976.42,1976,42,718.0942459026904,0.4295714285714286,760.52821131929,673.1577568282033,1977,0.4343033999219472,1977-07-15,-133.07774878832015,133.07774878832015,-0.1853207285083212,0.1853207285083212,False,2831.488197054909,,
1976.43,1976,43,624.9947481748032,0.47128571428571436,659.9420006160087,589.2318351168824,1977,0.37799682369612103,1977-07-22,-93.09949772788718,93.09949772788718,-0.14896044806739467,0.14896044806739467,False,2831.488197054909,,
1976.44,1976,44,569.6733018366355,0.5005714285714287,583.0034913422678,556.2195342976412,1977,0.3445384129507971,1977-07-29,-55.32144633816779,55.32144633816779,-0.09711082853946393,0.09711082853946393,False,2831.488197054909,,
1976.45,1976,45,532.9126660914613,0.5288571428571429,550.9983234585969,516.7730027239134,1977,0.3223055804521158,1977-08-05,-36.76063574517411,36.76063574517411,-0.06898060054527781,0.06898060054527781,False,2831.488197054909,,
1976.46,1976,46,488.3774622891048,0.5572857142857143,512.1178199937132,477.3484869166725,1977,0.2953706891924506,1977-08-12,-44.535203802356534,44.535203802356534,-0.09119012903177959,0.09119012903177959,False,2831.488197054909,,
1976.47,1976,47,460.9380478087942,0.5841428571428571,470.1789493868897,453.07261391760653,1977,0.27877533131475873,1977-08-19,-27.43941448031063,27.43941448031063,-0.05952950642879674,0.05952950642879674,False,2831.488197054909,,
1976.48,1976,48,437.3563364972209,0.6091428571428572,445.541354005931,426.6328809909446,1977,0.2645131123135192,1977-08-26,-23.581711311573258,23.581711311573258,-0.05391875993026364,0.05391875993026364,False,2831.488197054909,,
1976.49,1976,49,409.43086112073075,0.6421428571428571,422.4698189706656,398.1467533267305,1977,0.24762378480581798,1977-09-02,-27.92547537649017,27.92547537649017,-0.0682055947127436,0.0682055947127436,False,2831.488197054909,,
1976.5,1976,50,383.9399586684954,0.6714285714285714,391.8169121240828,373.01012538244936,1977,0.23220688700270603,1977-09-09,-25.490902452235332,25.490902452235332,-0.0663929395123077,0.0663929395123077,False,2831.488197054909,,
1976.51,1976,51,357.86898383136395,0.7015714285714286,373.01012538244936,346.9384943839358,1977,0.21643916142120892,1977-09-16,-26.070974837131473,26.070974837131473,-0.07285061297577192,0.07285061297577192,False,2831.488197054909,,
1976.52,1976,52,341.26966127484053,0.7220000000000001,346.9384943839358,335.4728177879068,1977,0.20639989113902354,1977-09-23,-16.59932255652342,16.59932255652342,-0.04863990105219228,0.04863990105219228,False,2831.488197054909,,
1976.53,1976,53,335.4728177879068,0.731,335.4728177879068,335.4728177879068,1977,0.02898485145687515,1977-09-30,-5.79684348693371,5.79684348693371,-0.017279622012769454,0.017279622012769454,False,2831.488197054909,,
1977.01,1977,1,329.2239834602568,0.7405714285714288,331.6115672476363,325.6607962357874,1977,0.19911466519676327,1977-10-01,-6.248834327650002,6.248834327650002,-0.018980495472937946,0.018980495472937946,False,6347.584761383252,,
1977.02,1977,2,322.99613753001006,0.7514285714285714,325.6607962357874,316.52242407738737,1977,0.19534806397815008,1977-10-08,-6.227845930246758,6.227845930246758,-0.019281487320163757,0.019281487320163757,False,6347.584761383252,,
1977.03,1977,3,303.2848848262303,0.7794285714285714,311.8155700798613,299.18021087320443,1977,0.1834266983429041,1977-10-15,-19.711252703779735,19.711252703779735,-0.0649925324009255,0.0649925324009255,False,6347.584761383252,,
1977.04,1977,4,291.4950960643908,0.7977142857142858,299.18021087320443,283.6079686159883,1977,0.17629623409974357,1977-10-22,-11.789788761839532,11.789788761839532,-0.04044592489211272,0.04044592489211272,False,6347.584761383252,,
1977.05,1977,5,282.9549130111992,0.8138571428571428,283.6079686159883,281.3222739992266,1977,0.1711311313891733,1977-10-29,-8.540183053191583,8.540183053191583,-0.030182133832938846,0.030182133832938846,False,6347.584761383252,,
1977.06,1977,6,277.946621890211,0.8207142857142858,283.6079686159883,273.7644374568714,1977,0.16810211691919963,1977-11-05,-5.00829112098819,5.00829112098819,-0.01801889545168304,0.01801889545168304,False,6347.584761383252,,True
1977.07,1977,7,291.92901070866145,0.7971428571428572,311.8155700798613,275.9224808516464,1977,0.17655866567659845,1977-11-12,13.982388818450431,13.982388818450431,0.04789653753324482,0.04789653753324482,False,6347.584761383252,,
1977.08,1977,8,330.7997558992979,0.7381428571428571,335.4728177879068,309.0284073518941,1977,0.20006769236789537,1977-11-19,38.870745190636455,38.870745190636455,0.11750536237538667,0.11750536237538667,False,6347.584761383252,,
1977.09,1977,9,338.452893998132,0.7258571428571428,346.9384943839358,331.6115672476363,1977,0.20469631029007024,1977-11-26,7.65313809883412,7.65313809883412,0.022612121906915528,0.022612121906915528,False,6347.584761383252,,
1977.1,1977,10,388.5204947941639,0.6658571428571429,422.4698189706656,350.2192051008483,1977,0.23497719525151034,1977-12-03,50.067600796031854,50.067600796031854,0.12886733510044923,0.12886733510044923,False,6347.584761383252,,
1977.11,1977,11,477.87813485126026,0.5742857142857144,562.8280752081156,426.6328809909446,1977,0.2890206959580422,1977-12-10,89.35764005709638,89.35764005709638,0.18698834188115548,0.18698834188115548,False,6347.584761383252,,
1977.12,1977,12,609.3604577313871,0.4788571428571429,618.6506296297572,589.2318351168824,1977,0.3685412048359429,1977-12-17,131.48232288012684,131.48232288012684,0.2157710123981916,0.2157710123981916,False,6347.584761383252,,
1977.13,1977,13,661.1471372088555,0.45442857142857146,733.8512888156049,623.8090120652902,1977,0.3998617885839158,1977-12-24,51.7866794774684,51.7866794774684,0.07832852411052496,0.07832852411052496,False,6347.584761383252,,
1977.14,1977,14,901.2824253704692,0.36328571428571427,1050.5490333418047,751.6655881559767,1977,0.5450956108640598,1977-12-31,240.13528816161374,240.13528816161374,0.2664373357362504,0.2664373357362504,False,6347.584761383252,,
1977.15,1977,15,891.9496461256159,0.36357142857142855,941.1240560143013,847.0875422650073,1978,0.5394511459767726,1978-01-07,-9.332779244853327,9.332779244853327,-0.010463347662496817,0.010463347662496817,False,6347.584761383252,,
1977.16,1977,16,962.4102671336572,0.34142857142857147,997.6786758623872,929.9006238828883,1978,0.5820657295624359,1978-01-14,70.46062100804124,70.46062100804124,0.07321266554844001,0.07321266554844001,False,6347.584761383252,,
1977.17,1977,17,1070.3924194019016,0.3111428571428571,1082.8793953113418,1027.8009259147987,1978,0.6473733352542703,1978-01-21,107.98215226824448,107.98215226824448,0.10088090153756991,0.10088090153756991,False,6347.584761383252,,
1977.18,1977,18,1121.6034724645763,0.29400000000000004,1141.726989184771,1107.711819429938,1978,0.6783457801465756,1978-01-28,51.21105306267464,51.21105306267464,0.04565878612175217,0.04565878612175217,False,6347.584761383252,,
1977.19,1977,19,1231.1681439489705,0.26942857142857146,1297.4934435018629,1182.7486219934508,1978,0.7446104934603373,1978-02-04,109.56467148439424,109.56467148439424,0.0889924516183189,0.0889924516183189,False,6347.584761383252,,
1977.2,1977,20,1429.2103832668702,0.2404285714285714,1511.0711996298642,1311.0784203230735,1978,0.864386439799803,1978-02-11,198.04223931789966,198.04223931789966,0.13856759063365978,0.13856759063365978,False,6347.584761383252,,
1977.21,1977,21,1647.9218974632488,0.21257142857142858,1726.1698191997614,1551.1556592265113,1978,0.9966631635857728,1978-02-18,218.71151419637863,218.71151419637863,0.13271958733788003,0.13271958733788003,False,6347.584761383252,,
1977.22,1977,22,2028.2366662424142,0.1732857142857143,2195.2181702718217,1783.4177282502415,1978,1.2266775357434117,1978-02-25,380.31476877916543,380.31476877916543,0.18751005496994122,0.18751005496994122,False,6347.584761383252,,
1977.23,1977,23,2424.4196546505495,0.13142857142857142,2591.896796157977,2301.531632213161,1978,1.4662890071326526,1978-03-04,396.1829884081353,396.1829884081353,0.16341353595619165,0.16341353595619165,False,6347.584761383252,,
1977.24,1977,24,2996.0236612642134,0.08814285714285715,3417.233058807453,2671.4046921253907,1978,1.8119951103325957,1978-03-11,571.6040066136638,571.6040066136638,0.1907875475097108,0.1907875475097108,False,6347.584761383252,,
1977.25,1977,25,4085.7785168013575,0.03742857142857143,4720.128111260116,3470.2255127941166,1978,2.471078846961461,1978-03-18,1089.754855537144,1089.754855537144,0.26671902332833325,0.26671902332833325,False,6347.584761383252,,
1977.26,1977,26,5158.079771402714,0.015285714285714286,5396.328800163887,4856.042745855138,1978,3.119606645744361,1978-03-25,1072.3012546013565,1072.3012546013565,0.2078876834255996,0.2078876834255996,False,6347.584761383252,,
1977.27,1977,27,5607.598849571281,0.009428571428571429,5786.7571979437635,5452.641164881446,1978,3.3914757842207104,1978-04-01,449.5190781685669,449.5190781685669,0.08016248847810041,0.08016248847810041,False,6347.584761383252,,
1977.28,1977,28,6123.994171224059,0.005714285714285713,6307.94999405605,5866.99193481021,1978,3.70379167475631,1978-04-08,516.395321652778,516.395321652778,0.08432328758235269,0.08432328758235269,False,6347.584761383252,,
1977.29,1977,29,6316.47478549658,0.005,6347.584761383252,6248.693210582999,1978,3.8202039502683314,1978-04-15,192.48061427252105,192.48061427252105,0.03047279072727097,0.03047279072727097,True,6347.584761383252,True,
1977.3,1977,30,6097.148560925705,0.005857142857142857,6307.94999405605,5905.397022681663,1978,3.687555449647867,1978-04-22,-219.32622457087473,219.32622457087473,-0.03597193382763423,0.03597193382763423,False,6347.584761383252,,
1977.31,1977,31,5653.254846744727,0.009,5866.99193481021,5513.419393582916,1978,3.419088531311211,1978-04-29,-443.89371418097835,443.89371418097835,-0.07852002540387552,0.07852002540387552,False,6347.584761383252,,
1977.32,1977,32,5241.081317929068,0.014142857142857143,5396.328800163887,5026.681589958155,1978,3.1698059810835,1978-05-06,-412.17352881565876,412.17352881565876,-0.07864284177497226,0.07864284177497226,False,6347.584761383252,,
1977.33,1977,33,4628.181152663224,0.022714285714285715,4873.665761819121,4385.141126032038,1978,2.799123961130718,1978-05-13,-612.9001652658444,612.9001652658444,-0.13242786854035724,0.13242786854035724,False,6347.584761383252,,
1977.34,1977,34,4008.031122926238,0.037714285714285714,4273.309782167689,3811.676948218156,1978,2.4240572231457884,1978-05-20,-620.1500297369857,620.1500297369857,-0.1547268498464698,0.1547268498464698,False,6347.584761383252,,
1977.35,1977,35,3461.039576104988,0.059571428571428574,3618.6658099503607,3313.0406406455268,1978,2.093236735628297,1978-05-27,-546.9915468212498,546.9915468212498,-0.15804255767477454,0.15804255767477454,False,6347.584761383252,,
1977.36,1977,36,2999.1825223142782,0.08671428571428572,3210.822806441037,2802.8093610937553,1978,1.8139055894956757,1978-06-03,-461.85705379070987,461.85705379070987,-0.15399431356859342,0.15399431356859342,False,6347.584761383252,,
1977.37,1977,37,2567.2827797115,0.11928571428571429,2742.499149867776,2384.832211470341,1978,1.5526926251695152,1978-06-10,-431.89974260277813,431.89974260277813,-0.16823224384004676,0.16823224384004676,False,6347.584761383252,,
1977.38,1977,38,2204.100639631329,0.1542857142857143,2327.3604518173347,2076.7821263719575,1978,1.3330400668490276,1978-06-17,-363.18214008017094,363.18214008017094,-0.16477566112449335,0.16477566112449335,False,6347.584761383252,,
1977.39,1977,39,1882.543920810058,0.1878571428571428,2019.8353690960687,1745.9668486656192,1978,1.1385625633059229,1978-06-24,-321.55671882127126,321.55671882127126,-0.17080967687750176,0.17080967687750176,False,6347.584761383252,,
1977.4,1977,40,1578.5214559096326,0.22071428571428572,1707.8301963432584,1454.6784350498776,1978,0.9546897765341457,1978-07-01,-304.02246490042535,304.02246490042535,-0.19259951378059068,0.19259951378059068,False,6347.584761383252,,
1977.41,1977,41,1316.3717454377968,0.25657142857142856,1431.7953534582748,1195.2983332432605,1978,0.7961416316407794,1978-07-08,-262.14971047183576,262.14971047183576,-0.19914565272338813,0.19914565272338813,False,6347.584761383252,,
1977.42,1977,42,1126.339976793834,0.29414285714285715,1182.7486219934508,1073.2959927204865,1978,0.6812104179649107,1978-07-15,-190.03176864396278,190.03176864396278,-0.16871617145730264,0.16871617145730264,False,6347.584761383252,,
1977.43,1977,43,995.2770573227207,0.33314285714285713,1066.3481241083625,924.6839937244496,1978,0.6019435642687815,1978-07-22,-131.06291947111333,131.06291947111333,-0.13168485951406383,0.13168485951406383,False,6347.584761383252,,
1977.44,1977,44,849.3760169184495,0.3788571428571429,905.4211927358452,803.6892968412517,1978,0.5137026150322782,1978-07-29,-145.90104040427116,145.90104040427116,-0.1717743820146966,0.1717743820146966,False,6347.584761383252,,
1977.45,1977,45,752.9802463133885,0.4147142857142857,794.2548359930772,720.3337222668207,1978,0.45540245297033743,1978-08-05,-96.39577060506099,96.39577060506099,-0.12801898997618763,0.12801898997618763,False,6347.584761383252,,
1977.46,1977,46,676.3803748482435,0.44814285714285723,712.0837013457431,636.9257883620418,1978,0.4090748507082177,1978-08-12,-76.59987146514504,76.59987146514504,-0.1132496954577244,0.1132496954577244,False,6347.584761383252,,
1977.47,1977,47,607.9114961442192,0.47928571428571426,630.1125986840717,583.0034913422678,1978,0.36766487286802374,1978-08-19,-68.46887870402429,68.46887870402429,-0.11262968234405774,0.11262968234405774,False,6347.584761383252,,
1977.48,1977,48,565.1032973613696,0.504,583.0034913422678,550.9983234585969,1978,0.34177447424415636,1978-08-26,-42.80819878284956,42.80819878284956,-0.07575287382454392,0.07575287382454392,False,6347.584761383252,,
1977.49,1977,49,536.5177729237997,0.5264285714285715,550.9983234585969,523.0192327708844,1978,0.3244859490643141,1978-09-02,-28.585524437569916,28.585524437569916,-0.053279734391259104,0.053279734391259104,False,6347.584761383252,,
1977.5,1977,50,503.8539519861347,0.5475714285714286,523.0192327708844,486.02502639130836,1978,0.30473087016121425,1978-09-09,-32.66382093766504,32.66382093766504,-0.0648279542294111,0.0648279542294111,False,6347.584761383252,,
1977.51,1977,51,470.6068564999534,0.5734285714285716,477.3484869166725,462.56506724863937,1978,0.2846230268111718,1978-09-16,-33.24709548618131,33.24709548618131,-0.07064728239076262,0.07064728239076262,False,6347.584761383252,,
1977.52,1977,52,450.2881450258078,0.5955714285714284,459.26044279675483,440.0331111664572,1978,0.2723342701116086,1978-09-23,-20.318711474145573,20.318711474145573,-0.045123798391319025,0.045123798391319025,False,6347.584761383252,,
1977.53,1977,53,435.49688511870175,0.611,435.49688511870175,435.49688511870175,1978,0.03762693087425584,1978-09-30,-14.791259907106053,14.791259907106053,-0.03396410034729515,0.03396410034729515,False,6347.584761383252,,
1978.01,1978,1,431.6976222913748,0.6151428571428571,440.0331111664572,426.6328809909446,1978,0.2610907219618235,1978-10-01,-3.79926282732697,3.79926282732697,-0.008800749948913672,0.008800749948913672,False,5326.301133333888,,
1978.02,1978,2,418.3441252413527,0.6325714285714286,422.4698189706656,413.7323824701425,1978,0.25301452694597004,1978-10-08,-13.3534970500221,13.3534970500221,-0.031919886629979924,0.031919886629979924,False,5326.301133333888,,
1978.03,1978,3,405.2774150469303,0.6472857142857144,413.7323824701425,398.1467533267305,1978,0.2451117806203834,1978-10-15,-13.066710194422399,13.066710194422399,-0.03224139739666791,0.03224139739666791,False,5326.301133333888,,True
1978.04,1978,4,406.63140461261327,0.6448571428571429,420.28892993659525,391.8169121240828,1978,0.24593067350970851,1978-10-22,1.35398956568298,1.35398956568298,0.0033297712629276363,0.0033297712629276363,False,5326.301133333888,,
1978.05,1978,5,441.7123700758261,0.6054285714285715,467.1571483252964,422.4698189706656,1978,0.2671476414218596,1978-10-29,35.080965463212806,35.080965463212806,0.07942038267388951,0.07942038267388951,False,5326.301133333888,,
1978.06,1978,6,487.0219924674812,0.5584285714285714,494.68108319071365,470.1789493868897,1978,0.29455090104433257,1978-11-05,45.309622391655125,45.309622391655125,0.09303403766654435,0.09303403766654435,False,5326.301133333888,,
1978.07,1978,7,518.5366123273491,0.5391428571428571,532.5192229643311,512.1178199937132,1978,0.31361094313558074,1978-11-12,31.514619859867878,31.514619859867878,0.060776074650583954,0.060776074650583954,False,5326.301133333888,,
1978.08,1978,8,551.125354759293,0.5151428571428572,566.8540212047202,537.7325322740754,1978,0.3333206145584204,1978-11-19,32.588742431943956,32.588742431943956,0.05913127050047854,0.05913127050047854,False,5326.301133333888,,
1978.09,1978,9,584.7443893292091,0.4911428571428572,618.6506296297572,566.8540212047202,1978,0.3536534066663056,1978-11-26,33.61903456991604,33.61903456991604,0.05749355647256778,0.05749355647256778,False,5326.301133333888,,
1978.1,1978,10,666.9078428052425,0.45199999999999996,682.3088631722309,623.8090120652902,1978,0.40334586332861067,1978-12-03,82.1634534760334,82.1634534760334,0.1232006106427326,0.1232006106427326,False,5326.301133333888,,
1978.11,1978,11,686.0712813672897,0.4434285714285714,691.9065967426677,682.3088631722309,1978,0.41493591097093674,1978-12-10,19.16343856204719,19.16343856204719,0.02793213924339737,0.02793213924339737,False,5326.301133333888,,
1978.12,1978,12,705.0816351507335,0.4354285714285714,728.4970702319307,691.9065967426677,1978,0.4264333729391636,1978-12-17,19.01035378344386,19.01035378344386,0.026961918784595484,0.026961918784595484,False,5326.301133333888,,
1978.13,1978,13,750.4292027813798,0.4145714285714286,768.4460718744957,733.8512888156049,1978,0.45385958184217834,1978-12-24,45.34756763064627,45.34756763064627,0.06042884187151927,0.06042884187151927,False,5326.301133333888,,
1978.14,1978,14,800.4485255637849,0.39757142857142863,834.6935677067364,783.7426792233937,1978,0.48411126826097706,1978-12-31,50.019322782405084,50.019322782405084,0.062489118519113596,0.062489118519113596,False,5326.301133333888,,
1978.15,1978,15,875.4791016566284,0.36914285714285716,905.4211927358452,843.5265543863715,1979,0.5294897606819287,1979-01-07,75.03057609284349,75.03057609284349,0.08570230397375177,0.08570230397375177,False,5326.301133333888,,
1978.16,1978,16,935.4486083985155,0.34914285714285714,976.7769450097452,905.4211927358452,1979,0.5657593183594221,1979-01-14,59.96950674188713,59.96950674188713,0.06410775130079535,0.06410775130079535,False,5326.301133333888,,
1978.17,1978,17,1030.5453920157704,0.3235714285714285,1073.2959927204865,989.4775076349575,1979,0.6232738530911379,1979-01-21,95.09678361725491,95.09678361725491,0.09227811249657177,0.09227811249657177,False,5326.301133333888,,
1978.18,1978,18,1118.7008449100433,0.29557142857142854,1151.4124173518942,1080.0406798008228,1979,0.6765902710015942,1979-01-28,88.15545289427291,88.15545289427291,0.07880163253238773,0.07880163253238773,False,5326.301133333888,,
1978.19,1978,19,1210.9575363540682,0.2722857142857143,1269.7472452468235,1172.2200796855432,1979,0.7323871179869403,1979-02-04,92.25669144402491,92.25669144402491,0.0761849104319462,0.0761849104319462,False,5326.301133333888,,
1978.2,1978,20,1392.2004548801121,0.24557142857142855,1466.3705361774826,1311.0784203230735,1979,0.8420028351114918,1979-02-11,181.24291852604392,181.24291852604392,0.13018449885627387,0.13018449885627387,False,5326.301133333888,,
1978.21,1978,21,1693.0490557969472,0.2077142857142857,1801.689870916998,1551.1556592265113,1979,1.0239560689459937,1979-02-18,300.84860091683504,300.84860091683504,0.17769632834130755,0.17769632834130755,False,5326.301133333888,,
1978.22,1978,22,1952.003687924843,0.1811428571428572,2076.7821263719575,1835.7736825262566,1979,1.1805718304569446,1979-02-25,258.9546321278958,258.9546321278958,0.13266093385468347,0.13266093385468347,False,5326.301133333888,,
1978.23,1978,23,2251.8766985575235,0.14885714285714285,2384.832211470341,2130.077665449665,1979,1.36193502728759,1979-03-04,299.87301063268046,299.87301063268046,0.13316582156774792,0.13316582156774792,False,5326.301133333888,,
1978.24,1978,24,2639.2283699779,0.11342857142857142,2840.311133494523,2450.1297002835204,1979,1.596205318162634,1979-03-11,387.35167142037653,387.35167142037653,0.1467670156272305,0.1467670156272305,False,5326.301133333888,,
1978.25,1978,25,3114.320084534848,0.07928571428571429,3313.0406406455268,2914.698847593973,1979,1.883540787126676,1979-03-18,475.09171455694786,475.09171455694786,0.15255070181005725,0.15255070181005725,False,5326.301133333888,,
1978.26,1978,26,3462.412524319042,0.05928571428571428,3573.2680912123824,3355.9174512398436,1979,2.094067094708156,1979-03-25,348.0924397841941,348.0924397841941,0.1005346524538274,0.1005346524538274,False,5326.301133333888,,
1978.27,1978,27,3880.2115874189744,0.04157142857142858,4091.3024114860686,3688.949790985967,1979,2.346751968070996,1979-04-01,417.7990630999325,417.7990630999325,0.10767429911672487,0.10767429911672487,False,5326.301133333888,,
1978.28,1978,28,4854.664384734012,0.019857142857142858,5278.010080717362,4336.075193196632,1979,2.936101019887131,1979-04-08,974.4527973150375,974.4527973150375,0.2007250594663771,0.2007250594663771,False,5326.301133333888,,
1978.29,1978,29,5277.7346105582155,0.013714285714285715,5326.301133333888,5168.2234116951895,1979,3.191973892465608,1979-04-15,423.0702258242036,423.0702258242036,0.08016133001038797,0.08016133001038797,True,5326.301133333888,True,
1978.3,1978,30,4747.957992730859,0.02085714285714286,5044.696092568841,4462.335028912899,1979,2.871564994003623,1979-04-22,-529.7766178273569,529.7766178273569,-0.11157988731965338,0.11157988731965338,False,5326.301133333888,,
1978.31,1978,31,4026.9735375292394,0.037,4336.075193196632,3845.745055858216,1979,2.4355135954976834,1979-04-29,-720.9844552016193,720.9844552016193,-0.17903878644407017,0.17903878644407017,False,5326.301133333888,,
1978.32,1978,32,3533.710057966052,0.05585714285714286,3803.114617748527,3355.9174512398436,1979,2.137187843057868,1979-05-06,-493.2634795631875,493.2634795631875,-0.13958798867813796,0.13958798867813796,False,5326.301133333888,,
1978.33,1978,33,3041.102682608085,0.08414285714285716,3251.016842748816,2831.488197054909,1979,1.83925890244137,1979-05-13,-492.6073753579667,492.6073753579667,-0.161983144526873,0.161983144526873,False,5326.301133333888,,
1978.34,1978,34,2589.9513188562037,0.11742857142857144,2782.206511497961,2411.0479762115906,1979,1.5664025576442318,1979-05-20,-451.1513637518815,451.1513637518815,-0.1741929898323814,0.1741929898323814,False,5326.301133333888,,
1978.35,1978,35,2217.807671998974,0.15300000000000002,2345.660513136817,2076.7821263719575,1979,1.3413300800249792,1979-05-27,-372.14364685722967,372.14364685722967,-0.1677979797598075,0.1677979797598075,False,5326.301133333888,,
1978.36,1978,36,1895.8195092328187,0.18685714285714286,2028.446564081993,1745.9668486656192,1979,1.1465916391840087,1979-06-03,-321.98816276615526,321.98816276615526,-0.16984114848383125,0.16984114848383125,False,5326.301133333888,,
1978.37,1978,37,1593.2910824245334,0.219,1726.1698191997614,1466.3705361774826,1979,0.9636224466503579,1979-06-10,-302.5284268082853,302.5284268082853,-0.18987643259003467,0.18987643259003467,False,5326.301133333888,,
1978.38,1978,38,1324.8633375298018,0.2552857142857143,1436.9972565708524,1208.137555230546,1979,0.8012773465380241,1979-06-17,-268.42774489473163,268.42774489473163,-0.20260787455649065,0.20260787455649065,False,5326.301133333888,,
1978.39,1978,39,1126.8990445982306,0.2938571428571429,1186.6620966242278,1073.2959927204865,1979,0.68154854217301,1979-06-24,-197.9642929315712,197.9642929315712,-0.1756717195568754,0.1756717195568754,False,5326.301133333888,,
1978.4,1978,40,990.9210654751074,0.33442857142857146,1059.9978690640885,906.4211780013767,1979,0.599309060399345,1979-07-01,-135.9779791231232,135.9779791231232,-0.1372238252478033,0.1372238252478033,False,5326.301133333888,,
1978.41,1978,41,843.3561175382367,0.38114285714285717,891.8619896951615,794.2548359930772,1979,0.5100617798871256,1979-07-08,-147.56494793687068,147.56494793687068,-0.17497347190367687,0.17497347190367687,False,5326.301133333888,,
1978.42,1978,42,734.2735289310397,0.42242857142857143,768.4460718744957,702.6560160658968,1979,0.4440886302974929,1979-07-15,-109.08258860719707,109.08258860719707,-0.14855851982843538,0.14855851982843538,False,5326.301133333888,,
1978.43,1978,43,658.4782242831079,0.456,691.9065967426677,623.8090120652902,1979,0.3982476300464238,1979-07-22,-75.79530464793174,75.79530464793174,-0.11510677476153577,0.11510677476153577,False,5326.301133333888,,
1978.44,1978,44,595.8342168217417,0.48514285714285715,618.6506296297572,571.8920920403683,1979,0.3603605343337895,1979-07-29,-62.644007461366186,62.644007461366186,-0.10513663984508574,0.10513663984508574,False,5326.301133333888,,
1978.45,1978,45,553.8290886963748,0.5128571428571429,566.8540212047202,542.0087505502821,1979,0.33495583284356745,1979-08-05,-42.00512812536692,42.00512812536692,-0.07584492938830693,0.07584492938830693,False,5326.301133333888,,
1978.46,1978,46,530.8882092379614,0.5302857142857144,542.0087505502821,516.7730027239134,1979,0.32108118894711907,1979-08-12,-22.940879458413406,22.940879458413406,-0.043212260244662085,0.043212260244662085,False,5326.301133333888,,
1978.47,1978,47,492.330231946677,0.5547142857142858,512.1178199937132,479.56309760929685,1979,0.29776132428135016,1979-08-19,-38.55797729128443,38.55797729128443,-0.07831730572145841,0.07831730572145841,False,5326.301133333888,,
1978.48,1978,48,461.6375193856656,0.5827142857142856,472.4927083802066,455.65515596238953,1979,0.2791983717244506,1979-08-26,-30.692712561011376,30.692712561011376,-0.06648660750507539,0.06648660750507539,False,5326.301133333888,,
1978.49,1978,49,441.7818774089974,0.6049999999999999,453.07261391760653,435.49688511870175,1979,0.2671896794569616,1979-09-02,-19.85564197666821,19.85564197666821,-0.04494444655158647,0.04494444655158647,False,5326.301133333888,,
1978.5,1978,50,418.73843616645183,0.6314285714285715,430.9578316629287,408.00454625357366,1979,0.2532530061934701,1979-09-09,-23.043441242545555,23.043441242545555,-0.055030633092839856,0.055030633092839856,False,5326.301133333888,,
1978.51,1978,51,391.0814635738142,0.663142857142857,402.90237744418727,377.11676084070143,1979,0.2365260691694428,1979-09-16,-27.656972592637658,27.656972592637658,-0.07071921113289374,0.07071921113289374,False,5326.301133333888,,
1978.52,1978,52,354.2504217323308,0.7065714285714286,373.01012538244936,340.5953058875766,1979,0.21425065506371366,1979-09-23,-36.8310418414834,36.8310418414834,-0.1039689428212246,0.1039689428212246,False,5326.301133333888,,
1978.53,1978,53,338.3210417029997,0.727,338.3210417029997,338.3210417029997,1979,0.029230938003139174,1979-09-30,-15.929380029331071,15.929380029331071,-0.04708362196199112,0.04708362196199112,False,5326.301133333888,,
1979.01,1979,1,333.5375217602386,0.7342857142857142,338.3210417029997,329.2057950036568,1979,0.2017234931605923,1979-10-01,-4.7835199427611315,4.7835199427611315,-0.014341774555127071,0.014341774555127071,False,3067.825784637742,,
1979.02,1979,2,337.75016407783903,0.7270000000000001,340.5953058875766,335.4728177879068,1979,0.20427129923427703,1979-10-08,4.212642317600455,4.212642317600455,0.012472658093600793,0.012472658093600793,False,3067.825784637742,,
1979.03,1979,3,329.43190893115553,0.7407142857142857,335.4728177879068,325.6607962357874,1979,0.19924041852156285,1979-10-15,-8.318255146683498,8.318255146683498,-0.025250301871704364,0.025250301871704364,False,3067.825784637742,,True
1979.04,1979,4,348.9908271461355,0.712,370.36474529587133,335.4728177879068,1979,0.21106965225798274,1979-10-22,19.55891821497994,19.55891821497994,0.056044218625809016,0.056044218625809016,False,3067.825784637742,,
1979.05,1979,5,368.4825809959255,0.689857142857143,386.53109723034976,346.9384943839358,1979,0.22285826498633574,1979-10-29,19.49175384979003,19.49175384979003,0.05289735486846679,0.05289735486846679,False,3067.825784637742,,
1979.06,1979,6,389.62496796000266,0.666142857142857,402.90237744418727,386.53109723034976,1979,0.23564518062220963,1979-11-05,21.14238696407716,21.14238696407716,0.054263429458267044,0.054263429458267044,False,3067.825784637742,,
1979.07,1979,7,428.0365659741425,0.6211428571428571,440.0331111664572,413.7323824701425,1979,0.2588765151011614,1979-11-12,38.41159801413983,38.41159801413983,0.08973905751888556,0.08973905751888556,False,3067.825784637742,,
1979.08,1979,8,471.20740519326944,0.5768571428571428,516.7730027239134,442.79918136912596,1979,0.2849862386608894,1979-11-19,43.17083921912695,43.17083921912695,0.09161748890898709,0.09161748890898709,False,3067.825784637742,,
1979.09,1979,9,552.4812367292297,0.5138571428571429,583.0034913422678,523.0192327708844,1979,0.33414065197383813,1979-11-26,81.27383153596031,81.27383153596031,0.14710695338200688,0.14710695338200688,False,3067.825784637742,,
1979.1,1979,10,614.7477127230464,0.47585714285714287,636.9257883620418,589.2318351168824,1979,0.37179941665489846,1979-12-03,62.2664759938167,62.2664759938167,0.10128785305764729,0.10128785305764729,False,3067.825784637742,,
1979.11,1979,11,667.1370256396896,0.4527142857142858,702.6560160658968,647.6489852382476,1979,0.40348447310688434,1979-12-10,52.38931291664312,52.38931291664312,0.07852856445257136,0.07852856445257136,False,3067.825784637742,,
1979.12,1979,12,760.4564646258053,0.4115714285714286,803.6892968412517,705.8654488603318,1979,0.4599240698056871,1979-12-17,93.31943898611576,93.31943898611576,0.12271503146736358,0.12271503146736358,False,3067.825784637742,,
1979.13,1979,13,814.1953563743326,0.3912857142857143,843.5265543863715,794.2548359930772,1979,0.4924253515351964,1979-12-24,53.738891748527294,53.738891748527294,0.06600245423632756,0.06600245423632756,False,3067.825784637742,,
1979.14,1979,14,867.3898353541465,0.3718571428571429,905.4211927358452,847.0875422650073,1979,0.5245973724221878,1979-12-31,53.19447897981388,53.19447897981388,0.061327072109503236,0.061327072109503236,False,3067.825784637742,,
1979.15,1979,15,982.9190871067094,0.33585714285714285,1059.9978690640885,906.4211780013767,1980,0.594469463882138,1980-01-07,115.52925175256291,115.52925175256291,0.11753688911732428,0.11753688911732428,False,3067.825784637742,,
1979.16,1979,16,1206.4785459568332,0.2765714285714286,1414.1459885179058,1089.4560494851628,1980,0.7296782245946927,1980-01-14,223.55945885012375,223.55945885012375,0.18529915811542538,0.18529915811542538,False,3067.825784637742,,
1979.17,1979,17,1911.9325502964405,0.18557142857142855,2155.2089572641244,1528.006983766956,1980,1.1563368064192874,1980-01-21,705.4540043396073,705.4540043396073,0.3689743156630857,0.3689743156630857,False,3067.825784637742,,
1979.18,1979,18,2230.0976860704855,0.15142857142857144,2276.101843596241,2187.823512835168,1980,1.3487630805354296,1980-01-28,318.165135774045,318.165135774045,0.14266869911634397,0.14266869911634397,False,3067.825784637742,,
1979.19,1979,19,2267.2995497858014,0.14700000000000002,2293.9632006513275,2231.78898915399,1980,1.3712627677104523,1980-02-04,37.201863715315994,37.201863715315994,0.01640800560244921,0.01640800560244921,True,3067.825784637742,,
1979.2,1979,20,2258.3483446696196,0.14842857142857144,2335.160165612593,2195.2181702718217,1980,1.365849078856186,1980-02-11,-8.951205116181882,8.951205116181882,-0.003963606915341211,0.003963606915341211,False,3067.825784637742,,
1979.21,1979,21,2269.2308318291193,0.14714285714285716,2300.8362912687603,2221.9458555412634,1980,1.3724308070902513,1980-02-18,10.88248715949976,10.88248715949976,0.004795672175284127,0.004795672175284127,True,3067.825784637742,,
1979.22,1979,22,2245.7913137373366,0.14971428571428572,2276.101843596241,2221.9458555412634,1980,1.358254586548341,1980-02-25,-23.439518091782702,23.439518091782702,-0.010437086450733393,0.010437086450733393,False,3067.825784637742,,
1979.23,1979,23,2337.816728143652,0.139,2411.0479762115906,2276.101843596241,1980,1.4139115571812808,1980-03-03,92.02541440631558,92.02541440631558,0.03936382749702905,0.03936382749702905,False,3067.825784637742,,
1979.24,1979,24,2538.8106351299452,0.12114285714285714,2616.8987263392482,2423.365591149523,1980,1.5354726721265908,1980-03-10,200.99390698629304,200.99390698629304,0.07916853041542639,0.07916853041542639,False,3067.825784637742,,
1979.25,1979,25,2698.756054202209,0.10914285714285714,2749.2151184112568,2645.619049709331,1980,1.632207661581496,1980-03-17,159.94541907226358,159.94541907226358,0.05926634933276537,0.05926634933276537,False,3067.825784637742,,
1979.26,1979,26,2835.905230984177,0.09857142857142856,2914.698847593973,2769.1490746977324,1980,1.7151554836992302,1980-03-24,137.14917678196798,137.14917678196798,0.048361692514799416,0.048361692514799416,False,3067.825784637742,,
1979.27,1979,27,2966.5019269130003,0.08914285714285715,3020.841272673107,2931.535401286021,1980,1.7941403653969827,1980-03-31,130.59669592882346,130.59669592882346,0.04402380283121034,0.04402380283121034,False,3067.825784637742,,
1979.28,1979,28,3038.2996552062746,0.08371428571428571,3067.825784637742,3020.841272673107,1980,1.837563631468755,1980-04-07,71.7977282932743,71.7977282932743,0.023630891103925643,0.023630891103925643,True,3067.825784637742,True,
1979.29,1979,29,3001.211837029653,0.08657142857142856,3067.825784637742,2942.868341840209,1980,1.815132919035534,1980-04-14,-37.08781817662157,37.08781817662157,-0.012357614254023458,0.012357614254023458,False,3067.825784637742,,
1979.3,1979,30,2853.153826920004,0.09757142857142856,2931.535401286021,2769.1490746977324,1980,1.7255874345212185,1980-04-21,-148.05801010964888,148.05801010964888,-0.05189275415601351,0.05189275415601351,False,3067.825784637742,,
1979.31,1979,31,2670.0962667505523,0.111,2742.499149867776,2591.896796157977,1980,1.6148742221307342,1980-04-28,-183.0575601694518,183.0575601694518,-0.06855841208760191,0.06855841208760191,False,3067.825784637742,,
1979.32,1979,32,2485.7545274328127,0.12557142857142858,2567.771472034419,2411.0479762115906,1980,1.5033843381913652,1980-05-05,-184.34173931773967,184.34173931773967,-0.07415926926144248,0.07415926926144248,False,3067.825784637742,,
1979.33,1979,33,2309.68632524726,0.14214285714285715,2384.832211470341,2231.78898915399,1980,1.3968982895095425,1980-05-12,-176.06820218555276,176.06820218555276,-0.07623035226080063,0.07623035226080063,False,3067.825784637742,,
1979.34,1979,34,2136.4402377500364,0.16214285714285714,2217.372657831301,2041.65817572948,1980,1.2921190557912219,1980-05-19,-173.24608749722347,173.24608749722347,-0.08109100570005894,0.08109100570005894,False,3067.825784637742,,
1979.35,1979,35,1906.4801516115024,0.18571428571428572,2019.8353690960687,1783.4177282502415,1980,1.1530391956946366,1980-05-26,-229.96008613853405,229.96008613853405,-0.12062023616881312,0.12062023616881312,False,3067.825784637742,,
1979.36,1979,36,1633.5230701394478,0.2144285714285714,1745.9668486656192,1511.0711996298642,1980,0.9879547528203382,1980-06-02,-272.9570814720546,272.9570814720546,-0.1670971695849715,0.1670971695849715,False,3067.825784637742,,
1979.37,1979,37,1360.1212626584568,0.2501428571428571,1466.3705361774826,1231.9889272331854,1980,0.8226013396558347,1980-06-09,-273.401807480991,273.401807480991,-0.20101281774435842,0.20101281774435842,False,3067.825784637742,,
1979.38,1979,38,1135.1121825037435,0.2911428571428571,1199.561484005937,1073.2959927204865,1980,0.6865158479782641,1980-06-16,-225.00908015471327,225.00908015471327,-0.19822629306858947,0.19822629306858947,False,3067.825784637742,,
1979.39,1979,39,968.781110455725,0.34014285714285714,1050.5490333418047,891.8619896951615,1980,0.5859188156036225,1980-06-23,-166.33107204801854,166.33107204801854,-0.17169107681070972,0.17169107681070972,False,3067.825784637742,,
1979.4,1979,40,816.69922327949,0.39071428571428574,858.5276662376176,779.3663976124346,1980,0.4939396902394355,1980-06-30,-152.081887176235,152.081887176235,-0.1862152954738267,0.1862152954738267,False,3067.825784637742,,
1979.41,1979,41,697.6722523783163,0.4384285714285715,739.6475434553279,659.9420006160087,1980,0.4219521782384056,1980-07-07,-119.02697090117363,119.02697090117363,-0.17060585467663208,0.17060585467663208,False,3067.825784637742,,
1979.42,1979,42,620.0212989015303,0.4734285714285714,647.6489852382476,595.7090611902229,1980,0.3749888815756456,1980-07-14,-77.65095347678607,77.65095347678607,-0.12523917100002455,0.12523917100002455,False,3067.825784637742,,
1979.43,1979,43,569.5155217404589,0.5004285714285713,589.2318351168824,550.9983234585969,1980,0.34444298754862956,1980-07-21,-50.505777161071364,50.505777161071364,-0.08868200291841737,0.08868200291841737,False,3067.825784637742,,
1979.44,1979,44,535.5040035223634,0.5274285714285715,548.1781559247493,523.0192327708844,1980,0.3238728213303254,1980-07-28,-34.01151821809549,34.01151821809549,-0.06351309793088246,0.06351309793088246,False,3067.825784637742,,
1979.45,1979,45,497.64593267733653,0.5514285714285715,516.7730027239134,479.56309760929685,1980,0.30097626008325307,1980-08-04,-37.85807084502687,37.85807084502687,-0.07607430978356508,0.07607430978356508,False,3067.825784637742,,
1979.46,1979,46,469.25716226950726,0.5741428571428572,477.3484869166725,462.56506724863937,1980,0.283806731740598,1980-08-11,-28.38877040782927,28.38877040782927,-0.060497255429262514,0.060497255429262514,False,3067.825784637742,,
1979.47,1979,47,448.05642434067465,0.5982857142857142,459.26044279675483,440.0331111664572,1980,0.27098452544123997,1980-08-18,-21.20073792883261,21.20073792883261,-0.0473171162762145,0.0473171162762145,False,3067.825784637742,,
1979.48,1979,48,423.91950015508667,0.625,435.49688511870175,413.7323824701425,1980,0.25638651369379645,1980-08-25,-24.136924185587986,24.136924185587986,-0.05693751803528202,0.05693751803528202,False,3067.825784637742,,
1979.49,1979,49,394.1799401867443,0.6575714285714286,408.00454625357366,389.13393637134163,1980,0.23840002782494296,1980-09-01,-29.73955996834235,29.73955996834235,-0.07544666010719144,0.07544666010719144,False,3067.825784637742,,
1979.5,1979,50,377.3823035800603,0.68,389.13393637134163,364.6825175805071,1980,0.22824081720522044,1980-09-08,-16.797636606684023,16.797636606684023,-0.044510928168417584,0.044510928168417584,False,3067.825784637742,,
1979.51,1979,51,351.62658546252777,0.7082857142857143,364.6825175805071,340.5953058875766,1980,0.21266375888773684,1980-09-15,-25.755718117532524,25.755718117532524,-0.07324735723168824,0.07324735723168824,False,3067.825784637742,,
1979.52,1979,52,333.47227132235986,0.7341428571428571,340.5953058875766,323.62655383883583,1980,0.20168402969576324,1980-09-22,-18.154314140167912,18.154314140167912,-0.05444025096353082,0.05444025096353082,False,3067.825784637742,,
1979.53,1979,53,314.16899707862433,0.7645,316.52242407738737,311.8155700798613,1980,0.05428840269518628,1980-09-29,-19.30327424373553,19.30327424373553,-0.061442326974436204,0.061442326974436204,False,3067.825784637742,,
1980.01,1980,1,310.6210717678754,0.7677142857142857,311.8155700798613,309.0284073518941,1980,0.18786362420521102,1980-10-01,-3.5479253107489512,3.5479253107489512,-0.01142203679407908,0.01142203679407908,False,3452.248381930785,,
1980.02,1980,2,302.4403500089611,0.7807142857142856,309.0284073518941,299.18021087320443,1980,0.18291592368541965,1980-10-08,-8.180721758914274,8.180721758914274,-0.02704904209597656,0.02704904209597656,False,3452.248381930785,,
1980.03,1980,3,291.9698788090398,0.7969999999999999,294.72326674738565,287.1870699602335,1980,0.17658338270370733,1980-10-15,-10.470471199921292,10.470471199921292,-0.03586147736414073,0.03586147736414073,False,3452.248381930785,,True
1980.04,1980,4,293.6109697871935,0.7962857142857143,316.52242407738737,283.6079686159883,1980,0.17757591452729463,1980-10-22,1.6410909781536702,1.6410909781536702,0.005589338093679258,0.005589338093679258,False,3452.248381930785,,
1980.05,1980,5,333.3747751139686,0.7339999999999999,338.3210417029997,325.6607962357874,1980,0.2016250639889282,1980-10-29,39.76380532677513,39.76380532677513,0.11927658687788043,0.11927658687788043,False,3452.248381930785,,
1980.06,1980,6,353.1428641692829,0.707,380.8369423592014,338.3210417029997,1980,0.2135808042495823,1980-11-05,19.768089055314306,19.768089055314306,0.05597759734382812,0.05597759734382812,False,3452.248381930785,,
1980.07,1980,7,373.1310007625987,0.6845714285714285,380.8369423592014,364.6825175805071,1980,0.22566962926121967,1980-11-12,19.9881365933158,19.9881365933158,0.053568683793264,0.053568683793264,False,3452.248381930785,,
1980.08,1980,8,393.170037098333,0.6595714285714286,402.90237744418727,380.8369423592014,1980,0.2377892384370718,1980-11-19,20.039036335734295,20.039036335734295,0.050967862362111975,0.050967862362111975,False,3452.248381930785,,
1980.09,1980,9,420.15142981613855,0.6298571428571428,440.0331111664572,408.00454625357366,1980,0.2541075847528006,1980-11-26,26.981392717805534,26.981392717805534,0.06421825752113422,0.06421825752113422,False,3452.248381930785,,
1980.1,1980,10,462.40848877285606,0.5821428571428572,472.4927083802066,445.541354005931,1980,0.2796646540098234,1980-12-03,42.257058956717515,42.257058956717515,0.09138469552940018,0.09138469552940018,False,3452.248381930785,,
1980.11,1980,11,502.456733885644,0.5487142857142857,523.0192327708844,479.56309760929685,1980,0.30388583265403746,1980-12-10,40.048245112787924,40.048245112787924,0.07970486295025485,0.07970486295025485,False,3452.248381930785,,
1980.12,1980,12,537.4720333037424,0.5261428571428572,548.1781559247493,527.3375978981461,1980,0.32506308574210346,1980-12-17,35.01529941809838,35.01529941809838,0.06514813283002975,0.06514813283002975,False,3452.248381930785,,
1980.13,1980,13,570.3816908565896,0.5007142857142858,583.0034913422678,556.2195342976412,1980,0.3449668466300654,1980-12-24,32.90965755284719,32.90965755284719,0.05769760509567554,0.05769760509567554,False,3452.248381930785,,
1980.14,1980,14,617.6294742212984,0.47385714285714287,636.9257883620418,589.2318351168824,1980,0.3735423060090413,1980-12-31,47.24778336470888,47.24778336470888,0.07649858910033147,0.07649858910033147,False,3452.248381930785,,
1980.15,1980,15,670.8502126668915,0.451,702.6560160658968,636.9257883620418,1981,0.4057302086209359,1981-01-07,53.22073844559304,53.22073844559304,0.07933326611617195,0.07933326611617195,False,3452.248381930785,,
1980.16,1980,16,742.6975205685627,0.4197142857142858,819.2739407352476,702.6560160658968,1981,0.4491834604398667,1981-01-14,71.84730790167123,71.84730790167123,0.09673831662541357,0.09673831662541357,False,3452.248381930785,,
1980.17,1980,17,829.8973508024604,0.3852857142857143,858.5276662376176,794.2548359930772,1981,0.5019219177653281,1981-01-21,87.19983023389773,87.19983023389773,0.1050730312002813,0.1050730312002813,False,3452.248381930785,,
1980.18,1980,18,906.2362982756267,0.35785714285714293,914.0536783798912,891.8619896951615,1981,0.548091713197099,1981-01-28,76.33894747316629,76.33894747316629,0.0842373535670806,0.0842373535670806,False,3452.248381930785,,
1980.19,1980,19,926.4951076754878,0.3515714285714286,947.0029281802471,914.0536783798912,1981,0.560344241122135,1981-02-04,20.258809399861093,20.258809399861093,0.02186607272076055,0.02186607272076055,False,3452.248381930785,,
1980.2,1980,20,1010.0700026031773,0.32885714285714285,1080.0406798008228,947.0029281802471,1981,0.6108903375744015,1981-02-11,83.57489492768946,83.57489492768946,0.0827416859349334,0.0827416859349334,False,3452.248381930785,,
1980.21,1980,21,1206.893483024391,0.27571428571428575,1297.4934435018629,1125.7884692412713,1981,0.7299291785331516,1981-02-18,196.82348042121362,196.82348042121362,0.16308272700917045,0.16308272700917045,False,3452.248381930785,,
1980.22,1980,22,1349.1931786276366,0.2522857142857143,1399.6225280663384,1311.0784203230735,1981,0.8159920344339946,1981-02-25,142.2996956032457,142.2996956032457,0.10547021572402936,0.10547021572402936,False,3452.248381930785,,
1980.23,1980,23,1464.4622237394663,0.23514285714285715,1551.1556592265113,1431.7953534582748,1981,0.885706752917629,1981-03-04,115.26904511182966,115.26904511182966,0.07871083544749495,0.07871083544749495,False,3452.248381930785,,
1980.24,1980,24,1897.1502913575816,0.18685714285714283,2187.823512835168,1609.5195834351925,1981,1.1473964962130652,1981-03-11,432.6880676181154,432.6880676181154,0.2280726358840491,0.2280726358840491,False,3452.248381930785,,
1980.25,1980,25,2483.1890398885507,0.12671428571428572,2704.817472781681,2261.108087620956,1981,1.5018327313245954,1981-03-18,586.0387485309691,586.0387485309691,0.23600247066057903,0.23600247066057903,False,3452.248381930785,,
1980.26,1980,26,2900.039943840183,0.09399999999999999,3004.2640135053875,2769.1490746977324,1981,1.7539441580345425,1981-03-25,416.85090395163206,416.85090395163206,0.14373971118468296,0.14373971118468296,False,3452.248381930785,,
1980.27,1980,27,3058.5025035952676,0.08257142857142855,3067.825784637742,3020.841272673107,1981,1.8497823141744179,1981-04-01,158.46255975508484,158.46255975508484,0.051810505163494947,0.051810505163494947,True,3452.248381930785,,
1980.28,1980,28,3052.158537209726,0.08285714285714287,3067.825784637742,3049.547329305057,1981,1.8459454833044422,1981-04-08,-6.343966385541535,6.343966385541535,-0.0020785179761144286,0.0020785179761144286,False,3452.248381930785,,
1980.29,1980,29,3115.8574689580573,0.078,3185.838009938993,3067.825784637742,1981,1.884470597225833,1981-04-15,63.69893174833123,63.69893174833123,0.02044346777185291,0.02044346777185291,False,3452.248381930785,,
1980.3,1980,30,3360.637883794339,0.06542857142857143,3441.0052160059477,3227.9047484993603,1981,2.032513792118816,1981-04-22,244.78041483628158,244.78041483628158,0.07283748600724321,0.07283748600724321,False,3452.248381930785,,
1980.31,1980,31,3434.1591497791374,0.06142857142857143,3452.248381930785,3381.83958649344,1981,2.0769794537864223,1981-04-29,73.52126598479845,73.52126598479845,0.021408811525093954,0.021408811525093954,True,3452.248381930785,True,
1980.32,1980,32,3059.2791468631526,0.08285714285714287,3278.6645629042023,2914.698847593973,1981,1.850252028022835,1981-05-06,-374.88000291598473,374.88000291598473,-0.12253867166726837,0.12253867166726837,False,3452.248381930785,,
1980.33,1980,33,2736.6138620820216,0.10585714285714286,2873.0524012848505,2616.8987263392482,1981,1.655104063787207,1981-05-13,-322.66528478113105,322.66528478113105,-0.1179067639947006,0.1179067639947006,False,3452.248381930785,,
1980.34,1980,34,2369.706670669801,0.137,2554.4498794101723,2217.372657831301,1981,1.4331985944210954,1981-05-20,-366.9071914122205,366.9071914122205,-0.15483232416631282,0.15483232416631282,False,3452.248381930785,,
1980.35,1980,35,2042.6729783357944,0.17185714285714287,2161.5709846171685,1902.1320729105275,1981,1.2354086172974883,1981-05-27,-327.0336923340067,327.0336923340067,-0.1601008559874559,0.1601008559874559,False,3452.248381930785,,
1980.36,1980,36,1717.5334857723772,0.20514285714285713,1860.314920798596,1589.152359062425,1981,1.0387642521951337,1981-06-03,-325.1394925634172,325.1394925634172,-0.18930605735305447,0.18930605735305447,False,3452.248381930785,,
1980.37,1980,37,1433.4225149206666,0.23985714285714282,1551.1556592265113,1327.7083044595875,1981,0.8669339370240192,1981-06-10,-284.1109708517106,284.1109708517106,-0.1982046241735186,0.1982046241735186,False,3452.248381930785,,
1980.38,1980,38,1167.912855810416,0.2834285714285715,1269.7472452468235,1086.4244972913411,1981,0.7063536951941396,1981-06-17,-265.5096591102506,265.5096591102506,-0.2273368751695204,0.2273368751695204,False,3452.248381930785,,
1980.39,1980,39,984.9657316249788,0.33585714285714285,1073.2959927204865,891.8619896951615,1981,0.5957072744867872,1981-06-24,-182.94712418543713,182.94712418543713,-0.1857395829229655,0.1857395829229655,False,3452.248381930785,,
1980.4,1980,40,798.5286048482282,0.3972857142857143,863.4849952911484,739.6475434553279,1981,0.48295010021220836,1981-07-01,-186.4371267767507,186.4371267767507,-0.23347582747168555,0.23347582747168555,False,3452.248381930785,,
1980.41,1980,41,685.7061372079039,0.44414285714285723,728.4970702319307,647.6489852382476,1981,0.4147150717833402,1981-07-08,-112.82246764032425,112.82246764032425,-0.16453472051412724,0.16453472051412724,False,3452.248381930785,,
1980.42,1980,42,601.4859196687963,0.48214285714285715,630.1125986840717,571.8920920403683,1981,0.36377868421568804,1981-07-15,-84.22021753910758,84.22021753910758,-0.14002026445686844,0.14002026445686844,False,3452.248381930785,,
1980.43,1980,43,555.8592006602832,0.5114285714285715,566.8540212047202,542.0087505502821,1981,0.3361836445593393,1981-07-22,-45.62671900851308,45.62671900851308,-0.08208323070719149,0.08208323070719149,False,3452.248381930785,,
1980.44,1980,44,526.0026616556278,0.534,537.7325322740754,512.1178199937132,1981,0.3181264097693237,1981-07-29,-29.856539004655474,29.856539004655474,-0.056761193775484074,0.056761193775484074,False,3452.248381930785,,
1980.45,1980,45,482.40081370038035,0.5640000000000001,512.1178199937132,467.1571483252964,1981,0.29175601212599,1981-08-05,-43.60184795524742,43.60184795524742,-0.090385104495965,0.090385104495965,False,3452.248381930785,,
1980.46,1980,46,451.6442097873839,0.5935714285714285,462.56506724863937,440.0331111664572,1981,0.27315441807940977,1981-08-12,-30.756603912996468,30.756603912996468,-0.0680991879149197,0.0680991879149197,False,3452.248381930785,,
1980.47,1980,47,418.6851352069493,0.6305714285714286,435.49688511870175,408.00454625357366,1981,0.253220769773163,1981-08-19,-32.95907458043456,32.95907458043456,-0.07872043167747864,0.07872043167747864,False,3452.248381930785,,
1980.48,1980,48,402.8755148274054,0.6494285714285715,408.00454625357366,391.8169121240828,1981,0.24365911136761487,1981-08-26,-15.809620379543901,15.809620379543901,-0.03924194893382103,0.03924194893382103,False,3452.248381930785,,
1980.49,1980,49,382.30422341131407,0.6734285714285714,389.13393637134163,377.11676084070143,1981,0.23121759431916272,1981-09-02,-20.571291416091356,20.571291416091356,-0.05380869516044839,0.05380869516044839,False,3452.248381930785,,
1980.5,1980,50,358.48808622247054,0.7007142857142857,373.01012538244936,346.9384943839358,1981,0.2168135945473502,1981-09-09,-23.816137188843527,23.816137188843527,-0.0664349475035656,0.0664349475035656,False,3452.248381930785,,
1980.51,1980,51,334.60728031579913,0.7322857142857142,346.9384943839358,320.2150422476492,1981,0.2023704831349953,1981-09-16,-23.880805906671412,23.880805906671412,-0.07136965425298857,0.07136965425298857,False,3452.248381930785,,
1980.52,1980,52,308.2632087885308,0.7728571428571429,320.2150422476492,294.72326674738565,1981,0.18643758867530338,1981-09-23,-26.34407152726834,26.34407152726834,-0.0854596681543675,0.0854596681543675,False,3452.248381930785,,
1980.53,1980,53,290.5219447532691,0.797,290.5219447532691,290.5219447532691,1981,0.02510109602668245,1981-09-30,-17.74126403526168,17.74126403526168,-0.06106686381412172,0.06106686381412172,False,3452.248381930785,,
1981.01,1981,1,282.6948141821514,0.8132857142857143,287.1870699602335,275.9224808516464,1981,0.17097382361736516,1981-10-01,-7.827130571117721,7.827130571117721,-0.027687563331368337,0.027687563331368337,False,1436.9972565708524,,
1981.02,1981,2,270.7625589770338,0.8348571428571429,273.7644374568714,270.26224589706084,1981,0.16375719566931002,1981-10-08,-11.932255205117599,11.932255205117599,-0.04406907384166693,0.04406907384166693,False,1436.9972565708524,,
1981.03,1981,3,269.2690449874722,0.839142857142857,270.26224589706084,266.78604271350054,1981,0.16285391840842317,1981-10-15,-1.4935139895615634,1.4935139895615634,-0.005546549138728699,0.005546549138728699,False,1436.9972565708524,,
1981.04,1981,4,258.42434805928696,0.8618571428571429,264.1051871975735,249.7991800258312,1981,0.15629504570625674,1981-10-22,-10.844696928185272,10.844696928185272,-0.041964687188442915,0.041964687188442915,False,1436.9972565708524,,
1981.05,1981,5,250.267730437245,0.8741428571428571,256.6827889882703,246.1954239432886,1981,0.15136192336844578,1981-10-29,-8.15661762204195,8.15661762204195,-0.03259156746973111,0.03259156746973111,False,1436.9972565708524,,True
1981.06,1981,6,267.59641382436774,0.8444285714285714,281.3222739992266,258.7976520087449,1981,0.16184231108097763,1981-11-05,17.328683387122737,17.328683387122737,0.06475678481437393,0.06475678481437393,False,1436.9972565708524,,
1981.07,1981,7,282.0029039156654,0.8134285714285714,287.1870699602335,273.7644374568714,1981,0.17055535628819446,1981-11-12,14.406490091297655,14.406490091297655,0.051086318230276095,0.051086318230276095,False,1436.9972565708524,,
1981.08,1981,8,292.06687088931807,0.7972857142857143,302.30479186612183,283.6079686159883,1981,0.1766420435138596,1981-11-19,10.063966973652668,10.063966973652668,0.034457749155214934,0.034457749155214934,False,1436.9972565708524,,
1981.09,1981,9,311.7546756001689,0.767,323.62655383883583,306.020121877383,1981,0.18854922780298214,1981-11-26,19.687804710850855,19.687804710850855,0.06315159403126587,0.06315159403126587,False,1436.9972565708524,,
1981.1,1981,10,335.41743618270255,0.7309999999999999,350.2192051008483,329.2057950036568,1981,0.2028604654032985,1981-12-03,23.662760582533622,23.662760582533622,0.07054719889291762,0.07054719889291762,False,1436.9972565708524,,
1981.11,1981,11,380.10095877793754,0.6777142857142857,386.53109723034976,360.34880084276085,1981,0.22988505986889662,1981-12-10,44.68352259523499,44.68352259523499,0.11755698469926772,0.11755698469926772,False,1436.9972565708524,,
1981.12,1981,12,393.92373141310065,0.6614285714285714,398.1467533267305,386.53109723034976,1981,0.23824507275864323,1981-12-17,13.822772635163119,13.822772635163119,0.035089971821645416,0.035089971821645416,False,1436.9972565708524,,
1981.13,1981,13,397.01760214275356,0.6565714285714286,402.90237744418727,391.8169121240828,1981,0.24011624577593732,1981-12-24,3.093870729652906,3.093870729652906,0.007792779748189751,0.007792779748189751,False,1436.9972565708524,,
1981.14,1981,14,417.5209679136207,0.6312857142857143,430.9578316629287,402.90237744418727,1981,0.25251668139415784,1981-12-31,20.503365770867163,20.503365770867163,0.04910739183548986,0.04910739183548986,False,1436.9972565708524,,
1981.15,1981,15,445.9407588269266,0.5995714285714284,459.26044279675483,435.49688511870175,1982,0.26970497093852525,1982-01-07,28.41979091330586,28.41979091330586,0.06372996939787651,0.06372996939787651,False,1436.9972565708524,,
1981.16,1981,16,489.31844783830036,0.5581428571428572,512.1178199937132,467.1571483252964,1982,0.29593979725260405,1982-01-14,43.377689011373775,43.377689011373775,0.08864920013338291,0.08864920013338291,False,1436.9972565708524,,
1981.17,1981,17,531.1541382172044,0.5304285714285715,548.1781559247493,516.7730027239134,1982,0.32124202279376524,1982-01-21,41.83569037890402,41.83569037890402,0.07876374741110685,0.07876374741110685,False,1436.9972565708524,,
1981.18,1981,18,563.5159546039555,0.5045714285714286,571.8920920403683,550.9983234585969,1982,0.34081444934447225,1982-01-28,32.361816386751116,32.361816386751116,0.05742839421378108,0.05742839421378108,False,1436.9972565708524,,
1981.19,1981,19,595.9733896496864,0.48571428571428577,618.6506296297572,577.9502839498093,1982,0.36044470606013035,1982-02-04,32.457435045730904,32.457435045730904,0.05446121523111864,0.05446121523111864,False,1436.9972565708524,,
1981.2,1981,20,627.3783231161767,0.4691428571428572,647.6489852382476,618.6506296297572,1982,0.3794384098206637,1982-02-11,31.40493346649032,31.40493346649032,0.05005740923674663,0.05005740923674663,False,1436.9972565708524,,
1981.21,1981,21,661.1746076594942,0.4551428571428571,673.1577568282033,654.21608557748,1982,0.3998784027124621,1982-02-18,33.79628454331748,33.79628454331748,0.051115521001258137,0.051115521001258137,False,1436.9972565708524,,
1981.22,1981,22,703.0028281877175,0.4367142857142857,720.3337222668207,682.3088631722309,1982,0.4251761104879315,1982-02-25,41.828220528223255,41.828220528223255,0.05949936309083267,0.05949936309083267,False,1436.9972565708524,,
1981.23,1981,23,741.8869379407118,0.4182857142857143,751.6655881559767,728.4970702319307,1982,0.4486932200665426,1982-03-04,38.88410975299439,38.88410975299439,0.05241244691667806,0.05241244691667806,False,1436.9972565708524,,
1981.24,1981,24,784.4360909418018,0.4027142857142857,803.6892968412517,760.52821131929,1982,0.47442694780160183,1982-03-11,42.54915300108996,42.54915300108996,0.05424170750482047,0.05424170750482047,False,1436.9972565708524,,
1981.25,1981,25,834.2194946435426,0.3845714285714286,863.4849952911484,817.7246825595828,1982,0.5045359503604145,1982-03-18,49.78340370174078,49.78340370174078,0.05967662470296616,0.05967662470296616,False,1436.9972565708524,,
1981.26,1981,26,928.9272060027073,0.3514285714285714,989.4775076349575,885.1094475277025,1982,0.5618151741904374,1982-03-25,94.7077113591647,94.7077113591647,0.10195385682232747,0.10195385682232747,False,1436.9972565708524,,
1981.27,1981,27,1080.5401418291926,0.3087142857142857,1150.273452947515,1022.7291742398579,1982,0.6535106777782956,1982-04-01,151.61293582648534,151.61293582648534,0.14031217347448782,0.14031217347448782,False,1436.9972565708524,,
1981.28,1981,28,1279.7597228376362,0.2624285714285714,1365.945584949549,1172.2200796855432,1982,0.7739986803722025,1982-04-08,199.21958100844358,199.21958100844358,0.15566951940533816,0.15566951940533816,False,1436.9972565708524,,
1981.29,1981,29,1409.8175355867668,0.24300000000000002,1431.7953534582748,1392.1184694738974,1982,0.8526576455228766,1982-04-15,130.05781274913056,130.05781274913056,0.09225152153821128,0.09225152153821128,True,1436.9972565708524,True,
1981.3,1981,30,1343.6976771302286,0.25314285714285717,1436.9972565708524,1291.2130338573666,1982,0.8126683551283623,1982-04-22,-66.11985845653817,66.11985845653817,-0.0492073920956328,0.0492073920956328,False,1436.9972565708524,,
1981.31,1981,31,1267.9679923851884,0.2632857142857143,1291.2130338573666,1216.5619918456675,1982,0.7668670417945619,1982-04-29,-75.72968474504023,75.72968474504023,-0.059725233759713676,0.059725233759713676,False,1436.9972565708524,,
1981.32,1981,32,1173.0277146739156,0.2804285714285714,1195.2983332432605,1141.726989184771,1982,0.7094471618347843,1982-05-06,-94.94027771127276,94.94027771127276,-0.08093609087289531,0.08093609087289531,False,1436.9972565708524,,
1981.33,1981,33,1121.4614871242104,0.29471428571428576,1127.726717014242,1096.4988223473633,1982,0.6782599074127225,1982-05-13,-51.56622754970522,51.56622754970522,-0.04598127366989453,0.04598127366989453,False,1436.9972565708524,,
1981.34,1981,34,1078.8764519248666,0.30942857142857144,1089.4560494851628,1059.9978690640885,1982,0.6525044781241593,1982-05-20,-42.58503519934379,42.58503519934379,-0.03947165138637156,0.03947165138637156,False,1436.9972565708524,,
1981.35,1981,35,1018.3252613042274,0.3267142857142858,1050.5490333418047,976.7769450097452,1982,0.6158831180367965,1982-05-27,-60.551190620639204,60.551190620639204,-0.05946154232007152,0.05946154232007152,False,1436.9972565708524,,
1981.36,1981,36,900.9565682574738,0.3605714285714286,957.9333972550563,843.5265543863715,1982,0.5448985324821202,1982-06-03,-117.3686930467536,117.3686930467536,-0.13027119972470436,0.13027119972470436,False,1436.9972565708524,,
1981.37,1981,37,763.2643362897777,0.4112857142857143,817.7246825595828,705.8654488603318,1982,0.4616222705880575,1982-06-10,-137.6922319676961,137.6922319676961,-0.18039914276227947,0.18039914276227947,False,1436.9972565708524,,
1981.38,1981,38,629.056395911856,0.4695714285714286,682.3088631722309,583.0034913422678,1982,0.38045330824749046,1982-06-17,-134.20794037792166,134.20794037792166,-0.2133480261072284,0.2133480261072284,False,1436.9972565708524,,
1981.39,1981,39,551.6382007053771,0.5147142857142858,571.8920920403683,532.5192229643311,1982,0.3336307837866121,1982-06-24,-77.41819520647891,77.41819520647891,-0.14034233870584858,0.14034233870584858,False,1436.9972565708524,,
1981.4,1981,40,498.82033718416096,0.551,523.0192327708844,479.56309760929685,1982,0.3016865399289805,1982-07-01,-52.81786352121617,52.81786352121617,-0.10588554552401135,0.10588554552401135,False,1436.9972565708524,,
1981.41,1981,41,467.72940266142456,0.5770000000000001,477.3484869166725,455.65515596238953,1982,0.2828827427296296,1982-07-08,-31.090934522736404,31.090934522736404,-0.0664720548800782,0.0664720548800782,False,1436.9972565708524,,
1981.42,1981,42,440.44928587604824,0.6054285714285715,445.541354005931,430.9578316629287,1982,0.266383728097834,1982-07-15,-27.280116785376322,27.280116785376322,-0.0619370212648126,0.0619370212648126,False,1436.9972565708524,,
1981.43,1981,43,418.4321416467498,0.6315714285714286,426.6328809909446,408.00454625357366,1982,0.25306775926795433,1982-07-22,-22.017144229298424,22.017144229298424,-0.05261819549198448,0.05261819549198448,False,1436.9972565708524,,
1981.44,1981,44,392.411297978732,0.6614285714285714,402.90237744418727,386.53109723034976,1982,0.23733035301753716,1982-07-29,-26.02084366801779,26.02084366801779,-0.06631012868907783,0.06631012868907783,False,1436.9972565708524,,
1981.45,1981,45,371.33857395484864,0.6877142857142858,380.8369423592014,360.34880084276085,1982,0.2245855695278925,1982-08-05,-21.07272402388338,21.07272402388338,-0.05674800708004451,0.05674800708004451,False,1436.9972565708524,,
1981.46,1981,46,349.0194826446404,0.7104285714285715,353.9823107128336,344.6194637292325,1982,0.21108698310347854,1982-08-12,-22.31909131020825,22.31909131020825,-0.0639479811874364,0.0639479811874364,False,1436.9972565708524,,
1981.47,1981,47,335.23753164590846,0.7317142857142857,344.6194637292325,325.6607962357874,1982,0.20275165913944543,1982-08-19,-13.78195099873193,13.78195099873193,-0.04111100249147816,0.04111100249147816,False,1436.9972565708524,,
1981.48,1981,48,322.164477442613,0.7535714285714284,323.62655383883583,320.2150422476492,1982,0.1948450759572923,1982-08-26,-13.073054203295442,13.073054203295442,-0.04057881957399893,0.04057881957399893,False,1436.9972565708524,,
1981.49,1981,49,310.1260023679971,0.7698571428571428,320.2150422476492,299.18021087320443,1982,0.1875642062321646,1982-09-02,-12.038475074615917,12.038475074615917,-0.0388180126229177,0.0388180126229177,False,1436.9972565708524,,
1981.5,1981,50,283.0958984274634,0.8108571428571428,290.5219447532691,275.9224808516464,1982,0.17121639936892985,1982-09-09,-27.030103940533706,27.030103940533706,-0.09548037993725836,0.09548037993725836,False,1436.9972565708524,,
1981.51,1981,51,273.0524584521809,0.8300000000000001,273.7644374568714,271.2725109404546,1982,0.16514212687187899,1982-09-16,-10.043439975282524,10.043439975282524,-0.0367820895377194,0.0367820895377194,False,1436.9972565708524,,
1981.52,1981,52,258.58097369947615,0.8610000000000001,264.1051871975735,246.1954239432886,1982,0.15638977289344316,1982-09-23,-14.471484752704725,14.471484752704725,-0.05596500216417138,0.05596500216417138,False,1436.9972565708524,,
1981.53,1981,53,243.2796862142866,0.884,243.2796862142866,243.2796862142866,1982,0.02101936488891436,1982-09-30,-15.301287485189533,15.301287485189533,-0.06289586986605938,0.06289586986605938,False,1436.9972565708524,,True
1982.01,1982,1,265.05383091442064,0.8481428571428572,273.7644374568714,256.6827889882703,1982,0.16030455693704163,1982-10-01,21.77414470013403,21.77414470013403,0.08214989621170338,0.08214989621170338,False,1117.0362502238706,,
1982.02,1982,2,271.56762260255755,0.8330000000000002,275.9224808516464,261.382924552137,1982,0.1642440981500268,1982-10-08,6.513791688136905,6.513791688136905,0.02398589207988876,0.02398589207988876,False,1117.0362502238706,,
1982.03,1982,3,258.86485336916166,0.8614285714285713,261.382924552137,256.6827889882703,1982,0.156561463317669,1982-10-15,-12.702769233395884,12.702769233395884,-0.049071046409227034,0.049071046409227034,False,1117.0362502238706,,
1982.04,1982,4,273.82584311075163,0.8304285714285714,283.6079686159883,264.1051871975735,1982,0.16560986991338258,1982-10-22,14.96098974158997,14.96098974158997,0.0546368800388897,0.0546368800388897,False,1117.0362502238706,,
1982.05,1982,5,289.56912338383034,0.7987142857142857,290.5219447532691,287.1870699602335,1982,0.1751314058225406,1982-10-29,15.74328027307871,15.74328027307871,0.05436795224955888,0.05436795224955888,False,1117.0362502238706,,
1982.06,1982,6,295.303496576833,0.7912857142857144,306.020121877383,287.1870699602335,1982,0.1785995547296686,1982-11-05,5.734373193002682,5.734373193002682,0.019418575328351027,0.019418575328351027,False,1117.0362502238706,,
1982.07,1982,7,322.13357847741867,0.7514285714285714,344.6194637292325,309.0284073518941,1982,0.19482638826314283,1982-11-12,26.83008190058564,26.83008190058564,0.08328868423900246,0.08328868423900246,False,1117.0362502238706,,
1982.08,1982,8,370.6843644638166,0.6871428571428572,398.1467533267305,353.9823107128336,1982,0.22418990362771632,1982-11-19,48.550785986397955,48.550785986397955,0.13097608272910338,0.13097608272910338,False,1117.0362502238706,,
1982.09,1982,9,427.1307746921408,0.6209999999999999,459.26044279675483,408.00454625357366,1982,0.2583286925338068,1982-11-26,56.44641022832417,56.44641022832417,0.13215252464308744,0.13215252464308744,False,1117.0362502238706,,
1982.1,1982,10,475.2847077948653,0.5690000000000001,486.02502639130836,467.1571483252964,1982,0.2874521912743345,1982-12-03,48.15393310272452,48.15393310272452,0.10131597401090368,0.10131597401090368,False,1117.0362502238706,,
1982.11,1982,11,511.49997655950403,0.5434285714285715,523.0192327708844,494.68108319071365,1982,0.3093551858231881,1982-12-10,36.21526876463872,36.21526876463872,0.07080209271607994,0.07080209271607994,False,1117.0362502238706,,
1982.12,1982,12,546.4718528016581,0.5191428571428572,562.8280752081156,527.3375978981461,1982,0.3305061765744428,1982-12-17,34.97187624215405,34.97187624215405,0.0639957503078335,0.0639957503078335,False,1117.0362502238706,,
1982.13,1982,13,577.1976295352988,0.49485714285714283,595.7090611902229,566.8540212047202,1982,0.34908912634294875,1982-12-24,30.725776733640714,30.725776733640714,0.053232680041285,0.053232680041285,False,1117.0362502238706,,
1982.14,1982,14,620.4827899309786,0.4735714285714286,647.6489852382476,601.777842158206,1982,0.3752679913502558,1982-12-31,43.28516039567978,43.28516039567978,0.0697604528249603,0.0697604528249603,False,1117.0362502238706,,
1982.15,1982,15,670.4440308280515,0.4508571428571429,691.9065967426677,647.6489852382476,1983,0.40548454984480553,1983-01-07,49.96124089707291,49.96124089707291,0.07451962967791184,0.07451962967791184,False,1117.0362502238706,,
1982.16,1982,16,724.398332274309,0.4265714285714286,733.8512888156049,691.9065967426677,1983,0.4381161113595021,1983-01-14,53.954301446257546,53.954301446257546,0.07448153735647556,0.07448153735647556,False,1117.0362502238706,,
1982.17,1982,17,740.5686665863033,0.41900000000000004,751.6655881559767,728.4970702319307,1983,0.44789592955139623,1983-01-21,16.170334311994225,16.170334311994225,0.02183502359954327,0.02183502359954327,False,1117.0362502238706,,
1982.18,1982,18,778.2702215815217,0.40457142857142864,801.0251437286709,760.52821131929,1983,0.4706978300125043,1983-01-28,37.70155499521843,37.70155499521843,0.04844275670551182,0.04844275670551182,False,1117.0362502238706,,
1982.19,1982,19,816.6049178430582,0.3911428571428572,819.2739407352476,803.6892968412517,1983,0.49388265431148154,1983-02-04,38.334696261536465,38.334696261536465,0.0469439938750209,0.0469439938750209,False,1117.0362502238706,,
1982.2,1982,20,846.0701171568255,0.3778571428571428,847.0875422650073,843.5265543863715,1983,0.511703206856448,1983-02-11,29.465199313767357,29.465199313767357,0.03482595439345337,0.03482595439345337,False,1117.0362502238706,,
1982.21,1982,21,852.168379269674,0.3772857142857143,876.9389119074414,843.5265543863715,1983,0.5153914357822988,1983-02-18,6.098262112848488,6.098262112848488,0.007156170378059352,0.007156170378059352,False,1117.0362502238706,,
1982.22,1982,22,915.4288467804623,0.3565714285714285,941.1240560143013,885.1094475277025,1983,0.5536513665328237,1983-02-25,63.26046751078832,63.26046751078832,0.06910473460965712,0.06910473460965712,False,1117.0362502238706,,
1982.23,1982,23,971.9343321296591,0.33828571428571436,1025.1570830002852,941.1240560143013,1983,0.5878258840720179,1983-03-04,56.50548534919676,56.50548534919676,0.05813714309832483,0.05813714309832483,False,1117.0362502238706,,
1982.24,1982,24,1055.221238392061,0.31685714285714284,1082.8793953113418,1027.8009259147987,1983,0.6381978049795185,1983-03-11,83.28690626240189,83.28690626240189,0.07892838319792911,0.07892838319792911,False,1117.0362502238706,,
1982.25,1982,25,1084.3987247313414,0.30657142857142855,1086.4244972913411,1082.8793953113418,1983,0.6558443487175154,1983-03-18,29.17748633928045,29.17748633928045,0.02690660333126926,0.02690660333126926,False,1117.0362502238706,,
1982.26,1982,26,1096.5543620280007,0.3017142857142857,1117.0362502238706,1086.4244972913411,1983,0.663196078154535,1983-03-25,12.155637296659279,12.155637296659279,0.01108530294310104,0.01108530294310104,True,1117.0362502238706,True,
1982.27,1982,27,1092.7770007834072,0.303,1107.711819429938,1086.4244972913411,1983,0.6609115300738047,1983-04-01,-3.7773612445935214,3.7773612445935214,-0.003456662468084108,0.003456662468084108,False,1117.0362502238706,,
1982.28,1982,28,1076.5921036849904,0.311,1082.8793953113418,1073.2959927204865,1983,0.6511229043086822,1983-04-08,-16.18489709841674,16.18489709841674,-0.015033453285620998,0.015033453285620998,False,1117.0362502238706,,
1982.29,1982,29,1081.2572721624738,0.3092857142857143,1082.8793953113418,1080.0406798008228,1983,0.6539443982038642,1983-04-15,4.665168477483348,4.665168477483348,0.004314577665825255,0.004314577665825255,False,1117.0362502238706,,
1982.3,1982,30,1086.8508003050588,0.3055714285714286,1096.4988223473633,1082.8793953113418,1983,0.6573273640244995,1983-04-22,5.593528142585001,5.593528142585001,0.00514654646342902,0.00514654646342902,True,1117.0362502238706,,
1982.31,1982,31,1078.924687923732,0.3101428571428571,1082.8793953113418,1073.2959927204865,1983,0.6525336512562733,1983-04-29,-7.926112381326675,7.926112381326675,-0.007346307365141099,0.007346307365141099,False,1117.0362502238706,,
1982.32,1982,32,1054.4039161267779,0.31742857142857145,1073.2959927204865,1027.8009259147987,1983,0.6377034884734752,1983-05-06,-24.52077179695425,24.52077179695425,-0.02325557731901098,0.02325557731901098,False,1117.0362502238706,,
1982.33,1982,33,986.3060750267397,0.33499999999999996,1025.1570830002852,952.4350838829193,1983,0.5965179141761721,1983-05-13,-68.09784110003818,68.09784110003818,-0.06904331507660234,0.06904331507660234,False,1117.0362502238706,,
1982.34,1982,34,907.2357318403477,0.3592857142857143,941.1240560143013,858.5276662376176,1983,0.5486961706170423,1983-05-20,-79.07034318639194,79.07034318639194,-0.08715523475469379,0.08715523475469379,False,1117.0362502238706,,
1982.35,1982,35,781.4384309247835,0.40371428571428575,834.6935677067364,728.4970702319307,1983,0.472613963023309,1983-05-27,-125.79730091556428,125.79730091556428,-0.160981717736471,0.160981717736471,False,1117.0362502238706,,
1982.36,1982,36,660.1689917245888,0.45557142857142857,712.0837013457431,601.777842158206,1983,0.39927020619503134,1983-06-03,-121.26943920019471,121.26943920019471,-0.18369453991378354,0.18369453991378354,False,1117.0362502238706,,
1982.37,1982,37,558.5875002252141,0.5095714285714286,589.2318351168824,527.3375978981461,1983,0.33783372013620944,1983-06-10,-101.58149149937469,101.58149149937469,-0.18185421524545137,0.18185421524545137,False,1117.0362502238706,,
1982.38,1982,38,494.1597918911749,0.554,516.7730027239134,472.4927083802066,1983,0.29886784213578255,1983-06-17,-64.42770833403915,64.42770833403915,-0.1303782893534721,0.1303782893534721,False,1117.0362502238706,,
1982.39,1982,39,456.61777088203195,0.5891428571428571,467.1571483252964,445.541354005931,1983,0.276162427829453,1983-06-24,-37.54202100914296,37.54202100914296,-0.08221760825607904,0.08221760825607904,False,1117.0362502238706,,
1982.4,1982,40,431.2398056022027,0.6161428571428571,442.79918136912596,420.28892993659525,1983,0.2608138344282122,1983-07-01,-25.377965279829255,25.377965279829255,-0.058848846860021,0.058848846860021,False,1117.0362502238706,,
1982.41,1982,41,409.72979948150675,0.6430000000000001,417.85777193562865,398.1467533267305,1983,0.2478045827264153,1983-07-08,-21.510006120695948,21.510006120695948,-0.05249802710936774,0.05249802710936774,False,1117.0362502238706,,
1982.42,1982,42,382.59505346997423,0.6727142857142857,391.8169121240828,373.01012538244936,1983,0.2313934883386404,1983-07-15,-27.134746011532513,27.134746011532513,-0.07092288769923166,0.07092288769923166,False,1117.0362502238706,,
1982.43,1982,43,364.72886370757914,0.6948571428571428,373.01012538244936,353.9823107128336,1983,0.22058801677034387,1983-07-22,-17.866189762395095,17.866189762395095,-0.048984852969353385,0.048984852969353385,False,1117.0362502238706,,
1982.44,1982,44,339.3881178772718,0.7242857142857142,346.9384943839358,335.4728177879068,1983,0.20526193369217394,1983-07-29,-25.340745830307355,25.340745830307355,-0.07466597825758584,0.07466597825758584,False,1117.0362502238706,,
1982.45,1982,45,332.07259701406247,0.7361428571428572,335.4728177879068,325.6607962357874,1983,0.200837506674105,1983-08-05,-7.315520863209315,7.315520863209315,-0.022029884215045665,0.022029884215045665,False,1117.0362502238706,,
1982.46,1982,46,319.8576571747155,0.7571428571428571,325.6607962357874,316.52242407738737,1983,0.1934499110592679,1983-08-12,-12.214939839346982,12.214939839346982,-0.038188674134741224,0.038188674134741224,False,1117.0362502238706,,
1982.47,1982,47,304.2138123604058,0.7779999999999999,311.8155700798613,299.18021087320443,1983,0.18398851371557343,1983-08-19,-15.64384481430966,15.64384481430966,-0.05142384789477016,0.05142384789477016,False,1117.0362502238706,,
1982.48,1982,48,286.2794629511726,0.8059999999999999,290.5219447532691,281.3222739992266,1983,0.1731418191928692,1983-08-26,-17.93434940923322,17.93434940923322,-0.06264630101074374,0.06264630101074374,False,1117.0362502238706,,
1982.49,1982,49,273.16872919928653,0.8294285714285715,275.9224808516464,270.26224589706084,1983,0.16521244741972846,1983-09-02,-13.110733751886073,13.110733751886073,-0.04799500217435692,0.04799500217435692,False,1117.0362502238706,,
1982.5,1982,50,260.60766749001215,0.8568571428571428,270.26224589706084,246.1954239432886,1983,0.15761551729795936,1983-09-09,-12.561061709274384,12.561061709274384,-0.04819912564451232,0.04819912564451232,False,1117.0362502238706,,
1982.51,1982,51,238.99978691938298,0.8902857142857142,243.2796862142866,234.76788002600708,1983,0.14454707112884282,1983-09-16,-21.607880570629163,21.607880570629163,-0.09040962274128603,0.09040962274128603,False,1117.0362502238706,,
1982.52,1982,52,228.6092716980996,0.9094285714285715,234.76788002600708,226.3790707324809,1983,0.13826288752301064,1983-09-23,-10.39051522128338,10.39051522128338,-0.04545097906179872,0.04545097906179872,False,1117.0362502238706,,
1982.53,1982,53,222.2828362851385,0.922,222.2828362851385,222.2828362851385,1983,0.019205237055035965,1983-09-30,-6.326435412961104,6.326435412961104,-0.028461196189010836,0.028461196189010836,False,1117.0362502238706,,
1983.01,1983,1,216.45722666912891,0.9308571428571427,220.53049583159046,212.05144921368182,1983,0.13091333068948915,1983-10-01,-5.8256096160095865,5.8256096160095865,-0.02691344477453953,0.02691344477453953,False,1807.794012387604,,True
1983.02,1983,2,219.9554879748535,0.9264285714285715,222.2828362851385,214.75310038088375,1983,0.13302907912719136,1983-10-08,3.498261305724583,3.498261305724583,0.015904405650131008,0.015904405650131008,False,1807.794012387604,,
1983.03,1983,3,224.6892899948159,0.9171428571428573,228.5473327785961,222.2828362851385,1983,0.13589208258886468,1983-10-15,4.733802019962411,4.733802019962411,0.021068213888039037,0.021068213888039037,False,1807.794012387604,,
1983.04,1983,4,229.99024314824015,0.9072857142857141,234.76788002600708,224.67104686473823,1983,0.13909809905605564,1983-10-22,5.300953153424246,5.300953153424246,0.02304860015304005,0.02304860015304005,False,1807.794012387604,,
1983.05,1983,5,247.93726401938252,0.8774285714285714,256.6827889882703,239.64129376144416,1983,0.14995245727892256,1983-10-29,17.94702087114237,17.94702087114237,0.07238533078972494,0.07238533078972494,False,1807.794012387604,,
1983.06,1983,6,255.6994162793504,0.8664285714285714,256.6827889882703,249.7991800258312,1983,0.15464700696575118,1983-11-05,7.762152259967877,7.762152259967877,0.030356550565949523,0.030356550565949523,False,1807.794012387604,,
1983.07,1983,7,261.1140259884377,0.8562857142857142,266.78604271350054,256.6827889882703,1983,0.15792176291780713,1983-11-12,5.414609709087273,5.414609709087273,0.020736571651371327,0.020736571651371327,False,1807.794012387604,,
1983.08,1983,8,280.63776905240894,0.817142857142857,294.72326674738565,270.26224589706084,1983,0.16972972272289694,1983-11-19,19.523743063971267,19.523743063971267,0.06956919280642236,0.06956919280642236,False,1807.794012387604,,
1983.09,1983,9,304.70344517184293,0.7772857142857142,311.8155700798613,294.72326674738565,1983,0.18428464363993063,1983-11-26,24.065676119433988,24.065676119433988,0.07898064987700326,0.07898064987700326,False,1807.794012387604,,
1983.1,1983,10,318.71696025871125,0.7587142857142857,329.2057950036568,311.8155700798613,1983,0.19276001756446856,1983-12-03,14.013515086868324,14.013515086868324,0.04396852641758748,0.04396852641758748,False,1807.794012387604,,
1983.11,1983,11,375.50757339128523,0.682,442.79918136912596,335.4728177879068,1983,0.22710698038704927,1983-12-10,56.79061313257398,56.79061313257398,0.151236931441053,0.151236931441053,False,1807.794012387604,,
1983.12,1983,12,439.87862914441104,0.6062857142857144,470.1789493868897,426.6328809909446,1983,0.2660385949065398,1983-12-17,64.3710557531258,64.3710557531258,0.14633822033666688,0.14633822033666688,False,1807.794012387604,,
1983.13,1983,13,445.97306400596005,0.6007142857142858,459.26044279675483,430.9578316629287,1983,0.26972450911080464,1983-12-24,6.0944348615490185,6.0944348615490185,0.0136654774770603,0.0136654774770603,False,1807.794012387604,,
1983.14,1983,14,481.0456024563576,0.5631428571428572,494.68108319071365,470.1789493868897,1983,0.29093638036560504,1983-12-31,35.07253845039753,35.07253845039753,0.0729089680298646,0.0729089680298646,False,1807.794012387604,,
1983.15,1983,15,505.772365447446,0.5468571428571429,516.7730027239134,494.68108319071365,1984,0.30589112662261536,1984-01-07,24.726762991088435,24.726762991088435,0.04888911431373518,0.04888911431373518,False,1807.794012387604,,
1983.16,1983,16,534.4779551773019,0.5277142857142858,556.2195342976412,523.0192327708844,1984,0.32325226729123213,1984-01-14,28.70558972985583,28.70558972985583,0.05370771507373649,0.05370771507373649,False,1807.794012387604,,
1983.17,1983,17,581.4664566941298,0.49400000000000005,608.7950640130589,562.8280752081156,1984,0.3516709130086097,1984-01-21,46.98850151682791,46.98850151682791,0.08081033905889672,0.08081033905889672,False,1807.794012387604,,
1983.18,1983,18,633.9821672425567,0.46671428571428575,659.9420006160087,615.6277736669467,1984,0.3834324147482983,1984-01-28,52.51571054842691,52.51571054842691,0.08283468094511057,0.08283468094511057,False,1807.794012387604,,
1983.19,1983,19,681.190175756183,0.4458571428571429,702.6560160658968,666.8063237852695,1984,0.4119838182973395,1984-02-04,47.20800851362628,47.20800851362628,0.0693022450906916,0.0693022450906916,False,1807.794012387604,,
1983.2,1983,20,728.1089627445251,0.4254285714285714,748.233943314839,705.8654488603318,1984,0.4403603006678887,1984-02-11,46.91878698834216,46.91878698834216,0.06443923834076572,0.06443923834076572,False,1807.794012387604,,
1983.21,1983,21,775.9288171560735,0.406,803.6892968412517,751.4844032114961,1984,0.46928174861599314,1984-02-18,47.81985441154836,47.81985441154836,0.06162917699953098,0.06162917699953098,False,1807.794012387604,,
1983.22,1983,22,845.76787772703,0.3807142857142857,885.1094475277025,817.7246825595828,1984,0.5115204124493078,1984-02-25,69.83906057095658,69.83906057095658,0.08257473759661631,0.08257473759661631,False,1807.794012387604,,
1983.23,1983,23,956.6266490862143,0.3442857142857143,1042.8375986738163,905.4211927358452,1984,0.5785677973673424,1984-03-03,110.85877135918429,110.85877135918429,0.115885096306985,0.115885096306985,False,1807.794012387604,,
1983.24,1983,24,1144.3744041502043,0.2895714285714286,1246.0803627849048,1066.3481241083625,1984,0.6921176396300435,1984-03-10,187.74775506398998,187.74775506398998,0.16406147706825785,0.16406147706825785,False,1807.794012387604,,
1983.25,1983,25,1439.745062983088,0.23971428571428577,1645.7136786211431,1297.4934435018629,1984,0.8707578140921719,1984-03-17,295.3706588328837,295.3706588328837,0.2051548336070615,0.2051548336070615,False,1807.794012387604,,
1983.26,1983,26,1765.4042583903606,0.19985714285714282,1801.689870916998,1693.819307089167,1984,1.0677164954744898,1984-03-24,325.6591954072726,325.6591954072726,0.18446720849319706,0.18446720849319706,False,1807.794012387604,,
1983.27,1983,27,1791.0909232968104,0.19685714285714287,1807.794012387604,1767.625484109115,1984,1.083251790409911,1984-03-31,25.686664906449778,25.686664906449778,0.01434135172723061,0.01434135172723061,True,1807.794012387604,True,
1983.28,1983,28,1730.855215860263,0.20342857142857143,1751.5174261192885,1707.8301963432584,1984,1.046821234552287,1984-04-07,-60.2357074365475,60.2357074365475,-0.03480112425614374,0.03480112425614374,False,1807.794012387604,,
1983.29,1983,29,1692.5573517412067,0.20785714285714288,1716.4923972873114,1645.7136786211431,1984,1.0236586863330819,1984-04-14,-38.29786411905616,38.29786411905616,-0.022627217966739794,0.022627217966739794,False,1807.794012387604,,
1983.3,1983,30,1586.5102530014208,0.21942857142857145,1631.4057003589478,1528.8393753592509,1984,0.9595214010152592,1984-04-21,-106.04709873978595,106.04709873978595,-0.06684299615408221,0.06684299615408221,False,1807.794012387604,,
1983.31,1983,31,1481.1604127861847,0.2327142857142857,1511.0711996298642,1436.9972565708524,1984,0.8958058176530845,1984-04-28,-105.3498402152361,105.3498402152361,-0.07112655679006731,0.07112655679006731,False,1807.794012387604,,
1983.32,1983,32,1367.1818420042964,0.24957142857142858,1431.7953534582748,1297.4934435018629,1984,0.8268715780441986,1984-05-05,-113.97857078188827,113.97857078188827,-0.08336752821028916,0.08336752821028916,False,1807.794012387604,,
1983.33,1983,33,1235.025565055005,0.26885714285714285,1291.2130338573666,1172.2200796855432,1984,0.7469434617452672,1984-05-12,-132.1562769492914,132.1562769492914,-0.10700691604177884,0.10700691604177884,False,1807.794012387604,,
1983.34,1983,34,1120.9315188704952,0.2945714285714286,1166.683447695578,1082.8793953113418,1984,0.6779393826128755,1984-05-19,-114.0940461845098,114.0940461845098,-0.10178502813399028,0.10178502813399028,False,1807.794012387604,,
1983.35,1983,35,995.8003356966814,0.33257142857142863,1073.2959927204865,906.4211780013767,1984,0.6022600430293529,1984-05-26,-125.13118317381384,125.13118317381384,-0.12565890840583982,0.12565890840583982,False,1807.794012387604,,
1983.36,1983,36,780.5707747245467,0.4058571428571428,876.9389119074414,691.9065967426677,1984,0.4720892045534058,1984-06-02,-215.22956097213466,215.22956097213466,-0.27573356310718444,0.27573356310718444,False,1807.794012387604,,
1983.37,1983,37,599.775509033112,0.4857142857142857,659.9420006160087,542.0087505502821,1984,0.36274422786322613,1984-06-09,-180.79526569143468,180.79526569143468,-0.30143822641723345,0.30143822641723345,False,1807.794012387604,,
1983.38,1983,38,497.7802809287652,0.5522857142857143,527.3375978981461,470.1789493868897,1984,0.3010575139057172,1984-06-16,-101.99522810434684,101.99522810434684,-0.2049000975170064,0.2049000975170064,False,1807.794012387604,,
1983.39,1983,39,445.9093582388091,0.5997142857142856,462.56506724863937,430.9578316629287,1984,0.26968597986283177,1984-06-23,-51.8709226899561,51.8709226899561,-0.11632615851532849,0.11632615851532849,False,1807.794012387604,,
1983.4,1983,40,412.509377479686,0.6387142857142857,426.6328809909446,398.1467533267305,1984,0.24948567149971412,1984-06-30,-33.39998075912308,33.39998075912308,-0.08096780966092791,0.08096780966092791,False,1807.794012387604,,
1983.41,1983,41,381.24890144971897,0.6745714285714285,389.13393637134163,364.6825175805071,1984,0.23057933559679,1984-07-07,-31.260476029967037,31.260476029967037,-0.08199492748988242,0.08199492748988242,False,1807.794012387604,,
1983.42,1983,42,352.3823258161743,0.7074285714285714,360.34880084276085,344.6194637292325,1984,0.21312083065362225,1984-07-14,-28.8665756335447,28.8665756335447,-0.08191834129786463,0.08191834129786463,False,1807.794012387604,,
1983.43,1983,43,337.77792215546305,0.7275714285714285,344.6194637292325,329.2057950036568,1984,0.20428808731962403,1984-07-21,-14.604403660711228,14.604403660711228,-0.04323670288311359,0.04323670288311359,False,1807.794012387604,,
1983.44,1983,44,320.6220848809401,0.7561428571428571,323.62655383883583,316.52242407738737,1984,0.19391223693599252,1984-07-28,-17.155837274522924,17.155837274522924,-0.05350797117077439,0.05350797117077439,False,1807.794012387604,,
1983.45,1983,45,303.17432878136515,0.779142857142857,309.0284073518941,290.5219447532691,1984,0.18335983404696965,1984-08-04,-17.447756099574974,17.447756099574974,-0.05755024236289301,0.05755024236289301,False,1807.794012387604,,
1983.46,1983,46,284.19382525094085,0.8095714285714285,290.5219447532691,275.9224808516464,1984,0.17188042551176902,1984-08-11,-18.9805035304243,18.9805035304243,-0.0667871777779291,0.0667871777779291,False,1807.794012387604,,
1983.47,1983,47,271.5515192122621,0.8334285714285715,273.7644374568714,270.26224589706084,1984,0.1642343588195761,1984-08-18,-12.642306038678726,12.642306038678726,-0.04655582879945771,0.04655582879945771,False,1807.794012387604,,
1983.48,1983,48,261.22036737801,0.8568571428571429,266.78604271350054,256.6827889882703,1984,0.15798607819022048,1984-08-25,-10.331151834252125,10.331151834252125,-0.03954956475236096,0.03954956475236096,False,1807.794012387604,,
1983.49,1983,49,245.4556963040367,0.8808571428571429,249.7991800258312,239.64129376144416,1984,0.1484516051246814,1984-09-01,-15.76467107397329,15.76467107397329,-0.06422613657515687,0.06422613657515687,False,1807.794012387604,,
1983.5,1983,50,233.81493611326778,0.8998571428571429,239.64129376144416,228.5473327785961,1984,0.14141127336130438,1984-09-08,-11.64076019076893,11.64076019076893,-0.04978621290955406,0.04978621290955406,False,1807.794012387604,,
1983.51,1983,51,225.9568122243219,0.9147142857142857,228.5473327785961,224.67104686473823,1984,0.1366586800332699,1984-09-15,-7.858123888945869,7.858123888945869,-0.03477710546360781,0.03477710546360781,False,1807.794012387604,,
1983.52,1983,52,220.70649102637412,0.9247142857142857,222.2828362851385,214.75310038088375,1984,0.13348328577275104,1984-09-22,-5.250321197947784,5.250321197947784,-0.023788703148383515,0.023788703148383515,False,1807.794012387604,,
1983.53,1983,53,212.05144921368182,0.9359999999999999,212.05144921368182,212.05144921368182,1984,0.03664249042412422,1984-09-29,-8.655041812692303,8.655041812692303,-0.04081576355543186,0.04081576355543186,False,1807.794012387604,,
1984.01,1984,1,208.66970105559344,0.9395714285714286,212.05144921368182,202.1648125463628,1984,0.12620343519842292,1984-10-01,-3.381748158088385,3.381748158088385,-0.0162062251538254,0.0162062251538254,False,1952.5344676593652,,
1984.02,1984,2,200.45516010974163,0.9542857142857141,202.1648125463628,199.0925590239552,1984,0.12123528083437174,1984-10-08,-8.214540945851809,8.214540945851809,-0.04097944368882626,0.04097944368882626,False,1952.5344676593652,,True
1984.03,1984,3,203.97419395910035,0.9472857142857143,206.59664326312716,199.0925590239552,1984,0.12336359250646388,1984-10-15,3.5190338493587205,3.5190338493587205,0.01725234835375467,0.01725234835375467,False,1952.5344676593652,,
1984.04,1984,4,222.6180318764309,0.919142857142857,229.36508545768086,206.59664326312716,1984,0.1346393856788654,1984-10-22,18.643837917330558,18.643837917330558,0.083748103242954,0.083748103242954,False,1952.5344676593652,,
1984.05,1984,5,226.99857417422805,0.9121428571428573,228.5473327785961,226.3790707324809,1984,0.13728873766057315,1984-10-29,4.380542297797149,4.380542297797149,0.01929766437402798,0.01929766437402798,False,1952.5344676593652,,
1984.06,1984,6,229.70811326899303,0.908142857142857,231.43340615217082,226.3790707324809,1984,0.13892746690508698,1984-11-05,2.7095390947649776,2.7095390947649776,0.011795574201560962,0.011795574201560962,False,1952.5344676593652,,
1984.07,1984,7,257.0149735852785,0.8605714285714284,283.6079686159883,231.43340615217082,1984,0.15544265602437643,1984-11-12,27.30686031628545,27.30686031628545,0.10624618455245347,0.10624618455245347,False,1952.5344676593652,,
1984.08,1984,8,288.31766865820686,0.8032857142857145,294.72326674738565,283.6079686159883,1984,0.17437452600448355,1984-11-19,31.302695072928373,31.302695072928373,0.10857015880645493,0.10857015880645493,False,1952.5344676593652,,
1984.09,1984,9,302.8983938566063,0.7801428571428571,306.020121877383,294.72326674738565,1984,0.18319294860447546,1984-11-26,14.58072519839942,14.58072519839942,0.04813734735517288,0.04813734735517288,False,1952.5344676593652,,
1984.1,1984,10,314.3627700272658,0.7634285714285713,329.2057950036568,306.020121877383,1984,0.19012660331249032,1984-12-03,11.464376170659534,11.464376170659534,0.03646861926323269,0.03646861926323269,False,1952.5344676593652,,
1984.11,1984,11,346.0356163438833,0.7202857142857143,398.1467533267305,323.62655383883583,1984,0.20928234076478064,1984-12-10,31.672846316617495,31.672846316617495,0.09153059633359142,0.09153059633359142,False,1952.5344676593652,,
1984.12,1984,12,416.9365215724876,0.634,422.4698189706656,408.00454625357366,1984,0.2521632082470405,1984-12-17,70.9009052286043,70.9009052286043,0.17005203804454352,0.17005203804454352,False,1952.5344676593652,,
1984.13,1984,13,436.9645975491059,0.6097142857142857,442.79918136912596,426.6328809909446,1984,0.26427618859769925,1984-12-24,20.02807597661831,20.02807597661831,0.04583455064541599,0.04583455064541599,False,1952.5344676593652,,
1984.14,1984,14,460.66126666549,0.5842857142857143,470.1789493868897,442.79918136912596,1984,0.27860793407928836,1984-12-31,23.6966691163841,23.6966691163841,0.0514405504242046,0.0514405504242046,False,1952.5344676593652,,
1984.15,1984,15,492.52107142460096,0.5549999999999999,532.5192229643311,472.4927083802066,1985,0.29787674399759867,1985-01-07,31.859804759110943,31.859804759110943,0.0646871912849485,0.0646871912849485,False,1952.5344676593652,,
1984.16,1984,16,541.3230398449912,0.5234285714285715,562.8280752081156,532.5192229643311,1985,0.3273921744982507,1985-01-14,48.80196842039021,48.80196842039021,0.09015313376346357,0.09015313376346357,False,1952.5344676593652,,
1984.17,1984,17,614.3366694970384,0.4775714285714286,666.8063237852695,550.9983234585969,1985,0.3715508177118089,1985-01-21,73.01362965204726,73.01362965204726,0.11884953849787935,0.11884953849787935,False,1952.5344676593652,,
1984.18,1984,18,741.3870660787106,0.4201428571428571,783.7426792233937,682.3088631722309,1985,0.4483908975644042,1985-01-28,127.0503965816722,127.0503965816722,0.1713685096418767,0.1713685096418767,False,1952.5344676593652,,
1984.19,1984,19,801.5803301164896,0.3969999999999999,803.6892968412517,794.2548359930772,1985,0.4847957836544528,1985-02-04,60.19326403777893,60.19326403777893,0.0750932399115025,0.0750932399115025,False,1952.5344676593652,,
1984.2,1984,20,787.9647099123546,0.4022857142857144,801.0251437286709,779.3663976124346,1985,0.4765610565549921,1985-02-11,-13.615620204134984,13.615620204134984,-0.01727947969351248,0.01727947969351248,False,1952.5344676593652,,
1984.21,1984,21,799.1114066157354,0.39799999999999996,803.6892968412517,783.7426792233937,1985,0.48330257872119686,1985-02-18,11.146696703380826,11.146696703380826,0.013948864465078122,0.013948864465078122,False,1952.5344676593652,,
1984.22,1984,22,839.9088028754543,0.3815714285714286,858.5276662376176,817.7246825595828,1985,0.5079768439790748,1985-02-25,40.79739625971888,40.79739625971888,0.048573602419748084,0.048573602419748084,False,1952.5344676593652,,
1984.23,1984,23,902.2187157583859,0.36185714285714293,952.4350838829193,863.4849952911484,1985,0.5456618792906718,1985-03-04,62.3099128829316,62.3099128829316,0.06906297973496948,0.06906297973496948,False,1952.5344676593652,,
1984.24,1984,24,1029.330590324704,0.324,1066.3481241083625,971.4321659369264,1985,0.6225391410283808,1985-03-11,127.11187456631808,127.11187456631808,0.12348984452722855,0.12348984452722855,False,1952.5344676593652,,
1984.25,1984,25,1117.3563914258887,0.29542857142857143,1151.4124173518942,1086.4244972913411,1985,0.6757771455343774,1985-03-18,88.0258011011847,88.0258011011847,0.0787804157891401,0.0787804157891401,False,1952.5344676593652,,
1984.26,1984,26,1208.3644623348098,0.2724285714285714,1246.0803627849048,1172.2200796855432,1985,0.7308188268200929,1985-03-25,91.00807090892113,91.00807090892113,0.07531508393839614,0.07531508393839614,False,1952.5344676593652,,
1984.27,1984,27,1378.144793658835,0.24771428571428575,1454.6784350498776,1269.7472452468235,1985,0.8335019712048631,1985-04-01,169.78033132402516,169.78033132402516,0.1231948428824199,0.1231948428824199,False,1952.5344676593652,,
1984.28,1984,28,1589.5612884541426,0.21971428571428572,1659.7232892169968,1492.9232463956196,1985,0.9613666672570655,1985-04-08,211.4164947953077,211.4164947953077,0.1330030470236926,0.1330030470236926,False,1952.5344676593652,,
1984.29,1984,29,1715.45328281512,0.20514285714285715,1767.625484109115,1677.712303316742,1985,1.0375061454465848,1985-04-15,125.89199436097738,125.89199436097738,0.07338701416245165,0.07338701416245165,False,1952.5344676593652,,
1984.3,1984,30,1834.0368527334178,0.1927142857142857,1881.0436962338129,1783.4177282502415,1985,1.109225488533171,1985-04-22,118.58356991829783,118.58356991829783,0.0646571358375721,0.0646571358375721,False,1952.5344676593652,,
1984.31,1984,31,1921.0847427377282,0.18442857142857141,1952.5344676593652,1902.1320729105275,1985,1.161872052407778,1985-04-29,87.04789000431037,87.04789000431037,0.04531184287074128,0.04531184287074128,True,1952.5344676593652,True,
1984.32,1984,32,1918.731326988815,0.18457142857142858,1921.651232388288,1916.5413979392097,1985,1.160448706562835,1985-05-06,-2.3534157489132213,2.3534157489132213,-0.00122654783179393,0.00122654783179393,False,1952.5344676593652,,
1984.33,1984,33,1838.1865022104769,0.1922857142857143,1916.5413979392097,1767.625484109115,1985,1.1117351965368962,1985-05-13,-80.54482477833812,80.54482477833812,-0.04381754771971204,0.04381754771971204,False,1952.5344676593652,,
1984.34,1984,34,1670.8546695881062,0.21028571428571433,1751.5174261192885,1609.5195834351925,1985,1.0105329041668865,1985-05-20,-167.3318326223707,167.3318326223707,-0.10014744888831105,0.10014744888831105,False,1952.5344676593652,,
1984.35,1984,35,1491.5125215993996,0.23171428571428573,1589.152359062425,1399.6225280663384,1985,0.902066773063317,1985-05-27,-179.34214798870653,179.34214798870653,-0.12024179843719437,0.12024179843719437,False,1952.5344676593652,,
1984.36,1984,36,1277.9219848813118,0.2621428571428571,1383.5781363808978,1199.561484005937,1985,0.7728872164562174,1985-06-03,-213.59053671808783,213.59053671808783,-0.16713894842174207,0.16713894842174207,False,1952.5344676593652,,
1984.37,1984,37,1107.0048798142354,0.30014285714285716,1182.7486219934508,1027.8009259147987,1985,0.6695165513116496,1985-06-10,-170.91710506707636,170.91710506707636,-0.15439598161099133,0.15439598161099133,False,1952.5344676593652,,
1984.38,1984,38,892.0306427861424,0.3647142857142857,997.6786758623872,794.2548359930772,1985,0.539500132757059,1985-06-17,-214.97423702809306,214.97423702809306,-0.24099422902855536,0.24099422902855536,False,1952.5344676593652,,
1984.39,1984,39,681.5030610589068,0.4455714285714286,760.52821131929,615.6277736669467,1985,0.41217305132842685,1985-06-24,-210.52758172723554,210.52758172723554,-0.3089165606976463,0.3089165606976463,False,1952.5344676593652,,
1984.4,1984,40,555.1617741231436,0.5124285714285715,595.7090611902229,523.0192327708844,1985,0.3357618409896772,1985-07-01,-126.34128693576326,126.34128693576326,-0.22757562358344,0.22757562358344,False,1952.5344676593652,,
1984.41,1984,41,486.7412756923271,0.5604285714285714,512.1178199937132,467.1571483252964,1985,0.2943811235387194,1985-07-08,-68.42049843081645,68.42049843081645,-0.14056851524148442,0.14056851524148442,False,1952.5344676593652,,
1984.42,1984,42,448.1367745999717,0.5982857142857142,462.56506724863937,440.0331111664572,1985,0.2710331212780629,1985-07-15,-38.604501092355406,38.604501092355406,-0.08614446142433999,0.08614446142433999,False,1952.5344676593652,,
1984.43,1984,43,419.4748887798166,0.6298571428571428,435.49688511870175,408.00454625357366,1985,0.2536984127340331,1985-07-22,-28.661885820155135,28.661885820155135,-0.06832801339676814,0.06832801339676814,False,1952.5344676593652,,
1984.44,1984,44,385.8141661561584,0.6694285714285713,398.1467533267305,377.11676084070143,1985,0.2333404076912446,1985-07-29,-33.66072262365816,33.66072262365816,-0.08724594785882997,0.08724594785882997,False,1952.5344676593652,,
1984.45,1984,45,355.71968744579743,0.7042857142857144,373.01012538244936,344.6194637292325,1985,0.21513926696721833,1985-08-05,-30.09447871036099,30.09447871036099,-0.08460166747151608,0.08460166747151608,False,1952.5344676593652,,
1984.46,1984,46,332.36116001447874,0.7355714285714287,340.5953058875766,325.6607962357874,1985,0.20101202957675673,1985-08-12,-23.35852743131869,23.35852743131869,-0.07028055694083243,0.07028055694083243,False,1952.5344676593652,,
1984.47,1984,47,317.9199258065939,0.76,323.62655383883583,311.8155700798613,1985,0.19227797112782802,1985-08-19,-14.441234207884861,14.441234207884861,-0.04542412423897634,0.04542412423897634,False,1952.5344676593652,,
1984.48,1984,48,297.8170233005416,0.7875714285714286,309.0284073518941,290.5219447532691,1985,0.18011973569216758,1985-08-26,-20.10290250605226,20.10290250605226,-0.06750085096970916,0.06750085096970916,False,1952.5344676593652,,
1984.49,1984,49,276.7820273943535,0.8237142857142858,283.6079686159883,270.26224589706084,1985,0.16739777016810503,1985-09-02,-21.0349959061881,21.0349959061881,-0.07599841689221337,0.07599841689221337,False,1952.5344676593652,,
1984.5,1984,50,261.3417278795327,0.856,270.26224589706084,256.6827889882703,1985,0.15805947702154136,1985-09-09,-15.440299514820822,15.440299514820822,-0.059080880960342225,0.059080880960342225,False,1952.5344676593652,,
1984.51,1984,51,242.29617459189316,0.8854285714285713,249.7991800258312,234.76788002600708,1985,0.146540726393177,1985-09-16,-19.045553287639535,19.045553287639535,-0.07860443244602826,0.07860443244602826,False,1952.5344676593652,,
1984.52,1984,52,229.65534867201828,0.9078571428571429,234.76788002600708,226.3790707324809,1985,0.13889555487683664,1985-09-23,-12.640825919874885,12.640825919874885,-0.05504259314216038,0.05504259314216038,False,1952.5344676593652,,
1984.53,1984,53,226.3790707324809,0.9129999999999999,226.3790707324809,226.3790707324809,1985,0.019559151711286346,1985-09-30,-3.27627793953738,3.27627793953738,-0.014472530207569665,0.014472530207569665,False,1952.5344676593652,,
1985.01,1985,1,223.05985830651414,0.9198571428571427,226.3790707324809,214.75310038088375,1985,0.13490660230377974,1985-10-01,-3.3192124259667537,3.3192124259667537,-0.014880366423463387,0.014880366423463387,False,3049.547329305057,,
1985.02,1985,2,210.48217889508814,0.9377142857142857,214.75310038088375,206.59664326312716,1985,0.12729962179574933,1985-10-08,-12.577679411426004,12.577679411426004,-0.059756505170421914,0.059756505170421914,False,3049.547329305057,,
1985.03,1985,3,204.56326599656387,0.9457142857142856,212.05144921368182,201.17011281861932,1985,0.12371986327472184,1985-10-15,-5.918912898524269,5.918912898524269,-0.028934387949318775,0.028934387949318775,False,3049.547329305057,,True
1985.04,1985,4,209.71367523487265,0.9385714285714286,212.05144921368182,206.59664326312716,1985,0.126834830782051,1985-10-22,5.150409238308782,5.150409238308782,0.024559243609366378,0.024559243609366378,False,3049.547329305057,,
1985.05,1985,5,208.92026623594458,0.9394285714285715,212.05144921368182,206.59664326312716,1985,0.12635497701949927,1985-10-29,-0.7934089989280722,0.7934089989280722,-0.0037976641195356024,0.0037976641195356024,False,3049.547329305057,,
1985.06,1985,6,212.02994054823998,0.9359999999999999,214.75310038088375,209.2745177174335,1985,0.12823570804357554,1985-11-05,3.1096743122953967,3.1096743122953967,0.01466620376468907,0.01466620376468907,False,3049.547329305057,,
1985.07,1985,7,222.80568640395322,0.9214285714285714,224.67104686473823,220.53049583159046,1985,0.1347528791371109,1985-11-12,10.77574585571324,10.77574585571324,0.04836387270734418,0.04836387270734418,False,3049.547329305057,,
1985.08,1985,8,234.29458317283414,0.8989999999999999,243.2796862142866,226.3790707324809,1985,0.14170136390293006,1985-11-19,11.48889676888092,11.48889676888092,0.04903611775098447,0.04903611775098447,False,3049.547329305057,,
1985.09,1985,9,235.78677588536354,0.8944285714285714,236.19433422910615,234.76788002600708,1985,0.14260384205546786,1985-11-26,1.4921927125294019,1.4921927125294019,0.006328568287709598,0.006328568287709598,False,3049.547329305057,,
1985.1,1985,10,250.2388117520488,0.8707142857142857,271.2725109404546,234.76788002600708,1985,0.1513444333476391,1985-12-03,14.452035866685264,14.452035866685264,0.057752975110052805,0.057752975110052805,False,3049.547329305057,,
1985.11,1985,11,291.0147481189678,0.7978571428571428,302.30479186612183,281.3222739992266,1985,0.1760057196623518,1985-12-10,40.77593636691901,40.77593636691901,0.14011639145604288,0.14011639145604288,False,3049.547329305057,,
1985.12,1985,12,322.72175090397326,0.7524285714285714,389.13393637134163,290.5219447532691,1985,0.19518211494672305,1985-12-17,31.707002785005443,31.707002785005443,0.0982487319066385,0.0982487319066385,False,3049.547329305057,,
1985.13,1985,13,372.4467338910666,0.685142857142857,389.13393637134163,350.2192051008483,1985,0.22525578465731705,1985-12-24,49.72498298709331,49.72498298709331,0.13350897849902182,0.13350897849902182,False,3049.547329305057,,
1985.14,1985,14,362.9201030590522,0.6965714285714286,370.36474529587133,353.9823107128336,1985,0.2194940783301148,1985-12-31,-9.526630832014348,9.526630832014348,-0.02624993972974881,0.02624993972974881,False,3049.547329305057,,
1985.15,1985,15,393.2582010885018,0.6614285714285714,402.90237744418727,377.11676084070143,1986,0.23784256001832588,1986-01-07,30.338098029449554,30.338098029449554,0.07714549358532523,0.07714549358532523,False,3049.547329305057,,
1985.16,1985,16,428.4011327482682,0.6200000000000001,442.79918136912596,413.7323824701425,1986,0.2590970050861526,1986-01-14,35.14293165976642,35.14293165976642,0.08203277016173689,0.08203277016173689,False,3049.547329305057,,
1985.17,1985,17,459.49321895787153,0.5852857142857142,470.1789493868897,445.541354005931,1986,0.2779014988257207,1986-01-21,31.092086209603337,31.092086209603337,0.06766603929459512,0.06766603929459512,False,3049.547329305057,,
1985.18,1985,18,499.75791041869235,0.5504285714285715,532.5192229643311,472.4927083802066,1986,0.30225358422122506,1986-01-28,40.26469146082081,40.26469146082081,0.08056839245843542,0.08056839245843542,False,3049.547329305057,,
1985.19,1985,19,558.2331364182211,0.5092857142857142,571.8920920403683,537.7325322740754,1986,0.3376194009057401,1986-02-04,58.47522599952873,58.47522599952873,0.10475054629455004,0.10475054629455004,False,3049.547329305057,,
1985.2,1985,20,607.1938852240755,0.4795714285714286,636.9257883620418,577.9502839498093,1986,0.3672308617835208,1986-02-11,48.96074880585445,48.96074880585445,0.0806344563035022,0.0806344563035022,False,3049.547329305057,,
1985.21,1985,21,678.1904259495619,0.44742857142857145,705.8654488603318,654.21608557748,1986,0.41016956961429507,1986-02-18,70.9965407254864,70.9965407254864,0.1046852594919506,0.1046852594919506,False,3049.547329305057,,
1985.22,1985,22,734.7915367238718,0.42200000000000004,751.6655881559767,712.0837013457431,1986,0.4444019214105977,1986-02-25,56.60111077430986,56.60111077430986,0.07703016154305552,0.07703016154305552,False,3049.547329305057,,
1985.23,1985,23,790.5498537267434,0.4,819.2739407352476,760.52821131929,1986,0.4781245515339345,1986-03-04,55.75831700287165,55.75831700287165,0.07053105726352424,0.07053105726352424,False,3049.547329305057,,
1985.24,1985,24,872.5444076708247,0.37014285714285716,905.4211927358452,834.6935677067364,1986,0.5277148577593148,1986-03-11,81.9945539440813,81.9945539440813,0.0939717832390423,0.0939717832390423,False,3049.547329305057,,
1985.25,1985,25,942.1666478131317,0.34685714285714286,957.9333972550563,914.0536783798912,1986,0.5698223885973819,1986-03-18,69.62224014230696,69.62224014230696,0.07389588700035979,0.07389588700035979,False,3049.547329305057,,
1985.26,1985,26,1045.7311736327167,0.3191428571428571,1086.4244972913411,976.7769450097452,1986,0.632458213813067,1986-03-25,103.56452581958501,103.56452581958501,0.0990355154660036,0.0990355154660036,False,3049.547329305057,,
1985.27,1985,27,1169.1771140826374,0.28328571428571436,1291.2130338573666,1096.4988223473633,1986,0.7071183185971792,1986-04-01,123.44594044992073,123.44594044992073,0.10558361001342315,0.10558361001342315,False,3049.547329305057,,
1985.28,1985,28,1732.553405358764,0.20557142857142854,2161.5709846171685,1383.5781363808978,1986,1.0478482995609804,1986-04-08,563.3762912761265,563.3762912761265,0.3251710969102663,0.3251710969102663,False,3049.547329305057,,
1985.29,1985,29,2601.7039306144447,0.1177142857142857,3020.841272673107,2261.108087620956,1986,1.5735105372356162,1986-04-15,869.1505252556808,869.1505252556808,0.33406972831471005,0.33406972831471005,False,3049.547329305057,,
1985.3,1985,30,2999.2852109902983,0.08671428571428572,3049.547329305057,2895.457390346268,1986,1.8139676956069324,1986-04-22,397.58128037585357,397.58128037585357,0.13255867728717302,0.13255867728717302,True,3049.547329305057,True,
1985.31,1985,31,2672.1451631394025,0.11085714285714286,2831.488197054909,2496.800686844093,1986,1.6161133946667108,1986-04-29,-327.1400478508958,327.1400478508958,-0.12242600153748807,0.12242600153748807,False,3049.547329305057,,
1985.32,1985,32,2274.8572562223017,0.14642857142857144,2423.365591149523,2155.2089572641244,1986,1.3758336685632482,1986-05-06,-397.2879069171008,397.2879069171008,-0.17464300488763387,0.17464300488763387,False,3049.547329305057,,
1985.33,1985,33,1997.094121213462,0.17671428571428574,2112.7014560687376,1871.7016074586716,1986,1.2078425245099016,1986-05-13,-277.76313500883975,277.76313500883975,-0.13908364761499925,0.13908364761499925,False,3049.547329305057,,
1985.34,1985,34,1739.52375531157,0.20257142857142857,1835.7736825262566,1631.4057003589478,1986,1.0520639672124377,1986-05-20,-257.5703659018918,257.5703659018918,-0.14806947310458418,0.14806947310458418,False,3049.547329305057,,
1985.35,1985,35,1518.0942818729236,0.228,1609.5195834351925,1436.9972565708524,1986,0.9181434216767441,1986-05-27,-221.42947343864648,221.42947343864648,-0.14586015907092512,0.14586015907092512,False,3049.547329305057,,
1985.36,1985,36,1305.2769810007107,0.2581428571428571,1399.6225280663384,1199.561484005937,1986,0.7894315181092297,1986-06-03,-212.81730087221285,212.81730087221285,-0.16304378608519793,0.16304378608519793,False,3049.547329305057,,
1985.37,1985,37,1121.2397800028543,0.2958571428571429,1182.7486219934508,1059.9978690640885,1986,0.6781258189457263,1986-06-10,-184.03720099785642,184.03720099785642,-0.1641372383321861,0.1641372383321861,False,3049.547329305057,,
1985.38,1985,38,925.6324476226329,0.3535714285714286,1025.1570830002852,817.7246825595828,1986,0.5598225043221683,1986-06-17,-195.60733238022146,195.60733238022146,-0.2113228991514003,0.2113228991514003,False,3049.547329305057,,
1985.39,1985,39,692.5746330437058,0.44142857142857145,779.3663976124346,615.6277736669467,1986,0.4188691380648333,1986-06-24,-233.05781457892704,233.05781457892704,-0.3365093138838939,0.3365093138838939,False,3049.547329305057,,
1985.4,1985,40,557.664525635373,0.511,595.7090611902229,527.3375978981461,1986,0.3372755051042736,1986-07-01,-134.9101074083328,134.9101074083328,-0.24191983030411243,0.24191983030411243,False,3049.547329305057,,
1985.41,1985,41,489.0221640287723,0.5582857142857144,516.7730027239134,470.1789493868897,1986,0.2957606048046015,1986-07-08,-68.64236160660073,68.64236160660073,-0.1403665654764925,0.1403665654764925,False,3049.547329305057,,
1985.42,1985,42,447.7470860239205,0.5978571428571428,462.56506724863937,430.9578316629287,1986,0.2707974376272671,1986-07-15,-41.27507800485182,41.27507800485182,-0.0921839120638001,0.0921839120638001,False,3049.547329305057,,
1985.43,1985,43,416.33140942895767,0.6338571428571428,426.6328809909446,402.90237744418727,1986,0.25179723642263363,1986-07-22,-31.415676594962804,31.415676594962804,-0.07545833891815347,0.07545833891815347,False,3049.547329305057,,
1985.44,1985,44,385.22750394783674,0.6705714285714285,398.1467533267305,373.01012538244936,1986,0.23298559438765162,1986-07-29,-31.103905481120933,31.103905481120933,-0.08074165308127293,0.08074165308127293,False,3049.547329305057,,
1985.45,1985,45,361.08586086861453,0.6981428571428572,370.36474529587133,346.9384943839358,1986,0.21838472865333808,1986-08-05,-24.141643079222206,24.141643079222206,-0.06685845582861644,0.06685845582861644,False,3049.547329305057,,
1985.46,1985,46,340.0385966061354,0.7241428571428571,344.6194637292325,335.4728177879068,1986,0.20565534322739065,1986-08-12,-21.047264262479132,21.047264262479132,-0.061896691941879904,0.061896691941879904,False,3049.547329305057,,
1985.47,1985,47,322.2835910186057,0.7512857142857143,331.6115672476363,311.8155700798613,1986,0.19491711584805274,1986-08-19,-17.755005587529695,17.755005587529695,-0.05509124908101413,0.05509124908101413,False,3049.547329305057,,
1985.48,1985,48,304.3788739280623,0.7778571428571429,311.8155700798613,294.72326674738565,1986,0.18408834295169216,1986-08-26,-17.904717090543386,17.904717090543386,-0.05882378385687514,0.05882378385687514,False,3049.547329305057,,
1985.49,1985,49,285.1815361276952,0.8072857142857143,290.5219447532691,275.9224808516464,1986,0.17247779305003008,1986-09-02,-19.19733780036711,19.19733780036711,-0.06731620167643375,0.06731620167643375,False,3049.547329305057,,
1985.5,1985,50,273.02440562165884,0.8295714285714287,275.9224808516464,270.26224589706084,1986,0.16512516051997927,1986-09-09,-12.157130506036367,12.157130506036367,-0.044527632899173865,0.044527632899173865,False,3049.547329305057,,
1985.51,1985,51,262.78504984027984,0.8534285714285714,270.26224589706084,256.6827889882703,1986,0.15893239814340127,1986-09-16,-10.239355781379004,10.239355781379004,-0.038964757651177115,0.038964757651177115,False,3049.547329305057,,
1985.52,1985,52,249.394711482422,0.8744285714285714,261.382924552137,246.1954239432886,1986,0.1508339215045688,1986-09-23,-13.390338357857843,13.390338357857843,-0.0536913484582917,0.0536913484582917,False,3049.547329305057,,True
1985.53,1985,53,258.7976520087449,0.862,258.7976520087449,258.7976520087449,1986,0.022360117133555558,1986-09-30,9.40294052632288,9.40294052632288,0.03633317556530671,0.03633317556530671,False,3049.547329305057,,
1986.01,1986,1,249.59222558099984,0.8747142857142857,258.7976520087449,243.2796862142866,1986,0.1509533780313887,1986-10-01,-9.205426427745039,9.205426427745039,-0.036881863633038574,0.036881863633038574,False,2076.7821263719575,,
1986.02,1986,2,266.49999313100415,0.8438571428571429,275.9224808516464,249.7991800258312,1986,0.1611791958456313,1986-10-08,16.90776755000431,16.90776755000431,0.06344378231069188,0.06344378231069188,False,2076.7821263719575,,
1986.03,1986,3,291.9479402536053,0.7964285714285714,302.30479186612183,283.6079686159883,1986,0.1765701142653805,1986-10-15,25.447947122601136,25.447947122601136,0.08716604439988639,0.08716604439988639,False,2076.7821263719575,,
1986.04,1986,4,313.4267344772866,0.7641428571428571,325.6607962357874,306.020121877383,1986,0.1895604890118629,1986-10-22,21.47879422368129,21.47879422368129,0.0685289155677874,0.0685289155677874,False,2076.7821263719575,,
1986.05,1986,5,337.6595960251517,0.7275714285714285,344.6194637292325,325.6607962357874,1986,0.20421652367601176,1986-10-29,24.232861547865127,24.232861547865127,0.07176713421779982,0.07176713421779982,False,2076.7821263719575,,
1986.06,1986,6,359.04690110166393,0.6998571428571428,377.11676084070143,346.9384943839358,1986,0.2171515657862864,1986-11-05,21.387305076512234,21.387305076512234,0.05956688391095856,0.05956688391095856,False,2076.7821263719575,,
1986.07,1986,7,401.865711144782,0.6498571428571429,426.6328809909446,380.8369423592014,1986,0.24304838210036414,1986-11-12,42.81881004311805,42.81881004311805,0.10655004608664291,0.10655004608664291,False,2076.7821263719575,,
1986.08,1986,8,458.0759522472257,0.5871428571428571,472.4927083802066,442.79918136912596,1986,0.2770443359191221,1986-11-19,56.21024110244372,56.21024110244372,0.12270943459635443,0.12270943459635443,False,2076.7821263719575,,
1986.09,1986,9,498.0886571637407,0.5511428571428572,516.7730027239134,479.56309760929685,1986,0.30124401985263044,1986-11-26,40.01270491651502,40.01270491651502,0.08033249571343143,0.08033249571343143,False,2076.7821263719575,,
1986.1,1986,10,531.1651131704192,0.5304285714285715,542.0087505502821,523.0192327708844,1986,0.3212486604454695,1986-12-03,33.076456006678484,33.076456006678484,0.06227151442467989,0.06227151442467989,False,2076.7821263719575,,
1986.11,1986,11,555.44113248502,0.5117142857142857,563.9275439778775,542.0087505502821,1986,0.3359307969269401,1986-12-10,24.27601931460083,24.27601931460083,0.043705836487101614,0.043705836487101614,False,2076.7821263719575,,
1986.12,1986,12,588.1804867236751,0.48942857142857144,608.7950640130589,566.8540212047202,1986,0.3557315583704788,1986-12-17,32.739354238655096,32.739354238655096,0.055662088385526325,0.055662088385526325,False,2076.7821263719575,,
1986.13,1986,13,619.0215904479129,0.47328571428571425,623.8090120652902,608.7950640130589,1986,0.37438425790289775,1986-12-24,30.84110372423777,30.84110372423777,0.04982233931763463,0.04982233931763463,False,2076.7821263719575,,
1986.14,1986,14,647.4524210687738,0.46085714285714285,673.1577568282033,630.1125986840717,1986,0.39157922426239433,1986-12-31,28.43083062086089,28.43083062086089,0.04391184540468481,0.04391184540468481,False,2076.7821263719575,,
1986.15,1986,15,703.947121144738,0.43542857142857144,728.4970702319307,682.3088631722309,1987,0.42574721886833755,1987-01-07,56.49470007596426,56.49470007596426,0.08025418156990861,0.08025418156990861,False,2076.7821263719575,,
1986.16,1986,16,721.499914833265,0.43,728.4970702319307,720.3337222668207,1987,0.4363631484911586,1987-01-14,17.552793688527004,17.552793688527004,0.02432819925222495,0.02432819925222495,False,2076.7821263719575,,
1986.17,1986,17,747.5939381753642,0.41585714285714287,768.4460718744957,733.8512888156049,1987,0.45214481380846017,1987-01-21,26.09402334209915,26.09402334209915,0.03490400605144853,0.03490400605144853,False,2076.7821263719575,,
1986.18,1986,18,799.5240918117039,0.3974285714285714,817.7246825595828,779.3663976124346,1987,0.4835521707277185,1987-01-28,51.930153636339696,51.930153636339696,0.06495133063303586,0.06495133063303586,False,2076.7821263719575,,
1986.19,1986,19,835.6227709179554,0.383,847.0875422650073,817.7246825595828,1987,0.5053846518511794,1987-02-04,36.09867910625155,36.09867910625155,0.04319973122153687,0.04319973122153687,False,2076.7821263719575,,
1986.2,1986,20,881.1784091480782,0.3677142857142857,905.4211927358452,858.5276662376176,1987,0.5329367018527577,1987-02-11,45.55563823012278,45.55563823012278,0.05169854113217083,0.05169854113217083,False,2076.7821263719575,,
1986.21,1986,21,921.9658129545048,0.35285714285714287,947.0029281802471,906.4211780013767,1987,0.5576049236748845,1987-02-18,40.787403806426596,40.787403806426596,0.044239605453178864,0.044239605453178864,False,2076.7821263719575,,
1986.22,1986,22,1015.9625690246781,0.32757142857142857,1059.9978690640885,971.4321659369264,1987,0.6144541617461252,1987-02-25,93.99675607017332,93.99675607017332,0.09251990076800762,0.09251990076800762,False,2076.7821263719575,,
1986.23,1986,23,1125.9785393325099,0.2942857142857142,1182.7486219934508,1080.0406798008228,1987,0.680991820588302,1987-03-04,110.01597030783171,110.01597030783171,0.09770698682503323,0.09770698682503323,False,2076.7821263719575,,
1986.24,1986,24,1366.6387538425038,0.24942857142857142,1528.006983766956,1199.561484005937,1987,0.8265431183239462,1987-03-11,240.66021450999392,240.66021450999392,0.17609643648209353,0.17609643648209353,False,2076.7821263719575,,
1986.25,1986,25,1733.1204584736165,0.20357142857142857,1860.314920798596,1570.314592802547,1987,1.0481912532848432,1987-03-18,366.48170463111273,366.48170463111273,0.21145772230620272,0.21145772230620272,False,2076.7821263719575,,
1986.26,1986,26,1971.6045219707814,0.17928571428571427,2041.65817572948,1881.0436962338129,1987,1.1924264148879287,1987-03-25,238.48406349716493,238.48406349716493,0.1209593814781782,0.1209593814781782,False,2076.7821263719575,,
1986.27,1986,27,2062.7553588698106,0.1702857142857143,2076.7821263719575,2041.65817572948,1987,1.2475544410444614,1987-04-01,91.15083689902917,91.15083689902917,0.04418887412270303,0.04418887412270303,True,2076.7821263719575,True,
1986.28,1986,28,2009.499624635075,0.17542857142857143,2028.446564081993,1966.6544541756928,1987,1.2153453729792933,1987-04-08,-53.255734234735655,53.255734234735655,-0.026501987649988686,0.026501987649988686,False,2076.7821263719575,,
1986.29,1986,29,1888.5774065037767,0.18742857142857144,1952.5344676593652,1835.7736825262566,1987,1.1422116154534843,1987-04-15,-120.92221813129822,120.92221813129822,-0.06402820329994052,0.06402820329994052,False,2076.7821263719575,,
1986.3,1986,30,1791.4971354763682,0.197,1832.2961330880007,1745.9668486656192,1987,1.0834974675361073,1987-04-22,-97.08027102740857,97.08027102740857,-0.05418946483640033,0.05418946483640033,False,2076.7821263719575,,
1986.31,1986,31,1696.6760674169352,0.20742857142857143,1745.9668486656192,1645.7136786211431,1987,1.0261496855737624,1987-04-29,-94.82106805943295,94.82106805943295,-0.055886370934547965,0.055886370934547965,False,2076.7821263719575,,
1986.32,1986,32,1585.7156484508082,0.21942857142857147,1631.4057003589478,1551.1556592265113,1987,0.9590408241830486,1987-05-06,-110.96041896612701,110.96041896612701,-0.06997497885231294,0.06997497885231294,False,2076.7821263719575,,
1986.33,1986,33,1443.2069308794294,0.23828571428571427,1528.006983766956,1383.5781363808978,1987,0.872851551795879,1987-05-13,-142.50871757137884,142.50871757137884,-0.0987444797569951,0.0987444797569951,False,2076.7821263719575,,
1986.34,1986,34,1271.363999408149,0.2631428571428572,1355.589210120566,1195.2983332432605,1987,0.7689209468420484,1987-05-20,-171.84293147128028,171.84293147128028,-0.13516422641452594,0.13516422641452594,False,2076.7821263719575,,
1986.35,1986,35,1132.65717250274,0.29157142857142854,1182.7486219934508,1082.8793953113418,1987,0.6850310579296571,1987-05-27,-138.70682690540912,138.70682690540912,-0.12246143870604728,0.12246143870604728,False,2076.7821263719575,,
1986.36,1986,36,986.9531657043399,0.33514285714285713,1066.3481241083625,906.4211780013767,1987,0.5969092746179847,1987-06-03,-145.7040067984001,145.7040067984001,-0.14763011241209031,0.14763011241209031,False,2076.7821263719575,,
1986.37,1986,37,796.3141647943523,0.3985714285714286,891.8619896951615,705.8654488603318,1987,0.48161080686762425,1987-06-10,-190.63900090998754,190.63900090998754,-0.23940174536418043,0.23940174536418043,False,2076.7821263719575,,
1986.38,1986,38,631.0201177460012,0.46885714285714286,682.3088631722309,583.0034913422678,1987,0.3816409672127815,1987-06-17,-165.2940470483511,165.2940470483511,-0.261947349061992,0.261947349061992,False,2076.7821263719575,,
1986.39,1986,39,545.8625450056446,0.519,571.8920920403683,523.0192327708844,1987,0.33013766721941395,1987-06-24,-85.15757274035661,85.15757274035661,-0.1560055246865784,0.1560055246865784,False,2076.7821263719575,,
1986.4,1986,40,488.51355416147004,0.558,512.1178199937132,470.1789493868897,1987,0.2954529975568571,1987-07-01,-57.34899084417458,57.34899084417458,-0.11739488158647657,0.11739488158647657,False,2076.7821263719575,,
1986.41,1986,41,451.327481726253,0.594,467.1571483252964,440.0331111664572,1987,0.2729628609480378,1987-07-08,-37.186072435217056,37.186072435217056,-0.08239266151705736,0.08239266151705736,False,2076.7821263719575,,
1986.42,1986,42,424.2487273513342,0.6238571428571429,430.9578316629287,420.28892993659525,1987,0.2565856303020869,1987-07-15,-27.078754374918788,27.078754374918788,-0.06382754414839761,0.06382754414839761,False,2076.7821263719575,,
1986.43,1986,43,410.31914083371913,0.642,417.85777193562865,398.1467533267305,1987,0.2481610163762333,1987-07-22,-13.929586517615064,13.929586517615064,-0.0339481762642411,0.0339481762642411,False,2076.7821263719575,,
1986.44,1986,44,385.87152607533835,0.6689999999999998,391.8169121240828,377.11676084070143,1987,0.23337509897036463,1987-07-29,-24.44761475838078,24.44761475838078,-0.06335687685234276,0.06335687685234276,False,2076.7821263719575,,
1986.45,1986,45,358.59762175937215,0.7014285714285714,373.01012538244936,344.6194637292325,1987,0.2168798416400683,1987-08-05,-27.273904315966206,27.273904315966206,-0.0760571254827442,0.0760571254827442,False,2076.7821263719575,,
1986.46,1986,46,337.28055110501697,0.7279999999999999,340.5953058875766,331.6115672476363,1987,0.20398727730831423,1987-08-12,-21.317070654355177,21.317070654355177,-0.06320278647705901,0.06320278647705901,False,2076.7821263719575,,
1986.47,1986,47,324.80804766233433,0.7484285714285713,329.2057950036568,320.2150422476492,1987,0.19644390722617974,1987-08-19,-12.472503442682637,12.472503442682637,-0.03839961334840099,0.03839961334840099,False,2076.7821263719575,,
1986.48,1986,48,307.27023542903356,0.7737142857142857,316.52242407738737,299.18021087320443,1987,0.1858370383874795,1987-08-26,-17.53781223330077,17.53781223330077,-0.05707618314807866,0.05707618314807866,False,2076.7821263719575,,
1986.49,1986,49,288.34377336894875,0.8024285714285714,294.72326674738565,281.3222739992266,1987,0.17439031413354023,1987-09-02,-18.926462060084816,18.926462060084816,-0.06563853222475369,0.06563853222475369,False,2076.7821263719575,,
1986.5,1986,50,271.7192001733523,0.8331428571428573,275.9224808516464,266.78604271350054,1987,0.16433577226484344,1987-09-09,-16.62457319559644,16.62457319559644,-0.06118291672060804,0.06118291672060804,False,2076.7821263719575,,
1986.51,1986,51,256.9065830382832,0.8632857142857142,264.1051871975735,246.1954239432886,1987,0.1553771014215537,1987-09-16,-14.812617135069104,14.812617135069104,-0.05765760051723465,0.05765760051723465,False,2076.7821263719575,,
1986.52,1986,52,240.1610641118502,0.889142857142857,243.2796862142866,239.64129376144416,1987,0.145249411574847,1987-09-23,-16.745518926432993,16.745518926432993,-0.0697262022399855,0.0697262022399855,False,2076.7821263719575,,
1986.53,1986,53,239.64129376144416,0.89,239.64129376144416,239.64129376144416,1987,0.020705007780988775,1987-09-30,-0.5197703504060485,0.5197703504060485,-0.0021689515285435927,0.0021689515285435927,False,2076.7821263719575,,
1987.01,1987,1,239.64129376144413,0.8899999999999999,239.64129376144416,239.64129376144416,1987,0.14493505446692143,1987-10-01,-2.842170943040401e-14,2.842170943040401e-14,-1.1860105153119805e-16,1.1860105153119805e-16,False,2467.4434971899177,,
1987.02,1987,2,239.64129376144413,0.8899999999999999,239.64129376144416,239.64129376144416,1987,0.14493505446692143,1987-10-08,0.0,0.0,0.0,0.0,False,2467.4434971899177,,
1987.03,1987,3,237.55268787482828,0.8934285714285713,239.64129376144416,234.76788002600708,1987,0.14367186562669615,1987-10-15,-2.088605886615852,2.088605886615852,-0.008792179559409509,0.008792179559409509,False,2467.4434971899177,,
1987.04,1987,4,230.54698299738942,0.9068571428571427,231.43340615217082,229.36508545768086,1987,0.13943481531682111,1987-10-22,-7.005704877438859,7.005704877438859,-0.0303873196966459,0.0303873196966459,False,2467.4434971899177,,
1987.05,1987,5,229.1526670415689,0.9084285714285711,234.76788002600708,226.3790707324809,1987,0.13859153302674088,1987-10-29,-1.394315955820531,1.394315955820531,-0.006084659514644001,0.006084659514644001,False,2467.4434971899177,,
1987.06,1987,6,226.9882143871462,0.9122857142857143,229.36508545768086,224.67104686473823,1987,0.13728247206134603,1987-11-05,-2.164452654422689,2.164452654422689,-0.009535528795037109,0.009535528795037109,False,2467.4434971899177,,
1987.07,1987,7,226.12510501086936,0.9148571428571428,231.43340615217082,224.67104686473823,1987,0.13676046351057378,1987-11-12,-0.8631093762768387,0.8631093762768387,-0.003816955115334721,0.003816955115334721,False,2467.4434971899177,,True
1987.08,1987,8,250.6499474497428,0.8712857142857142,281.3222739992266,234.76788002600708,1987,0.15159308821760448,1987-11-19,24.524842438873435,24.524842438873435,0.09784499333992819,0.09784499333992819,False,2467.4434971899177,,
1987.09,1987,9,295.59410773294127,0.7924285714285714,338.3210417029997,283.6079686159883,1987,0.1787753163568829,1987-11-26,44.94416028319847,44.94416028319847,0.15204687477669182,0.15204687477669182,False,2467.4434971899177,,
1987.1,1987,10,324.2301711743306,0.7484285714285714,344.6194637292325,294.72326674738565,1987,0.19609440752623514,1987-12-03,28.636063441389354,28.636063441389354,0.08832016877908763,0.08832016877908763,False,2467.4434971899177,,
1987.11,1987,11,368.57932930023395,0.6891428571428573,391.8169121240828,346.9384943839358,1987,0.2229167783607815,1987-12-10,44.34915812590333,44.34915812590333,0.12032459392148333,0.12032459392148333,False,2467.4434971899177,,
1987.12,1987,12,393.79665793635274,0.6579999999999998,408.00454625357366,389.13393637134163,1987,0.23816821871990612,1987-12-17,25.217328636118793,25.217328636118793,0.06403642115265117,0.06403642115265117,False,2467.4434971899177,,
1987.13,1987,13,387.64659971934634,0.6675714285714286,389.13393637134163,386.53109723034976,1987,0.23444866351026064,1987-12-24,-6.1500582170064035,6.1500582170064035,-0.01586511585928783,0.01586511585928783,False,2467.4434971899177,,
1987.14,1987,14,405.25858599372367,0.6458571428571428,417.85777193562865,389.13393637134163,1987,0.2451003928090041,1987-12-31,17.61198627437733,17.61198627437733,0.043458638220314205,0.043458638220314205,False,2467.4434971899177,,
1987.15,1987,15,430.760757457355,0.6164285714285713,440.0331111664572,420.28892993659525,1988,0.26052410611020826,1988-01-07,25.502171463631328,25.502171463631328,0.059202633996101706,0.059202633996101706,False,2467.4434971899177,,
1987.16,1987,16,454.72899656629926,0.5911428571428571,462.56506724863937,442.79918136912596,1988,0.2750200971232978,1988-01-14,23.96823910894426,23.96823910894426,0.05270884260720265,0.05270884260720265,False,2467.4434971899177,,
1987.17,1987,17,484.54590728547527,0.5601428571428572,494.68108319071365,470.1789493868897,1988,0.2930533647262554,1988-01-21,29.816910719176008,29.816910719176008,0.061535780760622674,0.061535780760622674,False,2467.4434971899177,,
1987.18,1987,18,535.4388348112536,0.5261428571428572,563.9275439778775,505.01787451967766,1988,0.32383340729384624,1988-01-28,50.89292752577836,50.89292752577836,0.0950490032044809,0.0950490032044809,False,2467.4434971899177,,
1987.19,1987,19,617.6923352666192,0.47600000000000003,751.6655881559767,571.8920920403683,1988,0.37358032436925126,1988-02-04,82.25350045536561,82.25350045536561,0.13316257262583955,0.13316257262583955,False,2467.4434971899177,,
1987.2,1987,20,880.042415420863,0.3688571428571429,905.4211927358452,847.0875422650073,1988,0.5322496528465379,1988-02-11,262.35008015424376,262.35008015424376,0.29811072234374064,0.29811072234374064,False,2467.4434971899177,,
1987.21,1987,21,894.6319696060989,0.3632857142857143,924.6839937244496,885.1094475277025,1988,0.5410734152177686,1988-02-18,14.589554185235897,14.589554185235897,0.01630788377891256,0.01630788377891256,False,2467.4434971899177,,
1987.22,1987,22,1073.8466425054098,0.30928571428571433,1141.726989184771,941.1240560143013,1988,0.6494624493872718,1988-02-25,179.21467289931093,179.21467289931093,0.1668903787613305,0.1668903787613305,False,2467.4434971899177,,
1987.23,1987,23,1054.84489754486,0.31757142857142856,1073.2959927204865,1042.8375986738163,1988,0.6379701940351313,1988-03-03,-19.001744960549786,19.001744960549786,-0.018013780987874276,0.018013780987874276,False,2467.4434971899177,,
1987.24,1987,24,1058.8114627100254,0.31628571428571434,1080.0406798008228,1027.8009259147987,1988,0.6403691726470234,1988-03-10,3.9665651651653206,3.9665651651653206,0.003746243127188014,0.003746243127188014,False,2467.4434971899177,,
1987.25,1987,25,1112.5874621569046,0.29700000000000004,1141.726989184771,1086.4244972913411,1988,0.6728928971124959,1988-03-17,53.77599944687927,53.77599944687927,0.048334177110559075,0.048334177110559075,False,2467.4434971899177,,
1987.26,1987,26,1187.4262254026667,0.2775714285714286,1246.0803627849048,1151.4124173518942,1988,0.7181553811235327,1988-03-24,74.83876324576204,74.83876324576204,0.06302603197127768,0.06302603197127768,False,2467.4434971899177,,
1987.27,1987,27,1375.2512511004618,0.24885714285714286,1528.006983766956,1297.4934435018629,1988,0.8317519566655592,1988-03-31,187.82502569779513,187.82502569779513,0.13657506259128976,0.13657506259128976,False,2467.4434971899177,,
1987.28,1987,28,1896.4731070767932,0.18685714285714286,2155.2089572641244,1609.5195834351925,1988,1.1469869351600444,1988-04-07,521.2218559763314,521.2218559763314,0.2748374622510404,0.2748374622510404,False,2467.4434971899177,,
1987.29,1987,29,2335.2188483063173,0.13942857142857143,2411.0479762115906,2221.9458555412634,1988,1.4123403594556607,1988-04-14,438.7457412295241,438.7457412295241,0.18788206576344513,0.18788206576344513,False,2467.4434971899177,,
1987.3,1987,30,2418.8658350474975,0.13071428571428573,2467.4434971899177,2345.660513136817,1988,1.4629300570367265,1988-04-21,83.64698674118017,83.64698674118017,0.03458107743273726,0.03458107743273726,True,2467.4434971899177,True,
1987.31,1987,31,2234.111429775926,0.1512857142857143,2310.3827547648234,2169.222343577076,1988,1.35119059272848,1988-04-28,-184.7544052715716,184.7544052715716,-0.0826970413423389,0.0826970413423389,False,2467.4434971899177,,
1987.32,1987,32,2090.225919403444,0.16714285714285712,2155.2089572641244,2019.8353690960687,1988,1.264168636055203,1988-05-05,-143.8855103724818,143.8855103724818,-0.06883730080887482,0.06883730080887482,False,2467.4434971899177,,
1987.33,1987,33,1892.4196142949884,0.18700000000000003,1971.8467458433613,1807.794012387604,1988,1.1445353827256088,1988-05-12,-197.80630510845572,197.80630510845572,-0.10452560500549847,0.10452560500549847,False,2467.4434971899177,,
1987.34,1987,34,1728.8299420817882,0.20385714285714282,1801.689870916998,1659.7232892169968,1988,1.0455963489710656,1988-05-19,-163.58967221320017,163.58967221320017,-0.09462450194274863,0.09462450194274863,False,2467.4434971899177,,
1987.35,1987,35,1529.2409806862797,0.22685714285714287,1631.4057003589478,1436.9972565708524,1988,0.9248849451190618,1988-05-26,-199.58896139550848,199.58896139550848,-0.13051504891396426,0.13051504891396426,False,2467.4434971899177,,
1987.36,1987,36,1328.8545013128587,0.25485714285714284,1399.6225280663384,1216.5619918456675,1988,0.803691202394017,1988-06-02,-200.38647937342103,200.38647937342103,-0.150796403349988,0.150796403349988,False,2467.4434971899177,,
1987.37,1987,37,1135.9000389512855,0.2911428571428572,1195.2983332432605,1082.8793953113418,1988,0.6869923435577376,1988-06-09,-192.95446236157318,192.95446236157318,-0.16986922770045637,0.16986922770045637,False,2467.4434971899177,,
1987.38,1987,38,957.0993096036651,0.34385714285714286,1066.3481241083625,847.0875422650073,1988,0.5788536624482967,1988-06-16,-178.8007293476204,178.8007293476204,-0.18681523176697495,0.18681523176697495,False,2467.4434971899177,,
1987.39,1987,39,742.9006023720483,0.4198571428571428,817.7246825595828,666.8063237852695,1988,0.44930628431461483,1988-06-23,-214.19870723161682,214.19870723161682,-0.2883275454989402,0.2883275454989402,False,2467.4434971899177,,
1987.4,1987,40,600.1447990917068,0.48357142857142854,647.6489852382476,563.9275439778775,1988,0.3629675744906643,1988-06-30,-142.75580328034152,142.75580328034152,-0.23786893345805257,0.23786893345805257,False,2467.4434971899177,,
1987.41,1987,41,522.0707202650317,0.5358571428571428,550.9983234585969,494.68108319071365,1988,0.31574837161629116,1988-07-07,-78.07407882667508,78.07407882667508,-0.14954694028242074,0.14954694028242074,False,2467.4434971899177,,
1987.42,1987,42,466.5278476387405,0.5775714285714286,486.02502639130836,445.541354005931,1988,0.28215604225191027,1988-07-14,-55.54287262629117,55.54287262629117,-0.11905585680986235,0.11905585680986235,False,2467.4434971899177,,
1987.43,1987,43,430.89249731635033,0.6165714285714285,442.79918136912596,417.85777193562865,1988,0.2606037823769287,1988-07-21,-35.635350322390195,35.635350322390195,-0.08270125505626436,0.08270125505626436,False,2467.4434971899177,,
1987.44,1987,44,398.6097150314868,0.6545714285714286,413.7323824701425,386.53109723034976,1988,0.24107915565104326,1988-07-28,-32.282782284863515,32.282782284863515,-0.08098844826778355,0.08098844826778355,False,2467.4434971899177,,
1987.45,1987,45,369.52981330632167,0.6894285714285715,380.8369423592014,360.34880084276085,1988,0.2234916310876634,1988-08-04,-29.079901725165143,29.079901725165143,-0.07869433176440183,0.07869433176440183,False,2467.4434971899177,,
1987.46,1987,46,341.8952385569728,0.7205714285714286,350.2192051008483,338.3210417029997,1988,0.20677824027925717,1988-08-11,-27.63457474934887,27.63457474934887,-0.08082760925827838,0.08082760925827838,False,2467.4434971899177,,
1987.47,1987,47,331.74565907426035,0.7371428571428572,338.3210417029997,323.62655383883583,1988,0.20063977460811266,1988-08-18,-10.149579482712454,10.149579482712454,-0.030594460560644438,0.030594460560644438,False,2467.4434971899177,,
1987.48,1987,48,310.9443745048866,0.769142857142857,320.2150422476492,302.30479186612183,1988,0.18805915770055542,1988-08-25,-20.801284569373763,20.801284569373763,-0.06689712461431543,0.06689712461431543,False,2467.4434971899177,,
1987.49,1987,49,292.04291370381185,0.7955714285714286,299.18021087320443,287.1870699602335,1988,0.17662755420806547,1988-09-01,-18.901460801074734,18.901460801074734,-0.06472151835960821,0.06472151835960821,False,2467.4434971899177,,
1987.5,1987,50,280.9438317538849,0.8154285714285715,287.1870699602335,275.9224808516464,1988,0.1699148294447496,1988-09-08,-11.099081949926926,11.099081949926926,-0.03950640909479034,0.03950640909479034,False,2467.4434971899177,,
1987.51,1987,51,269.7680193784937,0.8380000000000001,275.9224808516464,264.1051871975735,1988,0.163155698120113,1988-09-15,-11.175812375391217,11.175812375391217,-0.041427491669096525,0.041427491669096525,False,2467.4434971899177,,
1987.52,1987,52,254.70624208784517,0.8674285714285714,261.382924552137,249.7991800258312,1988,0.15404633521472877,1988-09-22,-15.061777290648536,15.061777290648536,-0.05913391508266965,0.05913391508266965,False,2467.4434971899177,,
1987.53,1987,53,249.7991800258312,0.875,249.7991800258312,249.7991800258312,1988,0.043165298308463634,1988-09-29,-4.907062062013978,4.907062062013978,-0.019644027900758317,0.019644027900758317,False,2467.4434971899177,,
1988.01,1988,1,244.00951774773853,0.8827142857142858,246.1954239432886,239.64129376144416,1988,0.14757695633383228,1988-10-01,-5.789662278092663,5.789662278092663,-0.0237271985598452,0.0237271985598452,False,3811.676948218156,,
1988.02,1988,2,231.957471299553,0.9034285714285716,243.2796862142866,222.2828362851385,1988,0.14028787864196965,1988-10-08,-12.052046448185536,12.052046448185536,-0.05195800066565375,0.05195800066565375,False,3811.676948218156,,
1988.03,1988,3,213.52350048104952,0.9338571428571428,222.2828362851385,209.2745177174335,1988,0.12913901309093878,1988-10-15,-18.433970818503468,18.433970818503468,-0.0863322808823074,0.0863322808823074,False,3811.676948218156,,True
1988.04,1988,4,224.61357937168583,0.918,231.43340615217082,222.2828362851385,1988,0.1358462928039956,1988-10-22,11.090078890636306,11.090078890636306,0.049374035717959314,0.049374035717959314,False,3811.676948218156,,
1988.05,1988,5,241.8796406306072,0.886142857142857,249.7991800258312,234.76788002600708,1988,0.14628880665339122,1988-10-29,17.266061258921383,17.266061258921383,0.0713828630384386,0.0713828630384386,False,3811.676948218156,,
1988.06,1988,6,255.32029014770907,0.8670000000000001,258.7976520087449,249.7991800258312,1988,0.15441771148133446,1988-11-05,13.44064951710186,13.44064951710186,0.05264230864427623,0.05264230864427623,False,3811.676948218156,,
1988.07,1988,7,279.1580003818941,0.8198571428571427,290.5219447532691,264.1051871975735,1988,0.16883475863096956,1988-11-12,23.83771023418504,23.83771023418504,0.0853914636212272,0.0853914636212272,False,3811.676948218156,,
1988.08,1988,8,312.9796184879707,0.7652857142857142,325.6607962357874,299.18021087320443,1988,0.18929007326152464,1988-11-19,33.821618106076585,33.821618106076585,0.10806332460072479,0.10806332460072479,False,3811.676948218156,,
1988.09,1988,9,340.7116588447838,0.7227142857142858,344.6194637292325,331.6115672476363,1988,0.20606241126932526,1988-11-26,27.732040356813116,27.732040356813116,0.08139445668176225,0.08139445668176225,False,3811.676948218156,,
1988.1,1988,10,368.5521840983234,0.6901428571428571,391.8169121240828,340.5953058875766,1988,0.22290036094266596,1988-12-03,27.840525253539568,27.840525253539568,0.07554025306254106,0.07554025306254106,False,3811.676948218156,,
1988.11,1988,11,383.9399586684954,0.6714285714285715,391.8169121240828,373.01012538244936,1988,0.23220688700270603,1988-12-10,15.387774570172041,15.387774570172041,0.040078596204304644,0.040078596204304644,False,3811.676948218156,,
1988.12,1988,12,416.2729603839954,0.6337142857142858,442.79918136912596,398.1467533267305,1988,0.2517618864402404,1988-12-17,32.33300171549996,32.33300171549996,0.07767259657142765,0.07767259657142765,False,3811.676948218156,,
1988.13,1988,13,465.8646674546405,0.5784285714285715,477.3484869166725,455.65515596238953,1988,0.2817549508765666,1988-12-24,49.5917070706451,49.5917070706451,0.1064508869960044,0.1064508869960044,False,3811.676948218156,,
1988.14,1988,14,498.1263408740766,0.551,512.1178199937132,486.02502639130836,1988,0.3012668109606415,1988-12-31,32.261673419436136,32.261673419436136,0.06476604582449033,0.06476604582449033,False,3811.676948218156,,
1988.15,1988,15,524.5161763722814,0.5347142857142858,542.0087505502821,512.1178199937132,1989,0.3172273834699557,1989-01-07,26.389835498204775,26.389835498204775,0.050312719963615166,0.050312719963615166,False,3811.676948218156,,
1988.16,1988,16,596.8522203036764,0.4858571428571428,636.9257883620418,550.9983234585969,1989,0.36097622283966346,1989-01-14,72.33604393139501,72.33604393139501,0.12119590322473907,0.12119590322473907,False,3811.676948218156,,
1988.17,1988,17,656.4995759985038,0.4572857142857143,682.3088631722309,636.9257883620418,1989,0.3970509435638951,1989-01-21,59.64735569482741,59.64735569482741,0.09085665532092187,0.09085665532092187,False,3811.676948218156,,
1988.18,1988,18,755.2974968670353,0.4147142857142857,819.2739407352476,684.6893499137433,1989,0.45680392610518294,1989-01-28,98.79792086853149,98.79792086853149,0.13080663086842476,0.13080663086842476,False,3811.676948218156,,
1988.19,1988,19,862.2079127533729,0.37400000000000005,906.4211780013767,817.7246825595828,1989,0.52146334563324,1989-02-04,106.91041588633755,106.91041588633755,0.12399609688680548,0.12399609688680548,False,3811.676948218156,,
1988.2,1988,20,1135.941275418863,0.29728571428571426,1431.7953534582748,952.4350838829193,1989,0.6870172833733282,1989-02-11,273.73336266549006,273.73336266549006,0.24097492413466057,0.24097492413466057,False,3811.676948218156,,
1988.21,1988,21,1573.96952449832,0.225,2028.446564081993,1246.0803627849048,1989,0.9519367684165838,1989-02-18,438.02824907945705,438.02824907945705,0.27829525429920393,0.27829525429920393,False,3811.676948218156,,
1988.22,1988,22,2330.132149362913,0.1412857142857143,2542.9744128795624,2139.216866369918,1989,1.4092639239346898,1989-02-25,756.162624864593,756.162624864593,0.3245149100540659,0.3245149100540659,False,3811.676948218156,,
1988.23,1988,23,2856.2068859472106,0.09728571428571427,3122.545576863084,2591.896796157977,1989,1.727433924620873,1989-03-04,526.0747365842976,526.0747365842976,0.18418649544353094,0.18418649544353094,False,3811.676948218156,,
1988.24,1988,24,3323.2134166655414,0.06757142857142857,3381.83958649344,3122.545576863084,1989,2.00987947439932,1989-03-11,467.00653071833085,467.00653071833085,0.14052860053355154,0.14052860053355154,False,3811.676948218156,,
1988.25,1988,25,3434.0158000280676,0.061285714285714284,3488.168641405712,3332.217132164571,1989,2.076892755856975,1989-03-18,110.80238336252614,110.80238336252614,0.03226612508935472,0.03226612508935472,True,3811.676948218156,,
1988.26,1988,26,3161.6171459774464,0.07528571428571429,3227.9047484993603,3112.623308365314,1989,1.9121460498871596,1989-03-25,-272.3986540506212,272.3986540506212,-0.08615801391297376,0.08615801391297376,False,3811.676948218156,,
1988.27,1988,27,3038.1279514941843,0.08371428571428571,3049.547329305057,3020.841272673107,1989,1.8374597850636827,1989-04-01,-123.48919448326205,123.48919448326205,-0.040646475874239835,0.040646475874239835,False,3811.676948218156,,
1988.28,1988,28,3106.5435107737217,0.07942857142857143,3278.6645629042023,3020.841272673107,1989,1.8788375153159471,1989-04-08,68.41555927953732,68.41555927953732,0.022023048781472758,0.022023048781472758,False,3811.676948218156,,
1988.29,1988,29,3422.792323057251,0.062,3470.2255127941166,3332.217132164571,1989,2.0701047969850253,1989-04-15,316.24881228352933,316.24881228352933,0.09239497534020841,0.09239497534020841,False,3811.676948218156,,
1988.3,1988,30,3580.354000157086,0.052857142857142846,3734.2590342319786,3467.070774707111,1989,2.1653980992950057,1989-04-22,157.56167709983492,157.56167709983492,0.0440072900872154,0.0440072900872154,False,3811.676948218156,,
1988.31,1988,31,3799.367094469256,0.04542857142857142,3811.676948218156,3773.148259641381,1989,2.297857218735006,1989-04-29,219.01309431216987,219.01309431216987,0.057644625767009336,0.057644625767009336,True,3811.676948218156,True,
1988.32,1988,32,3659.1150701677734,0.049571428571428565,3734.2590342319786,3530.1446963297662,1989,2.2130327944374693,1989-05-06,-140.25202430148238,140.25202430148238,-0.03832949268115028,0.03832949268115028,False,3811.676948218156,,
1988.33,1988,33,3376.7217790137524,0.0642857142857143,3488.168641405712,3185.838009938993,1989,2.0422413319475177,1989-05-13,-282.393291154021,282.393291154021,-0.08362942215408113,0.08362942215408113,False,3811.676948218156,,
1988.34,1988,34,2998.9487608780187,0.08671428571428572,3139.3228726318957,2840.311133494523,1989,1.8137642105790257,1989-05-20,-377.77301813573376,377.77301813573376,-0.12596848037681413,0.12596848037681413,False,3811.676948218156,,
1988.35,1988,35,2637.1532581385395,0.11385714285714287,2782.206511497961,2467.4434971899177,1989,1.5949502905221888,1989-05-27,-361.79550273947916,361.79550273947916,-0.13719168638490736,0.13719168638490736,False,3811.676948218156,,
1988.36,1988,36,2262.1085219062284,0.14785714285714288,2395.739198274402,2139.216866369918,1989,1.368123234048887,1989-06-03,-375.04473623231115,375.04473623231115,-0.1657943164973665,0.1657943164973665,False,3811.676948218156,,
1988.37,1988,37,1954.099841125371,0.18085714285714286,2102.0563354773317,1801.689870916998,1989,1.1818395839126246,1989-06-10,-308.0086807808573,308.0086807808573,-0.15762177259247628,0.15762177259247628,False,3811.676948218156,,
1988.38,1988,38,1617.1573349738253,0.2165714285714286,1745.9668486656192,1492.9232463956196,1989,0.9780567561921696,1989-06-17,-336.9425061515458,336.9425061515458,-0.20835480807252402,0.20835480807252402,False,3811.676948218156,,
1988.39,1988,39,1308.9278240961376,0.25757142857142856,1446.688358904274,1195.2983332432605,1989,0.791639548013344,1989-06-24,-308.22951087768774,308.22951087768774,-0.23548243470989813,0.23548243470989813,False,3811.676948218156,,
1988.4,1988,40,1107.6158506075947,0.2998571428571429,1166.683447695578,1050.5490333418047,1989,0.6698860664474732,1989-07-01,-201.3119734885429,201.3119734885429,-0.18175252130791647,0.18175252130791647,False,3811.676948218156,,
1988.41,1988,41,900.7002957348711,0.3615714285714286,989.4775076349575,817.7246825595828,1989,0.54474353886045,1989-07-08,-206.91555487272353,206.91555487272353,-0.22972741971168498,0.22972741971168498,False,3811.676948218156,,
1988.42,1988,42,710.8730906952885,0.4331428571428572,779.3663976124346,647.6489852382476,1989,0.4299360452525105,1989-07-15,-189.82720503958262,189.82720503958262,-0.2670338876576648,0.2670338876576648,False,3811.676948218156,,
1988.43,1988,43,591.9982400278843,0.48842857142857143,630.1125986840717,556.2195342976412,1989,0.35804053556886445,1989-07-22,-118.87485066740419,118.87485066740419,-0.20080270958542873,0.20080270958542873,False,3811.676948218156,,
1988.44,1988,44,521.7976636414804,0.5361428571428571,548.1781559247493,489.3436243127323,1989,0.3155832269703674,1989-07-29,-70.2005763864039,70.2005763864039,-0.1345360113276354,0.1345360113276354,False,3811.676948218156,,
1988.45,1988,45,465.34001662549144,0.5794285714285714,479.56309760929685,453.07261391760653,1989,0.28143764205509725,1989-08-05,-56.45764701598898,56.45764701598898,-0.12132557914404866,0.12132557914404866,False,3811.676948218156,,
1988.46,1988,46,429.7705351005983,0.6177142857142857,445.541354005931,420.28892993659525,1989,0.2599252196288418,1989-08-12,-35.56948152489315,35.56948152489315,-0.08276389054118669,0.08276389054118669,False,3811.676948218156,,
1988.47,1988,47,394.72862876086225,0.6591428571428571,413.7323824701425,380.8369423592014,1989,0.2387318746745695,1989-08-19,-35.041906339736045,35.041906339736045,-0.08877467654104568,0.08877467654104568,False,3811.676948218156,,
1988.48,1988,48,367.0418580116172,0.6922857142857143,377.11676084070143,354.79390401982363,1989,0.22198691572542614,1989-08-26,-27.686770749245056,27.686770749245056,-0.07543218884961275,0.07543218884961275,False,3811.676948218156,,
1988.49,1988,49,344.1956275936685,0.7182857142857143,351.833115992506,336.2965016301672,1989,0.2081695155686507,1989-09-02,-22.846230417948675,22.846230417948675,-0.0663757136535134,0.0663757136535134,False,3811.676948218156,,
1988.5,1988,50,325.1222122662526,0.7490000000000002,333.1009578498461,314.5447141692678,1989,0.19663391397862956,1989-09-09,-19.073415327415944,19.073415327415944,-0.058665371382857524,0.058665371382857524,False,3811.676948218156,,
1988.51,1988,51,299.51896140128275,0.786142857142857,311.8968366246416,287.1870699602335,1989,0.18114906785549578,1989-09-16,-25.603250864969823,25.603250864969823,-0.08548123546231078,0.08548123546231078,False,3811.676948218156,,
1988.52,1988,52,279.8641408192628,0.8171428571428573,287.1870699602335,273.7644374568714,1989,0.16926183236749012,1989-09-23,-19.654820582019966,19.654820582019966,-0.07022986412079536,0.07022986412079536,False,3811.676948218156,,
1988.53,1988,53,273.7644374568714,0.8280000000000001,273.7644374568714,273.7644374568714,1989,0.023653247396273686,1989-09-30,-6.099703362391381,6.099703362391381,-0.022280846332907365,0.022280846332907365,False,3811.676948218156,,
1989.01,1989,1,271.84016636751744,0.8331428571428571,273.7644374568714,270.26224589706084,1989,0.16440893261907452,1989-10-01,-1.9242710893539652,1.9242710893539652,-0.007078685666901869,0.007078685666901869,False,1027.8009259147987,,
1989.02,1989,2,266.63030554483475,0.8460000000000001,270.26224589706084,264.1051871975735,1989,0.16125800879351607,1989-10-08,-5.2098608226826855,5.2098608226826855,-0.019539642397501698,0.019539642397501698,False,1027.8009259147987,,
1989.03,1989,3,269.1588938341972,0.8387142857142857,273.7644374568714,261.382924552137,1989,0.16278729899092248,1989-10-15,2.5285882893624603,2.5285882893624603,0.009394407345573648,0.009394407345573648,False,1027.8009259147987,,
1989.04,1989,4,259.53630130685696,0.8600000000000001,261.382924552137,258.7976520087449,1989,0.15696755503038706,1989-10-22,-9.62259252734026,9.62259252734026,-0.037076094861825136,0.037076094861825136,False,1027.8009259147987,,
1989.05,1989,5,258.79765200874493,0.862,258.7976520087449,258.7976520087449,1989,0.15652081993488892,1989-10-29,-0.7386492981120227,0.7386492981120227,-0.0028541576493401237,0.0028541576493401237,False,1027.8009259147987,,
1989.06,1989,6,245.6081675635608,0.8802857142857142,258.7976520087449,236.19433422910615,1989,0.14854381974244163,1989-11-05,-13.18948444518412,13.18948444518412,-0.05370132669456451,0.05370132669456451,False,1027.8009259147987,,
1989.07,1989,7,239.69598888158825,0.8891428571428571,243.2796862142866,236.19433422910615,1989,0.1449681340755846,1989-11-12,-5.912178681972563,5.912178681972563,-0.024665321725067444,0.024665321725067444,False,1027.8009259147987,,
1989.08,1989,8,235.4640819882124,0.8968571428571428,239.64129376144416,234.76788002600708,1989,0.14240867678647087,1989-11-19,-4.23190689337585,4.23190689337585,-0.01797262180134847,0.01797262180134847,False,1027.8009259147987,,True
1989.09,1989,9,238.15929210495037,0.8931428571428572,243.2796862142866,231.43340615217082,1989,0.14403873986507398,1989-11-26,2.695210116737968,2.695210116737968,0.011316837957136108,0.011316837957136108,False,1027.8009259147987,,
1989.1,1989,10,259.18909141535454,0.8562857142857142,287.1870699602335,246.1954239432886,1989,0.15675756248800643,1989-12-03,21.029799310404172,21.029799310404172,0.08113689968804896,0.08113689968804896,False,1027.8009259147987,,
1989.11,1989,11,256.60578614526815,0.8651428571428571,258.7976520087449,249.7991800258312,1989,0.15519517946065817,1989-12-10,-2.5833052700863846,2.5833052700863846,-0.010067213638837976,0.010067213638837976,False,1027.8009259147987,,
1989.12,1989,12,291.806629116817,0.801,329.2057950036568,261.382924552137,1989,0.17648464928985091,1989-12-17,35.200842971548866,35.200842971548866,0.1206307172598781,0.1206307172598781,False,1027.8009259147987,,
1989.13,1989,13,348.87142199827804,0.7137142857142856,402.90237744418727,323.62655383883583,1989,0.21099743602455856,1989-12-24,57.06479288146102,57.06479288146102,0.16356969726727194,0.16356969726727194,False,1027.8009259147987,,
1989.14,1989,14,436.22800483912835,0.612,440.0331111664572,422.4698189706656,1989,0.2638306973267047,1989-12-31,87.35658284085031,87.35658284085031,0.20025441253609008,0.20025441253609008,False,1027.8009259147987,,
1989.15,1989,15,440.99279911256235,0.6041428571428572,455.65515596238953,430.9578316629287,1990,0.2667124449032777,1990-01-07,4.764794273434006,4.764794273434006,0.010804698586966732,0.010804698586966732,False,1027.8009259147987,,
1989.16,1989,16,497.7722858451875,0.5542857142857144,542.0087505502821,459.26044279675483,1990,0.30105267847916944,1990-01-14,56.77948673262517,56.77948673262517,0.1140671916601725,0.1140671916601725,False,1027.8009259147987,,
1989.17,1989,17,541.2762600153864,0.5227142857142858,563.9275439778775,523.0192327708844,1990,0.3273638820573057,1990-01-21,43.50397417019883,43.50397417019883,0.08037295810638764,0.08037295810638764,False,1027.8009259147987,,
1989.18,1989,18,661.6630826984459,0.4548571428571429,733.8512888156049,601.777842158206,1990,0.4001738324160201,1990-01-28,120.38682268305956,120.38682268305956,0.18194580569931249,0.18194580569931249,False,1027.8009259147987,,
1989.19,1989,19,710.491810204557,0.4330000000000001,733.8512888156049,691.9065967426677,1990,0.4297054468117161,1990-02-04,48.828727506111136,48.828727506111136,0.06872525031928645,0.06872525031928645,False,1027.8009259147987,,
1989.2,1989,20,720.9380316688256,0.42857142857142855,733.8512888156049,705.8654488603318,1990,0.4360233215533057,1990-02-11,10.446221464268547,10.446221464268547,0.014489763343581222,0.014489763343581222,True,1027.8009259147987,,
1989.21,1989,21,690.6645037489743,0.44185714285714284,712.0837013457431,666.8063237852695,1990,0.41771389186737967,1990-02-18,-30.27352791985129,30.27352791985129,-0.043832465336678665,0.043832465336678665,False,1027.8009259147987,,
1989.22,1989,22,712.9363995035063,0.432,748.233943314839,666.8063237852695,1990,0.43118393441972064,1990-02-25,22.27189575453201,22.27189575453201,0.031239667058719837,0.031239667058719837,False,1027.8009259147987,,
1989.23,1989,23,787.8309976166314,0.4015714285714286,817.7246825595828,768.4460718744957,1990,0.47648018735853864,1990-03-04,74.89459811312508,74.89459811312508,0.09506429467702888,0.09506429467702888,False,1027.8009259147987,,
1989.24,1989,24,852.7687242434477,0.37757142857142856,876.9389119074414,819.2739407352476,1990,0.5157545244224371,1990-03-11,64.93772662681624,64.93772662681624,0.0761492826609315,0.0761492826609315,False,1027.8009259147987,,
1989.25,1989,25,887.8085549213226,0.36600000000000005,905.4211927358452,876.9389119074414,1990,0.536946614016416,1990-03-18,35.03983067787499,35.03983067787499,0.039467777691081396,0.039467777691081396,False,1027.8009259147987,,
1989.26,1989,26,932.9598071177655,0.3507142857142857,941.1240560143013,906.4211780013767,1990,0.5642540913448245,1990-03-25,45.1512521964429,45.1512521964429,0.04839570992445074,0.04839570992445074,True,1027.8009259147987,,
1989.27,1989,27,929.2682726909022,0.3522857142857143,941.1240560143013,924.6839937244496,1990,0.5620214513234576,1990-04-01,-3.6915344268633135,3.6915344268633135,-0.003972517447705018,0.003972517447705018,False,1027.8009259147987,,
1989.28,1989,28,905.382326497523,0.359,924.6839937244496,885.1094475277025,1990,0.5475752310657018,1990-04-08,-23.885946193379255,23.885946193379255,-0.026382165295607416,0.026382165295607416,False,1027.8009259147987,,
1989.29,1989,29,882.7750087790564,0.36842857142857144,885.1094475277025,876.9389119074414,1990,0.5339023253095734,1990-04-15,-22.60731771846656,22.60731771846656,-0.025609376674283254,0.025609376674283254,False,1027.8009259147987,,
1989.3,1989,30,886.074096408768,0.3664285714285715,891.8619896951615,885.1094475277025,1990,0.535897613508023,1990-04-22,3.2990876297116074,3.2990876297116074,0.003723263825319701,0.003723263825319701,False,1027.8009259147987,,
1989.31,1989,31,911.6152786303046,0.35642857142857143,947.0029281802471,891.8619896951615,1990,0.5513449205156083,1990-04-29,25.541182221536587,25.541182221536587,0.028017501264252648,0.028017501264252648,False,1027.8009259147987,,
1989.32,1989,32,951.4757074306365,0.3448571428571428,971.4321659369264,929.9006238828883,1990,0.5754525078540489,1990-05-06,39.860428800331874,39.860428800331874,0.04189327009511458,0.04189327009511458,False,1027.8009259147987,,
1989.33,1989,33,995.7573072226699,0.3325714285714286,1022.7291742398579,971.4321659369264,1990,0.6022340194082707,1990-05-13,44.281599792033376,44.281599792033376,0.04447027350021865,0.04447027350021865,False,1027.8009259147987,,
1989.34,1989,34,1025.2187784728812,0.326,1027.8009259147987,1022.7291742398579,1990,0.6200523172203986,1990-05-20,29.46147125021139,29.46147125021139,0.028736765136213992,0.028736765136213992,True,1027.8009259147987,True,
1989.35,1989,35,1008.868065500573,0.32942857142857146,1027.8009259147987,971.4321659369264,1990,0.6101634060147466,1990-05-27,-16.3507129723082,16.3507129723082,-0.01620698833815839,0.01620698833815839,False,1027.8009259147987,,
1989.36,1989,36,937.0716087058912,0.34871428571428575,957.9333972550563,906.4211780013767,1990,0.566740908945323,1990-06-03,-71.79645679468183,71.79645679468183,-0.07661789785076695,0.07661789785076695,False,1027.8009259147987,,
1989.37,1989,37,814.2176002664809,0.3922857142857143,891.8619896951615,733.8512888156049,1990,0.49243880464116757,1990-06-10,-122.85400843941034,122.85400843941034,-0.1508859651267697,0.1508859651267697,False,1027.8009259147987,,
1989.38,1989,38,639.9718662275737,0.4648571428571429,712.0837013457431,577.9502839498093,1990,0.38705498469443667,1990-06-17,-174.24573403890713,174.24573403890713,-0.2722709281988115,0.2722709281988115,False,1027.8009259147987,,
1989.39,1989,39,532.3555892675311,0.5284285714285714,566.8540212047202,494.68108319071365,1990,0.32196866038900274,1990-06-24,-107.61627696004268,107.61627696004268,-0.20215111690310625,0.20215111690310625,False,1027.8009259147987,,
1989.4,1989,40,468.87645156301716,0.5750000000000001,486.02502639130836,455.65515596238953,1990,0.28357647790531276,1990-07-01,-63.4791377045139,63.4791377045139,-0.13538563835505885,0.13538563835505885,False,1027.8009259147987,,
1989.41,1989,41,428.82345780835306,0.6195714285714286,445.541354005931,413.7323824701425,1990,0.2593524272824919,1990-07-08,-40.0529937546641,40.0529937546641,-0.09340205864522533,0.09340205864522533,False,1027.8009259147987,,
1989.42,1989,42,391.51327784545913,0.6618571428571428,408.00454625357366,380.8369423592014,1990,0.23678723044093372,1990-07-15,-37.310179962893926,37.310179962893926,-0.09529735534951962,0.09529735534951962,False,1027.8009259147987,,
1989.43,1989,43,359.51058159642764,0.699857142857143,373.01012538244936,350.2192051008483,1990,0.21743199974951946,1990-07-22,-32.00269624903149,32.00269624903149,-0.08901739722631154,0.08901739722631154,False,1027.8009259147987,,
1989.44,1989,44,341.92584625188056,0.7202857142857144,346.9384943839358,335.4728177879068,1990,0.20679675181313736,1990-07-29,-17.584735344547084,17.584735344547084,-0.05142850573393988,0.05142850573393988,False,1027.8009259147987,,
1989.45,1989,45,327.85690962358984,0.7435714285714285,335.4728177879068,320.2150422476492,1990,0.19828785894034717,1990-08-05,-14.068936628290714,14.068936628290714,-0.0429118198071322,0.0429118198071322,False,1027.8009259147987,,
1989.46,1989,46,312.0636490094187,0.7667142857142858,320.2150422476492,306.020121877383,1990,0.18873609492089635,1990-08-12,-15.793260614171118,15.793260614171118,-0.050609100625156264,0.050609100625156264,False,1027.8009259147987,,
1989.47,1989,47,291.376165428678,0.7968571428571429,302.30479186612183,287.1870699602335,1990,0.1762243048512645,1990-08-19,-20.687483580740718,20.687483580740718,-0.07099923066907311,0.07099923066907311,False,1027.8009259147987,,
1989.48,1989,48,272.30229065318014,0.833,281.3222739992266,266.78604271350054,1990,0.16468842538704334,1990-08-26,-19.07387477549787,19.07387477549787,-0.07004669233499565,0.07004669233499565,False,1027.8009259147987,,
1989.49,1989,49,252.43203668669304,0.8698571428571428,264.1051871975735,234.76788002600708,1990,0.15267089578811197,1990-09-02,-19.8702539664871,19.8702539664871,-0.07871526224363169,0.07871526224363169,False,1027.8009259147987,,
1989.5,1989,50,226.6670912033838,0.9134285714285714,231.43340615217082,222.2828362851385,1990,0.13708825675980651,1990-09-09,-25.764945483309248,25.764945483309248,-0.11366866423582805,0.11366866423582805,False,1027.8009259147987,,
1989.51,1989,51,220.26838312170872,0.9249999999999999,224.67104686473823,212.05144921368182,1990,0.13321831811200946,1990-09-16,-6.398708081675068,6.398708081675068,-0.029049598453444306,0.029049598453444306,False,1027.8009259147987,,
1989.52,1989,52,225.2367011165716,0.9165714285714286,228.5473327785961,220.53049583159046,1990,0.13622315683530253,1990-09-23,4.968317994862872,4.968317994862872,0.0220582079662564,0.0220582079662564,False,1027.8009259147987,,
1989.53,1989,53,228.5473327785961,0.91,228.5473327785961,228.5473327785961,1990,0.0197464895520707,1990-09-30,3.310631662024491,3.310631662024491,0.014485540573915366,0.014485540573915366,False,1027.8009259147987,,
1990.01,1990,1,219.0658003983903,0.9274285714285714,224.67104686473823,212.05144921368182,1990,0.13249099608094644,1990-10-01,-9.481532380205778,9.481532380205778,-0.0432816640614956,0.0432816640614956,False,2293.9632006513275,,
1990.02,1990,2,217.62880375820254,0.9295714285714286,220.53049583159046,212.05144921368182,1990,0.13162190051296083,1990-10-08,-1.4369966401877718,1.4369966401877718,-0.006602970817155037,0.006602970817155037,False,2293.9632006513275,,
1990.03,1990,3,212.5272563162736,0.9355714285714286,220.53049583159046,206.59664326312716,1990,0.12853648462008224,1990-10-15,-5.101547441928943,5.101547441928943,-0.02400420318011845,0.02400420318011845,False,2293.9632006513275,,
1990.04,1990,4,205.8214246281975,0.9434285714285714,206.59664326312716,201.17011281861932,1990,0.12448079761513381,1990-10-22,-6.705831688076103,6.705831688076103,-0.03258082437331165,0.03258082437331165,False,2293.9632006513275,,
1990.05,1990,5,199.9829392216684,0.9560000000000001,201.17011281861932,199.0925590239552,1990,0.12094968164126507,1990-10-29,-5.838485406529088,5.838485406529088,-0.029194917472722497,0.029194917472722497,False,2293.9632006513275,,True
1990.06,1990,6,205.43279884474677,0.9450000000000001,212.05144921368182,201.17011281861932,1990,0.12424575674130288,1990-11-05,5.449859623078368,5.449859623078368,0.02652867338480371,0.02652867338480371,False,2293.9632006513275,,
1990.07,1990,7,210.9182526341454,0.9377142857142857,220.53049583159046,201.17011281861932,1990,0.12756335919313114,1990-11-12,5.485453789398633,5.485453789398633,0.026007487360108147,0.026007487360108147,False,2293.9632006513275,,
1990.08,1990,8,217.53645913714357,0.9277142857142857,228.5473327785961,212.05144921368182,1990,0.13156605048614445,1990-11-19,6.618206502998163,6.618206502998163,0.030423435819674643,0.030423435819674643,False,2293.9632006513275,,
1990.09,1990,9,238.4705454310028,0.8921428571428571,243.2796862142866,228.5473327785961,1990,0.14422698587667046,1990-11-26,20.934086293859224,20.934086293859224,0.08778478807948267,0.08778478807948267,False,2293.9632006513275,,
1990.1,1990,10,269.3167009481081,0.8382857142857142,290.5219447532691,246.1954239432886,1990,0.16288274073341577,1990-12-03,30.84615551710533,30.84615551710533,0.1145348781138113,0.1145348781138113,False,2293.9632006513275,,
1990.11,1990,11,301.9295435936966,0.7821428571428571,316.52242407738737,290.5219447532691,1990,0.18260698796546773,1990-12-10,32.6128426455885,32.6128426455885,0.10801474495478738,0.10801474495478738,False,2293.9632006513275,,
1990.12,1990,12,335.2204796355904,0.731,346.9384943839358,316.52242407738737,1990,0.20274134608360506,1990-12-17,33.29093604189376,33.29093604189376,0.09931056741546186,0.09931056741546186,False,2293.9632006513275,,
1990.13,1990,13,375.7399016385138,0.6807142857142858,430.9578316629287,344.6194637292325,1990,0.22724749251097312,1990-12-24,40.51942200292342,40.51942200292342,0.1078390179648946,0.1078390179648946,False,2293.9632006513275,,
1990.14,1990,14,424.2129746417776,0.6237142857142857,430.9578316629287,417.85777193562865,1990,0.2565640070633471,1990-12-31,48.47307300326378,48.47307300326378,0.11426588977905823,0.11426588977905823,False,2293.9632006513275,,
1990.15,1990,15,450.24649266798366,0.5948571428571429,470.1789493868897,426.6328809909446,1991,0.2723090787655965,1991-01-07,26.03351802620608,26.03351802620608,0.057820590388037656,0.057820590388037656,False,2293.9632006513275,,
1990.16,1990,16,505.68552134899625,0.5464285714285715,542.0087505502821,472.4927083802066,1991,0.3058386033118729,1991-01-14,55.43902868101259,55.43902868101259,0.1096314336489607,0.1096314336489607,False,2293.9632006513275,,
1990.17,1990,17,581.6024749474143,0.4952857142857143,615.6277736669467,550.9983234585969,1991,0.3517531768481962,1991-01-21,75.91695359841805,75.91695359841805,0.13053065774055053,0.13053065774055053,False,2293.9632006513275,,
1990.18,1990,18,659.5314292088093,0.4554285714285714,691.9065967426677,615.6277736669467,1991,0.39888460838548784,1991-01-28,77.928954261395,77.928954261395,0.1181580601168326,0.1181580601168326,False,2293.9632006513275,,
1990.19,1990,19,737.1213604120555,0.4211428571428572,751.6655881559767,705.8654488603318,1991,0.4458109987772112,1991-02-04,77.58993120324624,77.58993120324624,0.10526072824680181,0.10526072824680181,False,2293.9632006513275,,
1990.2,1990,20,862.870453443778,0.3747142857142857,952.4350838829193,751.6655881559767,1991,0.5218640502427969,1991-02-11,125.74909303172251,125.74909303172251,0.14573345573469207,0.14573345573469207,False,2293.9632006513275,,
1990.21,1990,21,1083.6504830537397,0.30557142857142855,1141.726989184771,976.7769450097452,1991,0.6553918121509017,1991-02-18,220.78002960996162,220.78002960996162,0.20373730558196304,0.20373730558196304,False,2293.9632006513275,,
1990.22,1990,22,1517.3007309983718,0.22999999999999998,1881.0436962338129,1246.0803627849048,1991,0.9176634821078152,1991-02-25,433.65024794463216,433.65024794463216,0.28580375602883534,0.28580375602883534,False,2293.9632006513275,,
1990.23,1990,23,2057.3087523519166,0.17085714285714285,2112.7014560687376,1952.5344676593652,1991,1.2442603334224394,1991-03-04,540.0080213535448,540.0080213535448,0.26248273174175113,0.26248273174175113,False,2293.9632006513275,,
1990.24,1990,24,2239.7558727690234,0.15057142857142858,2293.9632006513275,2139.216866369918,1991,1.3546043518507056,1991-03-11,182.44712041710682,182.44712041710682,0.08145848511228429,0.08145848511228429,False,2293.9632006513275,,
1990.25,1990,25,2269.63756346178,0.14671428571428574,2276.101843596241,2261.108087620956,1991,1.372676798381684,1991-03-18,29.881690692756365,29.881690692756365,0.0131658425000594,0.0131658425000594,True,2293.9632006513275,True,
1990.26,1990,26,2168.293592029689,0.15885714285714286,2261.108087620956,2112.7014560687376,1991,1.311383964459556,1991-03-25,-101.34397143209071,101.34397143209071,-0.04673904484365744,0.04673904484365744,False,2293.9632006513275,,
1990.27,1990,27,2025.4327248467384,0.17385714285714288,2112.7014560687376,1966.6544541756928,1991,1.2249817119873077,1991-04-01,-142.86086718295064,142.86086718295064,-0.07053350399172637,0.07053350399172637,False,2293.9632006513275,,
1990.28,1990,28,1913.0010172545697,0.18514285714285714,1952.5344676593652,1881.0436962338129,1991,1.1569830152355638,1991-04-08,-112.43170759216878,112.43170759216878,-0.05877242436259881,0.05877242436259881,False,2293.9632006513275,,
1990.29,1990,29,1876.2545925472439,0.18842857142857145,1902.1320729105275,1835.7736825262566,1991,1.1347587775725732,1991-04-15,-36.74642470732579,36.74642470732579,-0.019584988547549958,0.019584988547549958,False,2293.9632006513275,,
1990.3,1990,30,1784.8585443089007,0.19742857142857145,1832.2961330880007,1767.625484109115,1991,1.0794824475980231,1991-04-22,-91.39604823834316,91.39604823834316,-0.051206325862496745,0.051206325862496745,False,2293.9632006513275,,
1990.31,1990,31,1702.7093928808874,0.20671428571428568,1751.5174261192885,1659.7232892169968,1991,1.029798640814361,1991-04-29,-82.14915142801328,82.14915142801328,-0.048246137462730265,0.048246137462730265,False,2293.9632006513275,,
1990.32,1990,32,1631.4952069056762,0.21471428571428572,1659.7232892169968,1589.152359062425,1991,0.9867283011365532,1991-05-06,-71.2141859752112,71.2141859752112,-0.04364964461665648,0.04364964461665648,False,2293.9632006513275,,
1990.33,1990,33,1548.3109581759568,0.224,1589.152359062425,1511.0711996298642,1991,0.9364184675048186,1991-05-13,-83.18424872971946,83.18424872971946,-0.05372580248848567,0.05372580248848567,False,2293.9632006513275,,
1990.34,1990,34,1348.2798048256432,0.2517142857142857,1492.9232463956196,1199.561484005937,1991,0.815439625958549,1991-05-20,-200.03115335031362,200.03115335031362,-0.14836026812415337,0.14836026812415337,False,2293.9632006513275,,
1990.35,1990,35,1124.7381200677517,0.29457142857142854,1182.7486219934508,1073.2959927204865,1991,0.6802416150169762,1991-05-27,-223.54168475789152,223.54168475789152,-0.1987499852360529,0.1987499852360529,False,2293.9632006513275,,
1990.36,1990,36,937.335113510516,0.3515714285714286,1042.8375986738163,819.2739407352476,1991,0.5669002766511602,1991-06-03,-187.4030065572357,187.4030065572357,-0.19993170410033212,0.19993170410033212,False,2293.9632006513275,,
1990.37,1990,37,697.9887484987794,0.43900000000000006,783.7426792233937,615.6277736669467,1991,0.4221435950920618,1991-06-10,-239.34636501173657,239.34636501173657,-0.34290862929598515,0.34290862929598515,False,2293.9632006513275,,
1990.38,1990,38,541.1712203479032,0.5221428571428571,589.2318351168824,505.01787451967766,1991,0.3273003540664118,1991-06-17,-156.81752815087623,156.81752815087623,-0.2897743306638938,0.2897743306638938,False,2293.9632006513275,,
1990.39,1990,39,462.95224985710166,0.5817142857142857,489.3436243127323,440.0331111664572,1991,0.2799935207135751,1991-06-24,-78.2189704908015,78.2189704908015,-0.168956885974623,0.168956885974623,False,2293.9632006513275,,
1990.4,1990,40,418.1566661691205,0.6315714285714285,435.49688511870175,402.90237744418727,1991,0.2529011516990841,1991-07-01,-44.79558368798115,44.79558368798115,-0.10712631726852322,0.10712631726852322,False,2293.9632006513275,,
1990.41,1990,41,385.22750394783674,0.6705714285714285,398.1467533267305,373.01012538244936,1991,0.23298559438765162,1991-07-08,-32.929162221283775,32.929162221283775,-0.08547977982834444,0.08547977982834444,False,2293.9632006513275,,
1990.42,1990,42,356.67932557394363,0.7024285714285714,370.36474529587133,346.9384943839358,1991,0.21571965610712113,1991-07-15,-28.54817837389311,28.54817837389311,-0.08003878085155443,0.08003878085155443,False,2293.9632006513275,,
1990.43,1990,43,336.47125844955934,0.7294285714285714,344.6194637292325,329.2057950036568,1991,0.2034978171102935,1991-07-22,-20.208067124384286,20.208067124384286,-0.06005882112339082,0.06005882112339082,False,2293.9632006513275,,
1990.44,1990,44,317.3537774783044,0.7591428571428571,329.2057950036568,309.0284073518941,1991,0.19193556461887845,1991-07-29,-19.117480971254963,19.117480971254963,-0.0602402817548372,0.0602402817548372,False,2293.9632006513275,,
1990.45,1990,45,301.49644715648026,0.7822857142857141,306.020121877383,299.18021087320443,1991,0.18234505124023925,1991-08-05,-15.857330321824122,15.857330321824122,-0.052595413549248154,0.052595413549248154,False,2293.9632006513275,,
1990.46,1990,46,282.7876065139241,0.8117142857142857,290.5219447532691,273.7644374568714,1991,0.1710299444196213,1991-08-12,-18.70884064255614,18.70884064255614,-0.06615863005168489,0.06615863005168489,False,2293.9632006513275,,
1990.47,1990,47,269.178425408488,0.8400000000000001,273.7644374568714,264.1051871975735,1991,0.16279911168705355,1991-08-19,-13.609181105436107,13.609181105436107,-0.05055821648701482,0.05055821648701482,False,2293.9632006513275,,
1990.48,1990,48,258.70690133334836,0.8608571428571429,264.1051871975735,249.7991800258312,1991,0.15646593392640912,1991-08-26,-10.471524075139655,10.471524075139655,-0.04047640020877106,0.04047640020877106,False,2293.9632006513275,,
1990.49,1990,49,241.87964063060718,0.886142857142857,249.7991800258312,234.76788002600708,1991,0.14628880665339122,1991-09-02,-16.82726070274117,16.82726070274117,-0.06956873533824767,0.06956873533824767,False,2293.9632006513275,,
1990.5,1990,50,226.6670912033838,0.9134285714285714,231.43340615217082,222.2828362851385,1991,0.13708825675980651,1991-09-09,-15.212549427223394,15.212549427223394,-0.06711406294782105,0.06711406294782105,False,2293.9632006513275,,
1990.51,1990,51,213.66987063000673,0.9339999999999999,220.53049583159046,209.2745177174335,1991,0.12922753775702805,1991-09-16,-12.997220573377064,12.997220573377064,-0.06082851332784866,0.06082851332784866,False,2293.9632006513275,,
1990.52,1990,52,202.8500047357946,0.9495714285714284,209.2745177174335,200.2479822683398,1991,0.12268368286420854,1991-09-23,-10.819865894212114,10.819865894212114,-0.053339243981308404,0.053339243981308404,False,2293.9632006513275,,
1990.53,1990,53,200.2479822683398,0.956,200.2479822683398,200.2479822683398,1991,0.017301425667984555,1991-09-30,-2.602022467454816,2.602022467454816,-0.012994000928149221,0.012994000928149221,False,2293.9632006513275,,
1991.01,1991,1,197.98260038041727,0.9607142857142856,199.0925590239552,195.20770377157243,1991,0.11973987671007635,1991-10-01,-2.26538188792253,2.26538188792253,-0.011442328182222431,0.011442328182222431,False,905.4211927358452,,
1991.02,1991,2,194.04006250694326,0.9684285714285714,195.20770377157243,192.89523707448373,1991,0.11735542980419927,1991-10-08,-3.9425378734740093,3.9425378734740093,-0.020318164313789248,0.020318164313789248,False,905.4211927358452,,
1991.03,1991,3,193.1662537020204,0.9702857142857143,193.27466035303507,192.89523707448373,1991,0.11682695023898193,1991-10-15,-0.8738088049228452,0.8738088049228452,-0.004523610041486794,0.004523610041486794,False,905.4211927358452,,True
1991.04,1991,4,209.02089839273415,0.9411428571428571,214.75310038088375,199.0925590239552,1991,0.1264158393479256,1991-10-22,15.85464469071374,15.85464469071374,0.07585195936209252,0.07585195936209252,False,905.4211927358452,,
1991.05,1991,5,226.6553853174684,0.9135714285714285,229.36508545768086,220.53049583159046,1991,0.13708117704000486,1991-10-29,17.634486924734233,17.634486924734233,0.07780307933135679,0.07780307933135679,False,905.4211927358452,,
1991.06,1991,6,235.44483494869957,0.8972857142857141,246.1954239432886,229.36508545768086,1991,0.1423970361769735,1991-11-05,8.789449631231179,8.789449631231179,0.03733124845633708,0.03733124845633708,False,905.4211927358452,,
1991.07,1991,7,264.1901084896073,0.8505714285714285,271.2725109404546,256.6827889882703,1991,0.1597821776145145,1991-11-12,28.74527354090776,28.74527354090776,0.10880526036817362,0.10880526036817362,False,905.4211927358452,,
1991.08,1991,8,274.54872907593597,0.828142857142857,287.1870699602335,270.26224589706084,1991,0.16604707134512608,1991-11-19,10.358620586328641,10.358620586328641,0.03772962497838992,0.03772962497838992,False,905.4211927358452,,
1991.09,1991,9,303.3281489243936,0.7794285714285715,309.0284073518941,294.72326674738565,1991,0.18345286446947323,1991-11-26,28.77941984845762,28.77941984845762,0.09487882990915911,0.09487882990915911,False,905.4211927358452,,
1991.1,1991,10,321.230048622707,0.7537142857142857,329.2057950036568,309.0284073518941,1991,0.1942799334070132,1991-12-03,17.9018996983134,17.9018996983134,0.055729218904236585,0.055729218904236585,False,905.4211927358452,,
1991.11,1991,11,471.9586304085523,0.5880000000000001,550.9983234585969,346.9384943839358,1991,0.2854405796710925,1991-12-10,150.72858178584534,150.72858178584534,0.31936820745362093,0.31936820745362093,False,905.4211927358452,,
1991.12,1991,12,513.553290093203,0.5414285714285715,532.5192229643311,486.02502639130836,1991,0.3105970298483692,1991-12-17,41.59465968465071,41.59465968465071,0.08099385299839446,0.08099385299839446,True,905.4211927358452,,
1991.13,1991,13,464.82050337757,0.5788571428571428,477.3484869166725,459.26044279675483,1991,0.2811234404427544,1991-12-24,-48.73278671563304,48.73278671563304,-0.10484216242941372,0.10484216242941372,False,905.4211927358452,,
1991.14,1991,14,474.31232325639655,0.5694285714285715,486.02502639130836,462.56506724863937,1991,0.28686409310546856,1991-12-31,9.491819878826561,9.491819878826561,0.020011750514218912,0.020011750514218912,False,905.4211927358452,,
1991.15,1991,15,507.32225591064696,0.5451428571428572,537.7325322740754,489.3436243127323,1992,0.3068285003747593,1992-01-07,33.009932654250406,33.009932654250406,0.06506699098977503,0.06506699098977503,False,905.4211927358452,,
1991.16,1991,16,551.1611079420933,0.5154285714285715,563.9275439778775,542.0087505502821,1992,0.33334223808337804,1992-01-14,43.83885203144632,43.83885203144632,0.07953908829875596,0.07953908829875596,False,905.4211927358452,,
1991.17,1991,17,575.1102115351551,0.49657142857142855,589.2318351168824,563.9275439778775,1992,0.34782665593646184,1992-01-21,23.949103593061864,23.949103593061864,0.04164263320787499,0.04164263320787499,False,905.4211927358452,,
1991.18,1991,18,603.0249266478671,0.4815714285714286,615.6277736669467,595.7090611902229,1992,0.36470947563663003,1992-01-28,27.914715112711974,27.914715112711974,0.04629114631775845,0.04629114631775845,False,905.4211927358452,,
1991.19,1991,19,624.8412901031337,0.4707142857142857,636.9257883620418,615.6277736669467,1992,0.3779040122543753,1992-02-04,21.816363455266583,21.816363455266583,0.03491504771022041,0.03491504771022041,False,905.4211927358452,,
1991.2,1991,20,654.1383766530979,0.4582857142857143,666.8063237852695,647.6489852382476,1992,0.39562289019979363,1992-02-11,29.297086549964206,29.297086549964206,0.04478729210150135,0.04478729210150135,False,905.4211927358452,,
1991.21,1991,21,684.3121718175965,0.44457142857142856,702.6560160658968,673.1577568282033,1992,0.4138720015152824,1992-02-18,30.173795164498642,30.173795164498642,0.04409361166900516,0.04409361166900516,False,905.4211927358452,,
1991.22,1991,22,716.940054532358,0.43042857142857144,733.8512888156049,705.8654488603318,1992,0.43360534498117004,1992-02-25,32.62788271476143,32.62788271476143,0.045509917472868464,0.045509917472868464,False,905.4211927358452,,
1991.23,1991,23,774.0286397519255,0.40585714285714286,847.0875422650073,739.6475434553279,1992,0.4681325213219646,1992-03-03,57.08858521956756,57.08858521956756,0.0737551329339239,0.0737551329339239,False,905.4211927358452,,
1991.24,1991,24,869.2783361400391,0.37228571428571433,891.8619896951615,843.5265543863715,1992,0.5257395376974956,1992-03-10,95.24969638811353,95.24969638811353,0.10957330055073292,0.10957330055073292,False,905.4211927358452,,
1991.25,1991,25,889.3404429406197,0.3657142857142857,905.4211927358452,876.9389119074414,1992,0.5378730998904868,1992-03-17,20.062106800580636,20.062106800580636,0.022558410516275332,0.022558410516275332,True,905.4211927358452,True,
1991.26,1991,26,876.9389119074414,0.372,876.9389119074414,876.9389119074414,1992,0.5303726539216205,1992-03-24,-12.401531033178344,12.401531033178344,-0.01414184142679176,0.01414184142679176,False,905.4211927358452,,
1991.27,1991,27,868.5427696904837,0.3737142857142857,876.9389119074414,858.5276662376176,1992,0.5252946671088046,1992-03-31,-8.396142216957628,8.396142216957628,-0.009666930069488346,0.009666930069488346,False,905.4211927358452,,
1991.28,1991,28,847.5681562121042,0.3781428571428571,858.5276662376176,834.6935677067364,1992,0.5126092208770806,1992-04-07,-20.974613478379524,20.974613478379524,-0.024746816317542986,0.024746816317542986,False,905.4211927358452,,
1991.29,1991,29,830.2879600005969,0.38499999999999995,834.6935677067364,819.2739407352476,1992,0.502158158208361,1992-04-14,-17.28019621150736,17.28019621150736,-0.020812292895942917,0.020812292895942917,False,905.4211927358452,,
1991.3,1991,30,819.2739407352475,0.39000000000000007,819.2739407352476,819.2739407352476,1992,0.4954968793566777,1992-04-21,-11.014019265349361,11.014019265349361,-0.01344363431780213,0.01344363431780213,False,905.4211927358452,,
1991.31,1991,31,818.3886503491536,0.39057142857142857,819.2739407352476,817.7246825595828,1992,0.49496145573116795,1992-04-28,-0.8852903860938568,0.8852903860938568,-0.0010817481226262859,0.0010817481226262859,False,905.4211927358452,,
1991.32,1991,32,818.16732775263,0.39071428571428574,819.2739407352476,817.7246825595828,1992,0.4948275998247905,1992-05-05,-0.22132259652369157,0.22132259652369157,-0.0002705101866284835,0.0002705101866284835,False,905.4211927358452,,
1991.33,1991,33,793.6637435174567,0.39971428571428574,803.6892968412517,779.3663976124346,1992,0.48000783207935793,1992-05-12,-24.503584235173207,24.503584235173207,-0.03087401237024537,0.03087401237024537,False,905.4211927358452,,
1991.34,1991,34,731.606774662692,0.4232857142857143,760.52821131929,691.9065967426677,1992,0.44247577731599613,1992-05-19,-62.056968854764705,62.056968854764705,-0.08482284610250654,0.08482284610250654,False,905.4211927358452,,
1991.35,1991,35,621.5058774475267,0.4734285714285714,673.1577568282033,566.8540212047202,1992,0.37588675468026417,1992-05-26,-110.10089721516533,110.10089721516533,-0.17715181981438474,0.17715181981438474,False,905.4211927358452,,
1991.36,1991,36,520.1372411247639,0.5371428571428571,556.2195342976412,479.56309760929685,1992,0.31457900343225725,1992-06-02,-101.36863632276277,101.36863632276277,-0.19488824930812393,0.19488824930812393,False,905.4211927358452,,
1991.37,1991,37,455.6093610742342,0.5889999999999999,472.4927083802066,440.0331111664572,1992,0.2755525415776968,1992-06-09,-64.52788005052975,64.52788005052975,-0.14162983811040697,0.14162983811040697,False,905.4211927358452,,
1991.38,1991,38,420.4400471616667,0.6287142857142857,435.49688511870175,408.00454625357366,1992,0.25428214052337605,1992-06-16,-35.169313912567475,35.169313912567475,-0.08364882020633074,0.08364882020633074,False,905.4211927358452,,
1991.39,1991,39,384.3537426316466,0.6719999999999999,398.1467533267305,370.36474529587133,1992,0.23245714354361985,1992-06-23,-36.08630453002013,36.08630453002013,-0.09388826106632761,0.09388826106632761,False,905.4211927358452,,
1991.4,1991,40,356.30840438789375,0.7030000000000001,364.6825175805071,346.9384943839358,1992,0.21549532297379811,1992-06-30,-28.045338243752838,28.045338243752838,-0.07871085244798602,0.07871085244798602,False,905.4211927358452,,
1991.41,1991,41,336.8149401986993,0.7285714285714285,344.6194637292325,331.6115672476363,1992,0.2037056758321733,1992-07-07,-19.49346418919447,19.49346418919447,-0.05787588928713962,0.05787588928713962,False,905.4211927358452,,
1991.42,1991,42,321.20329699435484,0.7547142857142858,325.6607962357874,316.52242407738737,1992,0.19426375402218576,1992-07-14,-15.611643204344432,15.611643204344432,-0.048603620667750515,0.048603620667750515,False,905.4211927358452,,
1991.43,1991,43,304.1560700961762,0.778142857142857,311.8155700798613,294.72326674738565,1992,0.18395359119416738,1992-07-21,-17.04722689817862,17.04722689817862,-0.05604763006304024,0.05604763006304024,False,905.4211927358452,,
1991.44,1991,44,278.9525686558207,0.8188571428571431,290.5219447532691,273.7644374568714,1992,0.16871051352304034,1992-07-28,-25.203501440355524,25.203501440355524,-0.0903504906292951,0.0903504906292951,False,905.4211927358452,,
1991.45,1991,45,270.1483490861824,0.8370000000000001,273.7644374568714,264.1051871975735,1992,0.1633857215273231,1992-08-04,-8.804219569638292,8.804219569638292,-0.032590314171527954,0.032590314171527954,False,905.4211927358452,,
1991.46,1991,46,259.69027404226824,0.8594285714285714,264.1051871975735,256.6827889882703,1992,0.15706067774076385,1992-08-11,-10.458075043914164,10.458075043914164,-0.04027133893436442,0.04027133893436442,False,905.4211927358452,,
1991.47,1991,47,244.4435031632966,0.8821428571428571,249.7991800258312,236.19433422910615,1992,0.14783943071316183,1992-08-18,-15.246770878971631,15.246770878971631,-0.062373393776746305,0.062373393776746305,False,905.4211927358452,,
1991.48,1991,48,230.54399827879124,0.9061428571428571,234.76788002600708,226.3790707324809,1992,0.13943301015901294,1992-08-25,-13.899504884505376,13.899504884505376,-0.060290031353134786,0.060290031353134786,False,905.4211927358452,,
1991.49,1991,49,216.11970914441426,0.9304285714285714,224.67104686473823,209.2745177174335,1992,0.13070920009054174,1992-09-01,-14.424289134376977,14.424289134376977,-0.06674212727511336,0.06674212727511336,False,905.4211927358452,,
1991.5,1991,50,202.87301707493694,0.9479999999999998,206.59664326312716,200.2479822683398,1992,0.12269760072692183,1992-09-08,-13.24669206947732,13.24669206947732,-0.06529548512892809,0.06529548512892809,False,905.4211927358452,,
1991.51,1991,51,195.32194721514452,0.966,199.0925590239552,192.89523707448373,1992,0.11813071367571941,1992-09-15,-7.55106985979242,7.55106985979242,-0.038659607726903404,0.038659607726903404,False,905.4211927358452,,
1991.52,1991,52,183.95137288954567,0.9801428571428571,191.21938009017487,177.15463286652889,1992,0.11125379032359724,1992-09-22,-11.370574325598852,11.370574325598852,-0.061812935380625614,0.061812935380625614,False,905.4211927358452,,
1991.53,1991,53,176.0992412105296,0.985,177.15463286652889,175.04384955453037,1992,0.030429948881179517,1992-09-29,-7.852131679016054,7.852131679016054,-0.044589241981052595,0.044589241981052595,False,905.4211927358452,,
1992.01,1992,1,171.6959634548122,0.9867142857142858,175.04384955453037,171.1379824381925,1992,0.10384171869747043,1992-10-01,-4.403277755717426,4.403277755717426,-0.025645784951003246,0.025645784951003246,False,3573.2680912123824,,
1992.02,1992,2,168.43026585694037,0.9887142857142858,171.1379824381925,163.87541321774722,1992,0.10186662479027754,1992-10-08,-3.265697597871821,3.265697597871821,-0.019389018839675802,0.019389018839675802,False,3573.2680912123824,,
1992.03,1992,3,167.45625950646348,0.9894285714285714,171.1379824381925,163.87541321774722,1992,0.1012775457495091,1992-10-15,-0.9740063504768841,0.9740063504768841,-0.005816482186736587,0.005816482186736587,False,3573.2680912123824,,True
1992.04,1992,4,178.12048020148723,0.9837142857142857,182.70050873555303,171.1379824381925,1992,0.10772726642585947,1992-10-22,10.664220695023744,10.664220695023744,0.059870828345850724,0.059870828345850724,False,3573.2680912123824,,
1992.05,1992,5,188.05892164727604,0.9767142857142856,193.27466035303507,179.82651022652541,1992,0.11373803581227256,1992-10-29,9.938441445788811,9.938441445788811,0.052847487153145474,0.052847487153145474,False,3573.2680912123824,,
1992.06,1992,6,201.18047984397134,0.9517142857142857,202.1648125463628,200.2479822683398,1992,0.12167395420963387,1992-11-05,13.121558196695304,13.121558196695304,0.06522281986240382,0.06522281986240382,False,3573.2680912123824,,
1992.07,1992,7,200.37971520409403,0.9554285714285713,201.17011281861932,200.2479822683398,1992,0.12118965175543603,1992-11-12,-0.8007646398773147,0.8007646398773147,-0.003996236041466108,0.003996236041466108,False,3573.2680912123824,,
1992.08,1992,8,199.71947335015994,0.9571428571428571,201.17011281861932,199.0925590239552,1992,0.12079033748217674,1992-11-19,-0.6602418539340817,0.6602418539340817,-0.0033058461594103385,0.0033058461594103385,False,3573.2680912123824,,
1992.09,1992,9,227.87071589168377,0.908142857142857,243.2796862142866,201.17011281861932,1992,0.13781620897129035,1992-11-26,28.15124254152383,28.15124254152383,0.1235404138323121,0.1235404138323121,False,3573.2680912123824,,
1992.1,1992,10,241.25802263156797,0.8871428571428571,247.5090584207047,234.76788002600708,1992,0.14591285208757232,1992-12-03,13.387306739884195,13.387306739884195,0.05548958162659044,0.05548958162659044,False,3573.2680912123824,,
1992.11,1992,11,275.866475365843,0.8248571428571427,290.5219447532691,249.7991800258312,1992,0.16684404430126182,1992-12-10,34.608452734275005,34.608452734275005,0.12545363726556,0.12545363726556,False,3573.2680912123824,,
1992.12,1992,12,295.6967341972342,0.7912857142857143,309.0284073518941,287.1870699602335,1992,0.1788373848424873,1992-12-17,19.830258831391234,19.830258831391234,0.06706282666674347,0.06706282666674347,False,3573.2680912123824,,
1992.13,1992,13,338.7470508052734,0.7281428571428571,380.8369423592014,311.8155700798613,1992,0.20487421632702935,1992-12-24,43.05031660803917,43.05031660803917,0.12708691191760774,0.12708691191760774,False,3573.2680912123824,,
1992.14,1992,14,388.82756838853373,0.6672857142857144,408.00454625357366,373.01012538244936,1992,0.23516291336138526,1992-12-31,50.08051758326036,50.08051758326036,0.12879878294333721,0.12879878294333721,False,3573.2680912123824,,
1992.15,1992,15,372.463053267952,0.6872857142857143,377.11676084070143,370.36474529587133,1993,0.2252656546164573,1993-01-07,-16.364515120581757,16.364515120581757,-0.043935942040428465,0.043935942040428465,False,3573.2680912123824,,
1992.16,1992,16,395.29788967970205,0.658,413.7323824701425,377.11676084070143,1993,0.23907616367828377,1993-01-14,22.834836411750075,22.834836411750075,0.05776614803143132,0.05776614803143132,False,3573.2680912123824,,
1992.17,1992,17,440.30501604036033,0.6068571428571428,467.1571483252964,417.85777193562865,1993,0.2662964737012099,1993-01-21,45.007126360658276,45.007126360658276,0.1022180641170182,0.1022180641170182,False,3573.2680912123824,,
1992.18,1992,18,491.8123779090473,0.5555714285714287,516.7730027239134,470.1789493868897,1993,0.29744812615939187,1993-01-28,51.507361868686985,51.507361868686985,0.10472969811713936,0.10472969811713936,False,3573.2680912123824,,
1992.19,1992,19,567.9235153793695,0.5051428571428571,636.9257883620418,527.3375978981461,1993,0.34348014210144273,1993-02-04,76.1111374703222,76.1111374703222,0.1340165275943547,0.1340165275943547,False,3573.2680912123824,,
1992.2,1992,20,764.7257116577265,0.41114285714285714,847.0875422650073,682.3088631722309,1993,0.4625061104105929,1993-02-11,196.80219627835697,196.80219627835697,0.25735004496153396,0.25735004496153396,False,3573.2680912123824,,
1992.21,1992,21,874.5178692552427,0.3697142857142857,891.8619896951615,847.0875422650073,1993,0.5289084073255708,1993-02-18,109.79215759751617,109.79215759751617,0.12554592817070442,0.12554592817070442,False,3573.2680912123824,,
1992.22,1992,22,905.8071787806318,0.358,915.5385911120089,891.8619896951615,1993,0.547832181726526,1993-02-25,31.28930952538917,31.28930952538917,0.03454301341209265,0.03454301341209265,False,3573.2680912123824,,
1992.23,1992,23,948.4438758451873,0.3451428571428572,977.6238036544737,924.6839937244496,1993,0.5736188561111693,1993-03-04,42.636697064555506,42.636697064555506,0.044954370153490256,0.044954370153490256,False,3573.2680912123824,,
1992.24,1992,24,1060.820517456493,0.3144285714285714,1109.3903264170654,989.4775076349575,1993,0.641584248957687,1993-03-11,112.37664161130567,112.37664161130567,0.10593369920931467,0.10593369920931467,False,3573.2680912123824,,
1992.25,1992,25,1225.9380901746856,0.27199999999999996,1361.8568779549746,1127.726717014242,1993,0.7414473569376498,1993-03-18,165.1175727181926,165.1175727181926,0.13468671382472894,0.13468671382472894,False,3573.2680912123824,,
1992.26,1992,26,1624.9010353227825,0.21585714285714283,1835.7736825262566,1414.1459885179058,1993,0.9827401461632189,1993-03-25,398.9629451480969,398.9629451480969,0.24553061169589563,0.24553061169589563,False,3573.2680912123824,,
1992.27,1992,27,2116.6495730606657,0.1638571428571429,2296.7082804379106,1916.5413979392097,1993,1.2801496617870907,1993-04-01,491.7485377378832,491.7485377378832,0.2323240199967617,0.2323240199967617,False,3573.2680912123824,,
1992.28,1992,28,2571.8477601237455,0.11928571428571429,2829.248784770679,2337.9300871325736,1993,1.555453525322841,1993-04-08,455.1981870630798,455.1981870630798,0.17699266423187418,0.17699266423187418,False,3573.2680912123824,,
1992.29,1992,29,3143.9204465566995,0.07842857142857143,3452.248381930785,2819.8276016694963,1993,1.9014430860774922,1993-04-15,572.072686432954,572.072686432954,0.18196156555408466,0.18196156555408466,False,3573.2680912123824,,
1992.3,1992,30,3540.383713879014,0.05385714285714286,3573.2680912123824,3496.150307110389,1993,2.1412240701540277,1993-04-22,396.46326732231455,396.46326732231455,0.1119831349828266,0.1119831349828266,True,3573.2680912123824,True,
1992.31,1992,31,3308.1929488473643,0.06785714285714287,3496.150307110389,3072.0566513998738,1993,2.0007950954628857,1993-04-29,-232.1907650316498,232.1907650316498,-0.0701865848279948,0.0701865848279948,False,3573.2680912123824,,
1992.32,1992,32,2810.3147534162927,0.10085714285714285,3004.2640135053875,2640.8984519253204,1993,1.6996783628661736,1993-05-06,-497.8781954310716,497.8781954310716,-0.17716100832685655,0.17716100832685655,False,3573.2680912123824,,
1992.33,1992,33,2422.5325144290678,0.13171428571428573,2575.550311723379,2266.0164419409257,1993,1.4651476647267,1993-05-13,-387.7822389872249,387.7822389872249,-0.16007307917541647,0.16007307917541647,False,3573.2680912123824,,
1992.34,1992,34,2098.9245880591516,0.16628571428571431,2217.372657831301,1966.6544541756928,1993,1.2694295908581748,1993-05-20,-323.6079263699162,323.6079263699162,-0.15417796723661817,0.15417796723661817,False,3573.2680912123824,,
1992.35,1992,35,1788.211028708857,0.19785714285714281,1916.5413979392097,1659.7232892169968,1993,1.0815100301631166,1993-05-27,-310.71355935029464,310.71355935029464,-0.17375665084374262,0.17375665084374262,False,3573.2680912123824,,
1992.36,1992,36,1498.288787805657,0.23085714285714287,1617.3520421001313,1392.1184694738974,1993,0.9061650588648612,1993-06-03,-289.92224090319996,289.92224090319996,-0.19350224286721804,0.19350224286721804,False,3573.2680912123824,,
1992.37,1992,37,1221.257526801788,0.27214285714285713,1355.589210120566,1132.2744617454025,1993,0.7386165522097213,1993-06-10,-277.0312610038691,277.0312610038691,-0.22684098556129653,0.22684098556129653,False,3573.2680912123824,,
1992.38,1992,38,1021.3132276109271,0.32471428571428573,1117.0362502238706,924.6839937244496,1993,0.6176902400590887,1993-06-17,-199.94429919086076,199.94429919086076,-0.1957717708783365,0.1957717708783365,False,3573.2680912123824,,
1992.39,1992,39,776.807638205583,0.40657142857142864,891.8619896951615,676.7914679393873,1993,0.46981325958673653,1993-06-24,-244.50558940534415,244.50558940534415,-0.31475693257876475,0.31475693257876475,False,3573.2680912123824,,
1992.4,1992,40,582.9230797346319,0.49600000000000005,647.6489852382476,532.5192229643311,1993,0.35255187862350534,1993-07-01,-193.8845584709511,193.8845584709511,-0.3326074489265625,0.3326074489265625,False,3573.2680912123824,,
1992.41,1992,41,481.24396923043207,0.5655714285714286,516.7730027239134,455.65515596238953,1993,0.29105635259056534,1993-07-08,-101.6791105041998,101.6791105041998,-0.2112839162780515,0.2112839162780515,False,3573.2680912123824,,
1992.42,1992,42,427.2373723958934,0.6204285714285714,445.541354005931,408.00454625357366,1993,0.2583931628250363,1993-07-15,-54.0065968345387,54.0065968345387,-0.12640887788368443,0.12640887788368443,False,3573.2680912123824,,
1992.43,1992,43,384.01557449570697,0.6727142857142857,402.90237744418727,366.3418477633238,1993,0.23225261945500356,1993-07-22,-43.2217979001864,43.2217979001864,-0.11255220040735507,0.11255220040735507,False,3573.2680912123824,,
1992.44,1992,44,349.23928651946665,0.711857142857143,364.6825175805071,335.4728177879068,1993,0.21121992048697344,1993-07-29,-34.776287976240326,34.776287976240326,-0.09957725066621877,0.09957725066621877,False,3573.2680912123824,,
1992.45,1992,45,325.67159255423263,0.7477142857142856,331.6115672476363,318.63423334537424,1993,0.19696617917679993,1993-08-05,-23.567693965234014,23.567693965234014,-0.07236644062318512,0.07236644062318512,False,3573.2680912123824,,
1992.46,1992,46,300.9501640876345,0.7837142857142857,316.52242407738737,291.97202992445074,1993,0.18201465924020133,1993-08-12,-24.721428466598127,24.721428466598127,-0.08214459208402168,0.08214459208402168,False,3573.2680912123824,,
1992.47,1992,47,282.1371572857641,0.8135714285714286,290.5219447532691,271.2725109404546,1993,0.17063655272643008,1993-08-19,-18.813006801870415,18.813006801870415,-0.06668035852794661,0.06668035852794661,False,3573.2680912123824,,
1992.48,1992,48,258.960774819874,0.8595714285714287,270.26224589706084,247.5090584207047,1993,0.15661947661105982,1993-08-26,-23.17638246589007,23.17638246589007,-0.08949765647716695,0.08949765647716695,False,3573.2680912123824,,
1992.49,1992,49,234.90724141105466,0.8984285714285714,243.2796862142866,229.36508545768086,1993,0.14207189960540587,1993-09-02,-24.053533408819362,24.053533408819362,-0.1023958787491317,0.1023958787491317,False,3573.2680912123824,,
1992.5,1992,50,225.09805125360683,0.9168571428571427,228.5473327785961,221.15214150481376,1993,0.1361393013981814,1993-09-09,-9.80919015744783,9.80919015744783,-0.04357741038991182,0.04357741038991182,False,3573.2680912123824,,
1992.51,1992,51,214.19525294087862,0.9335714285714285,220.53049583159046,210.47407518454497,1993,0.1295452889786434,1993-09-16,-10.902798312728208,10.902798312728208,-0.050901213556481376,0.050901213556481376,False,3573.2680912123824,,
1992.52,1992,52,204.84508112257814,0.9444285714285714,209.0701565731164,201.44135140808262,1993,0.12389030506293522,1993-09-23,-9.350171818300481,9.350171818300481,-0.045645088312886516,0.045645088312886516,False,3573.2680912123824,,
1992.53,1992,53,200.2479822683398,0.956,200.2479822683398,200.2479822683398,1993,0.017301425667984555,1993-09-30,-4.5970988542383395,4.5970988542383395,-0.022957029589831545,0.022957029589831545,False,3573.2680912123824,,
1993.01,1993,1,194.9607275423968,0.966857142857143,199.0925590239552,192.89523707448373,1993,0.11791224801764157,1993-10-01,-5.287254725943001,5.287254725943001,-0.0271195886094199,0.0271195886094199,False,1839.4149794968628,,
1993.02,1993,2,190.4996886755222,0.9755714285714286,191.21938009017487,189.23960472725517,1993,0.11521421171095582,1993-10-08,-4.461038866874588,4.461038866874588,-0.023417565130371777,0.023417565130371777,False,1839.4149794968628,,
1993.03,1993,3,189.80223706889777,0.9758571428571428,191.21938009017487,185.77870557191315,1993,0.11479239297926938,1993-10-15,-0.6974516066244405,0.6974516066244405,-0.003674622688305129,0.003674622688305129,False,1839.4149794968628,,
1993.04,1993,4,177.85768277138507,0.9844285714285715,179.82651022652541,177.15463286652889,1993,0.1075683265401337,1993-10-22,-11.944554297512695,11.944554297512695,-0.06715793274370949,0.06715793274370949,False,1839.4149794968628,,True
1993.05,1993,5,192.9450536967751,0.9675714285714284,212.05144921368182,179.82651022652541,1993,0.11669316847580954,1993-10-29,15.087370925390019,15.087370925390019,0.07819516819073653,0.07819516819073653,False,1839.4149794968628,,
1993.06,1993,6,188.44817575944145,0.9779999999999999,189.23960472725517,185.77870557191315,1993,0.1139734566993102,1993-11-05,-4.496877937333636,4.496877937333636,-0.023862676936040002,0.023862676936040002,False,1839.4149794968628,,
1993.07,1993,7,205.0373687489992,0.949,234.76788002600708,185.77870557191315,1993,0.12400660061939472,1993-11-12,16.589192989557745,16.589192989557745,0.08090814416305622,0.08090814416305622,False,1839.4149794968628,,
1993.08,1993,8,251.3914283782477,0.8722857142857144,264.1051871975735,236.19433422910615,1993,0.1520415358831642,1993-11-19,46.354059629248496,46.354059629248496,0.18438997673183755,0.18438997673183755,False,1839.4149794968628,,
1993.09,1993,9,283.59389504232263,0.8102857142857143,287.1870699602335,273.7644374568714,1993,0.17151758772159675,1993-11-26,32.20246666407493,32.20246666407493,0.11355133952819803,0.11355133952819803,False,1839.4149794968628,,
1993.1,1993,10,296.83019872480594,0.7895714285714285,299.18021087320443,287.1870699602335,1993,0.1795229041887626,1993-12-03,13.23630368248331,13.23630368248331,0.044592173368299404,0.044592173368299404,False,1839.4149794968628,,
1993.11,1993,11,296.4795655154224,0.7902857142857143,302.30479186612183,290.5219447532691,1993,0.17931084122372748,1993-12-10,-0.35063320938354536,0.35063320938354536,-0.0011826555694453283,0.0011826555694453283,False,1839.4149794968628,,
1993.12,1993,12,317.8963467084192,0.7597142857142857,325.6607962357874,306.020121877383,1993,0.19226371048925192,1993-12-17,21.41678119299678,21.41678119299678,0.06737032814233841,0.06737032814233841,False,1839.4149794968628,,
1993.13,1993,13,339.49166729929317,0.726,360.34880084276085,325.6607962357874,1993,0.20532456038261254,1993-12-24,21.595320590873996,21.595320590873996,0.06361075299039883,0.06361075299039883,False,1839.4149794968628,,
1993.14,1993,14,392.9635464899371,0.6614285714285714,420.28892993659525,370.36474529587133,1993,0.23766435291711394,1993-12-31,53.471879190643904,53.471879190643904,0.13607338306127895,0.13607338306127895,False,1839.4149794968628,,
1993.15,1993,15,447.8741612717343,0.5987142857142855,462.56506724863937,430.9578316629287,1994,0.27087429273714486,1994-01-07,54.91061478179722,54.91061478179722,0.12260277446209236,0.12260277446209236,False,1839.4149794968628,,
1993.16,1993,16,539.6365027050412,0.5228571428571429,577.9502839498093,472.4927083802066,1994,0.3263721568360089,1994-01-14,91.76234143330686,91.76234143330686,0.17004472635436793,0.17004472635436793,False,1839.4149794968628,,
1993.17,1993,17,589.7573463232412,0.4891428571428572,618.6506296297572,562.8280752081156,1994,0.35668524305629634,1994-01-21,50.12084361820007,50.12084361820007,0.08498553503516554,0.08498553503516554,False,1839.4149794968628,,
1993.18,1993,18,681.5852298828792,0.44628571428571423,712.0837013457431,636.9257883620418,1994,0.4122227470331653,1994-01-28,91.82788355963794,91.82788355963794,0.13472692707178716,0.13472692707178716,False,1839.4149794968628,,
1993.19,1993,19,737.2841133707882,0.42142857142857143,768.4460718744957,712.0837013457431,1994,0.44590943176665276,1994-02-04,55.69888348790903,55.69888348790903,0.07554602422295441,0.07554602422295441,False,1839.4149794968628,,
1993.2,1993,20,818.1694222162806,0.39000000000000007,858.5276662376176,779.3663976124346,1994,0.4948288665564066,1994-02-11,80.88530884549243,80.88530884549243,0.09886131973300591,0.09886131973300591,False,1839.4149794968628,,
1993.21,1993,21,919.6326716899606,0.35557142857142854,971.4321659369264,876.9389119074414,1994,0.5561938398380882,1994-02-18,101.46324947367998,101.46324947367998,0.110330192257335,0.110330192257335,False,1839.4149794968628,,
1993.22,1993,22,1061.2929944482255,0.3138571428571429,1117.0362502238706,989.4775076349575,1994,0.6418700030422867,1994-02-25,141.6603227582649,141.6603227582649,0.13347899543227948,0.13347899543227948,False,1839.4149794968628,,
1993.23,1993,23,1227.0615980870675,0.2712857142857143,1327.7083044595875,1132.2744617454025,1994,0.7421268545230583,1994-03-04,165.76860363884202,165.76860363884202,0.1350939544496117,0.1350939544496117,False,1839.4149794968628,,
1993.24,1993,24,1475.248036188035,0.23385714285714285,1570.314592802547,1383.5781363808978,1994,0.8922300122865234,1994-03-11,248.1864381009675,248.1864381009675,0.1682337017321294,0.1682337017321294,False,1839.4149794968628,,
1993.25,1993,25,1697.3629412051039,0.20757142857142855,1760.6257340092122,1609.5195834351925,1994,1.0265651068408468,1994-03-18,222.11490501706885,222.11490501706885,0.13085881612295033,0.13085881612295033,False,1839.4149794968628,,
1993.26,1993,26,1823.6656894372386,0.19371428571428573,1839.4149794968628,1783.4177282502415,1994,1.1029530089716415,1994-03-25,126.30274823213472,126.30274823213472,0.06925762159352257,0.06925762159352257,True,1839.4149794968628,True,
1993.27,1993,27,1808.202213561137,0.19528571428571428,1832.2961330880007,1767.625484109115,1994,1.0936006987617757,1994-04-01,-15.463475876101711,15.463475876101711,-0.008551850982223608,0.008551850982223608,False,1839.4149794968628,,
1993.28,1993,28,1681.2549167986988,0.20914285714285713,1751.5174261192885,1589.152359062425,1994,1.0168229736798529,1994-04-08,-126.9472967624381,126.9472967624381,-0.07550746498583347,0.07550746498583347,False,1839.4149794968628,,
1993.29,1993,29,1493.4657702065717,0.23128571428571432,1559.6365373841436,1431.7953534582748,1994,0.9032480978209344,1994-04-15,-187.78914659212705,187.78914659212705,-0.125740509316228,0.125740509316228,False,1839.4149794968628,,
1993.3,1993,30,1291.4111064175156,0.2601428571428572,1392.1184694738974,1195.2983332432605,1994,0.7810454371613134,1994-04-22,-202.05466378905612,202.05466378905612,-0.15646037329628748,0.15646037329628748,False,1839.4149794968628,,
1993.31,1993,31,1112.6344609861915,0.2982857142857143,1172.2200796855432,1050.5490333418047,1994,0.6729213220044487,1994-04-29,-178.77664543132414,178.77664543132414,-0.16067868801480784,0.16067868801480784,False,1839.4149794968628,,
1993.32,1993,32,925.2624131260181,0.3537142857142857,1025.1570830002852,834.6935677067364,1994,0.5595987074586157,1994-05-06,-187.37204786017332,187.37204786017332,-0.20250692690210229,0.20250692690210229,False,1839.4149794968628,,
1993.33,1993,33,702.8873005493564,0.43657142857142867,794.2548359930772,615.6277736669467,1994,0.4251062393722509,1994-05-13,-222.37511257666176,222.37511257666176,-0.3163737805518179,0.3163737805518179,False,1839.4149794968628,,
1993.34,1993,34,543.7177330100754,0.5207142857142857,595.7090611902229,494.68108319071365,1994,0.32884048492449364,1994-05-20,-159.16956753928093,159.16956753928093,-0.2927430132876159,0.2927430132876159,False,1839.4149794968628,,
1993.35,1993,35,454.89769626587275,0.59,479.56309760929685,430.9578316629287,1994,0.27512212670159986,1994-05-27,-88.8200367442027,88.8200367442027,-0.19525277325715518,0.19525277325715518,False,1839.4149794968628,,
1993.36,1993,36,405.1251866512045,0.6475714285714285,422.4698189706656,386.53109723034976,1994,0.24501971288664856,1994-06-03,-49.77250961466825,49.77250961466825,-0.12285710998640097,0.12285710998640097,False,1839.4149794968628,,
1993.37,1993,37,364.77780675349595,0.6941428571428572,380.8369423592014,350.2192051008483,1994,0.22061761752451436,1994-06-10,-40.34737989770855,40.34737989770855,-0.11060809937095184,0.11060809937095184,False,1839.4149794968628,,
1993.38,1993,38,333.2050474697332,0.7344285714285714,346.9384943839358,323.62655383883583,1994,0.20152241270969465,1994-06-17,-31.572759283762764,31.572759283762764,-0.09475474493414056,0.09475474493414056,False,1839.4149794968628,,
1993.39,1993,39,314.87304175799255,0.7635714285714287,323.62655383883583,306.020121877383,1994,0.19043521565523386,1994-06-24,-18.332005711740635,18.332005711740635,-0.05822030876123839,0.05822030876123839,False,1839.4149794968628,,
1993.4,1993,40,295.071849864052,0.7919999999999999,302.30479186612183,290.5219447532691,1994,0.17845945479777864,1994-07-01,-19.80119189394054,19.80119189394054,-0.06710634004247952,0.06710634004247952,False,1839.4149794968628,,
1993.41,1993,41,286.325456023142,0.8064285714285714,290.5219447532691,283.6079686159883,1994,0.1731696358027963,1994-07-08,-8.746393840910002,8.746393840910002,-0.03054703539947591,0.03054703539947591,False,1839.4149794968628,,
1993.42,1993,42,270.8359077339612,0.8350000000000001,275.9224808516464,264.1051871975735,1994,0.1638015569974997,1994-07-15,-15.489548289180789,15.489548289180789,-0.057191634664617595,0.057191634664617595,False,1839.4149794968628,,
1993.43,1993,43,266.2473261854166,0.8467142857142858,270.26224589706084,264.1051871975735,1994,0.16102638287694,1994-07-22,-4.588581548544596,4.588581548544596,-0.01723428217772626,0.01723428217772626,False,1839.4149794968628,,
1993.44,1993,44,255.33162164615018,0.8658571428571429,261.382924552137,246.1954239432886,1994,0.15442456477159164,1994-07-29,-10.915704539266443,10.915704539266443,-0.04275108765961588,0.04275108765961588,False,1839.4149794968628,,
1993.45,1993,45,240.56545587194742,0.8878571428571428,246.1954239432886,234.76788002600708,1994,0.14549398771135377,1994-08-05,-14.766165774202761,14.766165774202761,-0.06138107285886784,0.06138107285886784,False,1839.4149794968628,,
1993.46,1993,46,227.69561272709532,0.9115714285714287,229.36508545768086,224.67104686473823,1994,0.13771030657734723,1994-08-12,-12.869843144852098,12.869843144852098,-0.05652213931885132,0.05652213931885132,False,1839.4149794968628,,
1993.47,1993,47,216.91752262955748,0.9298571428571428,222.2828362851385,212.05144921368182,1994,0.13119171768635637,1994-08-19,-10.778090097537842,10.778090097537842,-0.049687503189607254,0.049687503189607254,False,1839.4149794968628,,
1993.48,1993,48,204.084137951769,0.9478571428571428,209.2745177174335,200.2479822683398,1994,0.12343008663322991,1994-08-26,-12.833384677788473,12.833384677788473,-0.0628828129740361,0.0628828129740361,False,1839.4149794968628,,
1993.49,1993,49,198.61406435832632,0.9587142857142857,201.17011281861932,194.7956741845264,1994,0.12012178612391575,1994-09-02,-5.470073593442692,5.470073593442692,-0.027541219757599582,0.027541219757599582,False,1839.4149794968628,,
1993.5,1993,50,187.05107850399153,0.9778571428571429,193.27466035303507,182.70050873555303,1994,0.11312849227921411,1994-09-09,-11.562985854334784,11.562985854334784,-0.06181726374856501,0.06181726374856501,False,1839.4149794968628,,
1993.51,1993,51,179.4353088520616,0.983,182.70050873555303,171.1379824381925,1994,0.10852247479372687,1994-09-16,-7.615769651929924,7.615769651929924,-0.042442982379844035,0.042442982379844035,False,1839.4149794968628,,
1993.52,1993,52,160.92161228794103,0.9921428571428571,169.1933403798354,155.86976452715123,1994,0.09732539111174673,1994-09-23,-18.51369656412058,18.51369656412058,-0.11504791867852755,0.11504791867852755,False,1839.4149794968628,,
1993.53,1993,53,162.78130282482888,0.992,162.78130282482888,162.78130282482888,1994,0.014064304564065216,1994-09-30,1.8596905368878538,1.8596905368878538,0.011424472618265572,0.011424472618265572,False,1839.4149794968628,,
1994.01,1994,1,158.53118909388195,0.9931428571428572,162.78130282482888,155.86976452715123,1994,0.09587966316397979,1994-10-01,-4.250113730946936,4.250113730946936,-0.026809322223843437,0.026809322223843437,False,1231.9889272331854,,
1994.02,1994,2,155.86639755547955,0.9942857142857143,156.79744636197438,154.2104647364153,1994,0.09426799724155405,1994-10-08,-2.6647915384023975,2.6647915384023975,-0.01709663904597451,0.01709663904597451,False,1231.9889272331854,,
1994.03,1994,3,149.74644039932247,0.995142857142857,155.86976452715123,138.74204462110077,1994,0.09056664715351023,1994-10-15,-6.119957156157085,6.119957156157085,-0.04086879888321389,0.04086879888321389,False,1231.9889272331854,,True
1994.04,1994,4,156.63017638069155,0.9934285714285714,163.87541321774722,143.60332835727277,1994,0.09472993067504223,1994-10-22,6.883735981369085,6.883735981369085,0.04394897675808065,0.04394897675808065,False,1231.9889272331854,,
1994.05,1994,5,157.07522582775212,0.9935714285714284,158.54189668353825,155.86976452715123,1994,0.09499909658062448,1994-10-29,0.44504944706056904,0.44504944706056904,0.002833352266184917,0.002833352266184917,False,1231.9889272331854,,
1994.06,1994,6,156.7146931607683,0.9937142857142857,158.8865679426633,155.86976452715123,1994,0.09478104642363266,1994-11-05,-0.36053266698382913,0.36053266698382913,-0.0023005670987976275,0.0023005670987976275,False,1231.9889272331854,,
1994.07,1994,7,164.10005254610996,0.990857142857143,166.26458004321125,158.54189668353825,1994,0.09924771177988728,1994-11-12,7.385359385341673,7.385359385341673,0.0450052225502273,0.0450052225502273,False,1231.9889272331854,,
1994.08,1994,8,185.56140383505254,0.9788571428571429,191.21938009017487,169.1933403798354,1994,0.11222753703943979,1994-11-19,21.46135128894258,21.46135128894258,0.11565633178772347,0.11565633178772347,False,1231.9889272331854,,
1994.09,1994,9,190.90035915747947,0.9737142857142856,194.7956741845264,185.77870557191315,1994,0.1154565372184436,1994-11-26,5.338955322426926,5.338955322426926,0.027967235609141317,0.027967235609141317,False,1231.9889272331854,,
1994.1,1994,10,192.05679757731338,0.9722857142857142,193.27466035303507,189.23960472725517,1994,0.11615595117475914,1994-12-03,1.1564384198339042,1.1564384198339042,0.006021335534184227,0.006021335534184227,False,1231.9889272331854,,
1994.11,1994,11,219.68063672388703,0.9237142857142857,258.7976520087449,194.7956741845264,1994,0.13286284909060686,1994-12-10,27.62383914657366,27.62383914657366,0.12574544374292582,0.12574544374292582,False,1231.9889272331854,,
1994.12,1994,12,259.6077616989373,0.8591428571428573,266.78604271350054,243.2796862142866,1994,0.15701077427551727,1994-12-17,39.92712497505025,39.92712497505025,0.15379788614083525,0.15379788614083525,False,1231.9889272331854,,
1994.13,1994,13,265.46953685814907,0.8475714285714285,270.26224589706084,261.382924552137,1994,0.16055597589180853,1994-12-24,5.861775159211788,5.861775159211788,0.022080782708955294,0.022080782708955294,False,1231.9889272331854,,
1994.14,1994,14,298.65835392201694,0.7872857142857141,309.0284073518941,281.3222739992266,1994,0.18062857245203584,1994-12-31,33.18881706386787,33.18881706386787,0.11112636438267469,0.11112636438267469,False,1231.9889272331854,,
1994.15,1994,15,317.7566676215853,0.7591428571428571,325.6607962357874,309.0284073518941,1995,0.19217923257753478,1995-01-07,19.098313699568337,19.098313699568337,0.06010358127972445,0.06010358127972445,False,1231.9889272331854,,
1994.16,1994,16,325.00480040436787,0.7482857142857142,329.2057950036568,323.62655383883583,1995,0.19656290328456166,1995-01-14,7.248132782782591,7.248132782782591,0.02230161761846143,0.02230161761846143,False,1231.9889272331854,,
1994.17,1994,17,343.44563279790736,0.7187142857142855,350.2192051008483,335.4728177879068,1995,0.20771591871617437,1995-01-21,18.440832393539495,18.440832393539495,0.05369359989617505,0.05369359989617505,False,1231.9889272331854,,
1994.18,1994,18,384.5693001930592,0.6707142857142857,398.1467533267305,364.6825175805071,1995,0.2325875127567622,1995-01-28,41.12366739515181,41.12366739515181,0.10693434804730163,0.10693434804730163,False,1231.9889272331854,,
1994.19,1994,19,417.0909656687339,0.6324285714285713,426.6328809909446,402.90237744418727,1995,0.2522566160364502,1995-02-04,32.521665475674695,32.521665475674695,0.07797259627412878,0.07797259627412878,False,1231.9889272331854,,
1994.2,1994,20,454.49753655391027,0.5912857142857143,470.1789493868897,426.6328809909446,1995,0.27488011010780494,1995-02-11,37.40657088517639,37.40657088517639,0.0823031323091438,0.0823031323091438,False,1231.9889272331854,,
1994.21,1994,21,489.9895254615698,0.5562857142857144,505.01787451967766,472.4927083802066,1995,0.2963456649991574,1995-02-18,35.49198890765956,35.49198890765956,0.07243417882091689,0.07243417882091689,False,1231.9889272331854,,
1994.22,1994,22,541.5178649805537,0.5238571428571428,556.2195342976412,523.0192327708844,1995,0.3275100047402389,1995-02-25,51.52833951898384,51.52833951898384,0.09515538240060513,0.09515538240060513,False,1231.9889272331854,,
1994.23,1994,23,589.009270759677,0.48957142857142866,615.6277736669467,562.8280752081156,1995,0.3562328069554527,1995-03-04,47.49140577912328,47.49140577912328,0.08062930099193695,0.08062930099193695,False,1231.9889272331854,,
1994.24,1994,24,666.865195864389,0.45214285714285707,712.0837013457431,623.8090120652902,1995,0.4033200704587825,1995-03-11,77.85592510471201,77.85592510471201,0.11674912049322857,0.11674912049322857,False,1231.9889272331854,,
1994.25,1994,25,782.4204081070208,0.4035714285714286,843.5265543863715,733.8512888156049,1995,0.4732078628231261,1995-03-18,115.5552122426318,115.5552122426318,0.14768941485333287,0.14768941485333287,False,1231.9889272331854,,
1994.26,1994,26,960.8896662895016,0.3437142857142857,1059.9978690640885,863.4849952911484,1995,0.5811460701718906,1995-03-25,178.46925818248087,178.46925818248087,0.18573335154247644,0.18573335154247644,False,1231.9889272331854,,
1994.27,1994,27,1164.1959111939573,0.2834285714285715,1208.137555230546,1086.4244972913411,1995,0.7041056870901053,1995-04-01,203.30624490445564,203.30624490445564,0.1746323303059466,0.1746323303059466,False,1231.9889272331854,,
1994.28,1994,28,1225.3773834956778,0.26785714285714285,1231.9889272331854,1216.5619918456675,1995,0.7411082415381858,1995-04-08,61.18147230172053,61.18147230172053,0.04992867758599066,0.04992867758599066,True,1231.9889272331854,True,
1994.29,1994,29,1198.0827279808182,0.2741428571428571,1216.5619918456675,1172.2200796855432,1995,0.7246004338827989,1995-04-15,-27.29465551485964,27.29465551485964,-0.022781945584726467,0.022781945584726467,False,1231.9889272331854,,
1994.3,1994,30,1136.189188809014,0.29,1166.683447695578,1107.711819429938,1995,0.6871672213916916,1995-04-22,-61.89353917180415,61.89353917180415,-0.05447467708848975,0.05447467708848975,False,1231.9889272331854,,
1994.31,1994,31,1066.9791174045934,0.3131428571428571,1089.4560494851628,1027.8009259147987,1995,0.6453089702062981,1995-04-29,-69.21007140442066,69.21007140442066,-0.06486544139005537,0.06486544139005537,False,1231.9889272331854,,
1994.32,1994,32,952.036817610584,0.34528571428571425,1022.7291742398579,891.8619896951615,1995,0.5757918672908812,1995-05-06,-114.94229979400939,114.94229979400939,-0.12073304064278821,0.12073304064278821,False,1231.9889272331854,,
1994.33,1994,33,778.6100420530776,0.40714285714285714,876.9389119074414,673.1577568282033,1995,0.4709033534337012,1995-05-13,-173.4267755575064,173.4267755575064,-0.2227389401505869,0.2227389401505869,False,1231.9889272331854,,
1994.34,1994,34,551.5056277114455,0.5154285714285715,623.8090120652902,479.56309760929685,1995,0.33355060363988226,1995-05-20,-227.10441434163204,227.10441434163204,-0.4117898402669716,0.4117898402669716,False,1231.9889272331854,,
1994.35,1994,35,432.12769413859485,0.6159999999999999,470.1789493868897,402.90237744418727,1995,0.2613508294150222,1995-05-27,-119.37793357285068,119.37793357285068,-0.2762561511148207,0.2762561511148207,False,1231.9889272331854,,
1994.36,1994,36,367.23360128336424,0.691,391.8169121240828,344.6194637292325,1995,0.2221028820561787,1995-06-03,-64.89409285523061,64.89409285523061,-0.17671066217374026,0.17671066217374026,False,1231.9889272331854,,
1994.37,1994,37,332.0026891429992,0.7367142857142858,340.5953058875766,320.2150422476492,1995,0.20079522639368588,1995-06-10,-35.230912140365035,35.230912140365035,-0.10611634571788207,0.10611634571788207,False,1231.9889272331854,,
1994.38,1994,38,305.1397178897419,0.7785714285714287,316.52242407738737,294.72326674738565,1995,0.18454850137971596,1995-06-17,-26.862971253257285,26.862971253257285,-0.08803498751009482,0.08803498751009482,False,1231.9889272331854,,
1994.39,1994,39,279.6637537557718,0.8174285714285716,290.5219447532691,271.2725109404546,1995,0.1691406382714908,1995-06-24,-25.475964133970137,25.475964133970137,-0.09109498028199287,0.09109498028199287,False,1231.9889272331854,,
1994.4,1994,40,265.47545216236466,0.847857142857143,270.26224589706084,261.382924552137,1995,0.16055955346779816,1995-07-01,-14.188301593407118,14.188301593407118,-0.05344487212599062,0.05344487212599062,False,1231.9889272331854,,
1994.41,1994,41,251.99895985073007,0.8717142857142856,258.7976520087449,246.1954239432886,1995,0.15240897091772154,1995-07-08,-13.476492311634587,13.476492311634587,-0.05347836482982826,0.05347836482982826,False,1231.9889272331854,,
1994.42,1994,42,237.94865881694463,0.893142857142857,243.2796862142866,231.43340615217082,1995,0.14391134885248813,1995-07-15,-14.050301033785445,14.050301033785445,-0.059047616001040075,0.059047616001040075,False,1231.9889272331854,,
1994.43,1994,43,228.99818482539715,0.9104285714285715,231.43340615217082,224.67104686473823,1995,0.13849810218240022,1995-07-22,-8.950473991547483,8.950473991547483,-0.03908534907546056,0.03908534907546056,False,1231.9889272331854,,
1994.44,1994,44,220.7670542783204,0.9248571428571429,224.67104686473823,212.05144921368182,1995,0.13351991442752817,1995-07-29,-8.23113054707676,8.23113054707676,-0.03728423416249327,0.03728423416249327,False,1231.9889272331854,,
1994.45,1994,45,209.67122221689758,0.9385714285714286,212.05144921368182,209.2745177174335,1995,0.12680915519677965,1995-08-05,-11.095832061422811,11.095832061422811,-0.05292014776326605,0.05292014776326605,False,1231.9889272331854,,
1994.46,1994,46,199.95535963764988,0.955,206.59664326312716,195.20770377157243,1995,0.12093300150885064,1995-08-12,-9.715862579247698,9.715862579247698,-0.048590158307606,0.048590158307606,False,1231.9889272331854,,
1994.47,1994,47,192.49137295773951,0.9714285714285715,194.7956741845264,189.23960472725517,1995,0.11641878236484085,1995-08-19,-7.463986679910363,7.463986679910363,-0.0387756945426798,0.0387756945426798,False,1231.9889272331854,,
1994.48,1994,48,179.47138992358234,0.9834285714285717,185.77870557191315,177.15463286652889,1995,0.1085442966257826,1995-08-26,-13.019983034157178,13.019983034157178,-0.07254628740380846,0.07254628740380846,False,1231.9889272331854,,
1994.49,1994,49,168.03797547223604,0.989,171.1379824381925,162.78130282482888,1995,0.10162936756560835,1995-09-02,-11.433414451346295,11.433414451346295,-0.06804065818583593,0.06804065818583593,False,1231.9889272331854,,
1994.5,1994,50,160.3325982563834,0.9925714285714287,162.78130282482888,156.79744636197438,1995,0.0969691554254607,1995-09-09,-7.70537721585265,7.70537721585265,-0.048058706087524355,0.048058706087524355,False,1231.9889272331854,,
1994.51,1994,51,144.72643915376537,0.9958571428571429,150.34664433698984,138.74204462110077,1995,0.0875305504001973,1995-09-16,-15.606159102618022,15.606159102618022,-0.1078321224087962,0.1078321224087962,False,1231.9889272331854,,
1994.52,1994,52,136.92919729666315,0.997,138.74204462110077,135.25036019260887,1995,0.08281477852502186,1995-09-23,-7.797241857102222,7.797241857102222,-0.056943603052087954,0.056943603052087954,False,1231.9889272331854,,
1994.53,1994,53,132.8891725892938,0.997,132.8891725892938,132.8891725892938,1995,0.011481624511714984,1995-09-30,-4.040024707369355,4.040024707369355,-0.030401458814522254,0.030401458814522254,False,1231.9889272331854,,
1995.01,1995,1,127.0170409582489,0.997857142857143,130.55421190432912,124.48609694083387,1995,0.07681990637154892,1995-10-01,-5.872131631044894,5.872131631044894,-0.046231053618821835,0.046231053618821835,False,819.2739407352476,,
1995.02,1995,2,120.71201398336623,0.9987142857142859,126.7731428469428,117.16969730588251,1995,0.0730066260571399,1995-10-08,-6.305026974882665,6.305026974882665,-0.05223197564868298,0.05223197564868298,False,819.2739407352476,,
1995.03,1995,3,116.58050731381263,0.9990000000000003,119.99050964238462,114.99803130518691,1995,0.07050789082339387,1995-10-15,-4.131506669553602,4.131506669553602,-0.035439086385448376,0.035439086385448376,False,819.2739407352476,,True
1995.04,1995,4,122.15644347914103,0.9984285714285716,124.48609694083387,117.16969730588251,1995,0.0738802170161845,1995-10-22,5.5759361653284,5.5759361653284,0.04564586203167028,0.04564586203167028,False,819.2739407352476,,
1995.05,1995,5,125.3097784935366,0.9981428571428573,128.24515030123536,119.99050964238462,1995,0.07578735403289096,1995-10-29,3.153335014395566,3.153335014395566,0.02516431720097736,0.02516431720097736,False,819.2739407352476,,
1995.06,1995,6,134.69078828712787,0.9967142857142858,147.83544315909697,130.55421190432912,1995,0.08146098875605494,1995-11-05,9.381009793591275,9.381009793591275,0.06964848831082088,0.06964848831082088,False,819.2739407352476,,
1995.07,1995,7,146.63589694083015,0.9954285714285714,150.34664433698984,141.15953325516062,1995,0.08868539046981408,1995-11-12,11.945108653702277,11.945108653702277,0.08146101263677824,0.08146101263677824,False,819.2739407352476,,
1995.08,1995,8,164.89706762924678,0.9894285714285714,185.77870557191315,143.60332835727277,1995,0.09972974650216847,1995-11-19,18.261170688416627,18.261170688416627,0.11074284674045808,0.11074284674045808,False,819.2739407352476,,
1995.09,1995,9,195.41383285579124,0.9648571428571427,202.1648125463628,193.27466035303507,1995,0.11818628611118254,1995-11-26,30.516765226544464,30.516765226544464,0.15616481587086417,0.15616481587086417,False,819.2739407352476,,
1995.1,1995,10,219.2443162820808,0.9258571428571428,228.5473327785961,200.2479822683398,1995,0.13259896248740244,1995-12-03,23.83048342628956,23.83048342628956,0.10869373414282332,0.10869373414282332,False,819.2739407352476,,
1995.11,1995,11,235.55910676872745,0.8975714285714288,243.2796862142866,226.3790707324809,1995,0.14246614777372638,1995-12-10,16.314790486646643,16.314790486646643,0.06925985885429829,0.06925985885429829,False,819.2739407352476,,
1995.12,1995,12,235.70211925467314,0.8958571428571428,236.6362791677255,234.76788002600708,1995,0.14255264172522636,1995-12-17,0.1430124859456896,0.1430124859456896,0.0006067509549677253,0.0006067509549677253,False,819.2739407352476,,
1995.13,1995,13,250.25824405087764,0.8731428571428571,266.78604271350054,236.19433422910615,1995,0.15135618600197082,1995-12-24,14.5561247962045,14.5561247962045,0.05816441672644851,0.05816441672644851,False,819.2739407352476,,
1995.14,1995,14,280.0295277758554,0.8182857142857143,306.020121877383,261.382924552137,1995,0.16936185839883736,1995-12-31,29.771283724977764,29.771283724977764,0.10631480173336454,0.10631480173336454,False,819.2739407352476,,
1995.15,1995,15,339.9520168147227,0.7281428571428571,380.8369423592014,306.020121877383,1996,0.20560297976954425,1996-01-07,59.9224890388673,59.9224890388673,0.17626749092512567,0.17626749092512567,False,819.2739407352476,,
1995.16,1995,16,419.29877388847893,0.6298571428571428,426.6328809909446,402.90237744418727,1996,0.25359189844775204,1996-01-14,79.34675707375624,79.34675707375624,0.189236797279212,0.189236797279212,True,819.2739407352476,,
1995.17,1995,17,405.4947152265914,0.6467142857142857,420.28892993659525,386.53109723034976,1996,0.2452432037690425,1996-01-21,-13.804058661887552,13.804058661887552,-0.03404251188372162,0.03404251188372162,False,819.2739407352476,,
1995.18,1995,18,407.77498261818243,0.644,417.85777193562865,389.13393637134163,1996,0.2466223094874767,1996-01-28,2.280267391591053,2.280267391591053,0.005591974713481056,0.005591974713481056,False,819.2739407352476,,
1995.19,1995,19,419.4863113932054,0.6302857142857142,426.6328809909446,408.00454625357366,1996,0.2537053211306107,1996-02-04,11.711328775022992,11.711328775022992,0.027918262067067497,0.027918262067067497,False,819.2739407352476,,
1995.2,1995,20,452.4064684068936,0.5937142857142856,455.65515596238953,435.49688511870175,1996,0.27361543209248934,1996-02-11,32.9201570136882,32.9201570136882,0.07276676907298298,0.07276676907298298,False,819.2739407352476,,
1995.21,1995,21,473.688341549514,0.5692857142857143,486.02502639130836,462.56506724863937,1996,0.286486708969146,1996-02-18,21.281873142620384,21.281873142620384,0.044928007037293355,0.044928007037293355,False,819.2739407352476,,
1995.22,1995,22,494.8226604342356,0.5535714285714286,523.0192327708844,477.3484869166725,1996,0.29926874503062567,1996-02-25,21.13431888472161,21.13431888472161,0.04271089538659167,0.04271089538659167,False,819.2739407352476,,
1995.23,1995,23,542.4902308180623,0.5228571428571429,550.9983234585969,527.3375978981461,1996,0.3280980915987641,1996-03-03,47.66757038382667,47.66757038382667,0.08786807148940749,0.08786807148940749,False,819.2739407352476,,
1995.24,1995,24,568.0881214444798,0.5014285714285714,583.0034913422678,556.2195342976412,1996,0.34357969584962145,1996-03-10,25.597890626417552,25.597890626417552,0.045059718131985754,0.045059718131985754,False,819.2739407352476,,
1995.25,1995,25,604.3570148690471,0.48142857142857143,618.6506296297572,583.0034913422678,1996,0.3655151225927996,1996-03-17,36.268893424567295,36.268893424567295,0.060012364434002784,0.060012364434002784,False,819.2739407352476,,
1995.26,1995,26,645.63725633263,0.4617142857142857,666.8063237852695,623.8090120652902,1996,0.3904814126299746,1996-03-24,41.28024146358291,41.28024146358291,0.06393720476737091,0.06393720476737091,False,819.2739407352476,,
1995.27,1995,27,693.5664797027254,0.4408571428571429,705.8654488603318,673.1577568282033,1996,0.4194690069242083,1996-03-31,47.929223370095315,47.929223370095315,0.06910544954629096,0.06910544954629096,False,819.2739407352476,,
1995.28,1995,28,729.8075297062311,0.42457142857142854,748.233943314839,712.0837013457431,1996,0.4413875939663286,1996-04-07,36.241050003505734,36.241050003505734,0.049658366799933976,0.049658366799933976,False,819.2739407352476,,
1995.29,1995,29,768.094035488906,0.408,783.7426792233937,751.6655881559767,1996,0.4645432726636904,1996-04-14,38.28650578267491,38.28650578267491,0.04984611781069859,0.04984611781069859,False,819.2739407352476,,
1995.3,1995,30,805.590440321727,0.3955714285714285,817.7246825595828,794.2548359930772,1996,0.4872210983065804,1996-04-21,37.496404832820986,37.496404832820986,0.04654524551935612,0.04654524551935612,False,819.2739407352476,,
1995.31,1995,31,819.2739407352475,0.39000000000000007,819.2739407352476,819.2739407352476,1996,0.4954968793566777,1996-04-28,13.683500413520505,13.683500413520505,0.016701984199864107,0.016701984199864107,True,819.2739407352476,True,
1995.32,1995,32,805.3677086219815,0.39585714285714285,817.7246825595828,794.2548359930772,1996,0.48708639017457445,1996-05-05,-13.906232113266014,13.906232113266014,-0.01726693529476141,0.01726693529476141,False,819.2739407352476,,
1995.33,1995,33,741.516058523269,0.4195714285714286,779.3663976124346,702.6560160658968,1996,0.44846891219487306,1996-05-12,-63.851650098712526,63.851650098712526,-0.08610959852423593,0.08610959852423593,False,819.2739407352476,,
1995.34,1995,34,610.3184677401698,0.4801428571428571,668.0088040063389,548.1781559247493,1996,0.3691206092892548,1996-05-19,-131.19759078309914,131.19759078309914,-0.21496578871172836,0.21496578871172836,False,819.2739407352476,,
1995.35,1995,35,475.2760610547362,0.5725714285714286,527.3375978981461,440.0331111664572,1996,0.28744696172590445,1996-05-26,-135.0424066854336,135.0424066854336,-0.2841346698290389,0.2841346698290389,False,819.2739407352476,,
1995.36,1995,36,401.52826276317006,0.6505714285714286,422.4698189706656,380.8369423592014,1996,0.24284429331916527,1996-06-02,-73.74779829156614,73.74779829156614,-0.18366776421679729,0.18366776421679729,False,819.2739407352476,,
1995.37,1995,37,353.057434670115,0.7067142857142859,370.36474529587133,340.5953058875766,1996,0.21352913648848557,1996-06-09,-48.47082809305505,48.47082809305505,-0.13728879024554336,0.13728879024554336,False,819.2739407352476,,
1995.38,1995,38,322.66539267583056,0.7515714285714286,331.6115672476363,311.8155700798613,1996,0.19514802949034235,1996-06-16,-30.392041994284455,30.392041994284455,-0.09419058468665142,0.09419058468665142,False,819.2739407352476,,
1995.39,1995,39,298.2167363968834,0.7869999999999999,309.0284073518941,287.1870699602335,1996,0.1803614821728351,1996-06-23,-24.44865627894717,24.44865627894717,-0.08198284433778237,0.08198284433778237,False,819.2739407352476,,
1995.4,1995,40,277.2149575006224,0.8222857142857144,283.6079686159883,273.7644374568714,1996,0.16765960629637647,1996-06-30,-21.001778896260987,21.001778896260987,-0.0757599051855412,0.0757599051855412,False,819.2739407352476,,
1995.41,1995,41,264.4246311146557,0.8507142857142858,270.26224589706084,256.6827889882703,1996,0.15992401689814378,1996-07-07,-12.790326385966694,12.790326385966694,-0.04837040457256325,0.04837040457256325,False,819.2739407352476,,
1995.42,1995,42,254.71604357043057,0.8678571428571429,256.6827889882703,249.7991800258312,1996,0.15405226315139642,1996-07-14,-9.70858754422514,9.70858754422514,-0.038115335838830484,0.038115335838830484,False,819.2739407352476,,
1995.43,1995,43,239.87627178181302,0.889142857142857,246.1954239432886,231.43340615217082,1996,0.1450771691736405,1996-07-21,-14.839771788617554,14.839771788617554,-0.06186427560503164,0.06186427560503164,False,819.2739407352476,,
1995.44,1995,44,227.5406100522599,0.911857142857143,229.36508545768086,224.67104686473823,1996,0.13761656095960678,1996-07-28,-12.335661729553124,12.335661729553124,-0.05421301158821697,0.05421301158821697,False,819.2739407352476,,
1995.45,1995,45,218.74419560086653,0.9278571428571428,222.2828362851385,212.05144921368182,1996,0.13229648949940406,1996-08-04,-8.79641445139336,8.79641445139336,-0.04021324738345886,0.04021324738345886,False,819.2739407352476,,
1995.46,1995,46,204.20174664837216,0.9457142857142857,212.05144921368182,201.17011281861932,1996,0.12350121637293549,1996-08-11,-14.542448952494368,14.542448952494368,-0.07121608502955622,0.07121608502955622,False,819.2739407352476,,
1995.47,1995,47,194.79055990819316,0.9664285714285714,199.0925590239552,191.21938009017487,1996,0.11780933063247523,1996-08-18,-9.411186740179005,9.411186740179005,-0.04831438825687752,0.04831438825687752,False,819.2739407352476,,
1995.48,1995,48,188.64051074756165,0.9771428571428571,191.21938009017487,182.70050873555303,1996,0.11408978090012531,1996-08-25,-6.150049160631511,6.150049160631511,-0.03260195350542437,0.03260195350542437,False,819.2739407352476,,
1995.49,1995,49,176.61610053148004,0.9845714285714287,179.82651022652541,171.1379824381925,1996,0.10681741760143913,1996-09-01,-12.024410216081606,12.024410216081606,-0.06808218605153937,0.06808218605153937,False,819.2739407352476,,
1995.5,1995,50,162.2985149491851,0.9917142857142858,169.1933403798354,155.86976452715123,1996,0.09815814184126713,1996-09-08,-14.317585582294953,14.317585582294953,-0.08821760067723185,0.08821760067723185,False,819.2739407352476,,
1995.51,1995,51,155.25405218765542,0.9942857142857143,158.54189668353825,150.34664433698984,1996,0.09389765076309398,1996-09-15,-7.044462761529672,7.044462761529672,-0.04537377712380117,0.04537377712380117,False,819.2739407352476,,
1995.52,1995,52,142.72014422016625,0.9962857142857143,147.83544315909697,138.74204462110077,1996,0.08631714322435653,1996-09-22,-12.53390796748917,12.53390796748917,-0.08782157582572103,0.08782157582572103,False,819.2739407352476,,
1995.53,1995,53,136.44406745344153,0.997,137.6377747142742,135.25036019260887,1996,0.0235775348559547,1996-09-29,-6.276076766724714,6.276076766724714,-0.04599743238280612,0.04599743238280612,False,819.2739407352476,,
1996.01,1996,1,129.7609579500732,0.9974285714285714,134.30269420955022,124.48609694083387,1996,0.07847942736820426,1996-10-01,-6.6831095033683425,6.6831095033683425,-0.05150323802279369,0.05150323802279369,False,1399.6225280663384,,
1996.02,1996,2,123.20164342699124,0.9982857142857144,124.48609694083387,119.99050964238462,1996,0.07451235394464428,1996-10-08,-6.559314523081952,6.559314523081952,-0.053240479109103546,0.053240479109103546,False,1399.6225280663384,,
1996.03,1996,3,112.95532312210813,0.9994285714285714,117.16969730588251,110.93866694132907,1996,0.068315379424251,1996-10-15,-10.246320304883113,10.246320304883113,-0.0907112654957087,0.0907112654957087,False,1399.6225280663384,,
1996.04,1996,4,107.12498961732838,1.0,109.67606220492935,104.71594092833212,1996,0.06478919372056022,1996-10-22,-5.830333504779745,5.830333504779745,-0.05442552223908583,0.05442552223908583,False,1399.6225280663384,,
1996.05,1996,5,106.19755299013157,1.0,110.93866694132907,102.69188909931223,1996,0.06422828004843156,1996-10-29,-0.927436627196812,0.927436627196812,-0.008733126151061072,0.008733126151061072,False,1399.6225280663384,,True
1996.06,1996,6,133.93137704367948,0.9968571428571428,156.79744636197438,106.76510644774186,1996,0.08100169683601735,1996-11-05,27.733824053547906,27.733824053547906,0.2070748816724477,0.2070748816724477,False,1399.6225280663384,,
1996.07,1996,7,165.47051715134597,0.9891428571428572,185.77870557191315,147.83544315909697,1996,0.10007656877313403,1996-11-12,31.539140107666498,31.539140107666498,0.19060277716313376,0.19060277716313376,False,1399.6225280663384,,
1996.08,1996,8,179.08147503828204,0.9834285714285714,179.82651022652541,177.15463286652889,1996,0.10830847610315299,1996-11-19,13.610957886936063,13.610957886936063,0.07600427617667581,0.07600427617667581,False,1399.6225280663384,,
1996.09,1996,9,187.17272256738812,0.9777142857142858,191.21938009017487,179.39600170237355,1996,0.11320206260875634,1996-11-26,8.091247529106084,8.091247529106084,0.04322877510206103,0.04322877510206103,False,1399.6225280663384,,
1996.1,1996,10,193.87232009816688,0.9688571428571429,194.7956741845264,192.89523707448373,1996,0.11725397919537131,1996-12-03,6.69959753077876,6.69959753077876,0.034556751202989844,0.034556751202989844,False,1399.6225280663384,,
1996.11,1996,11,212.62275136200483,0.9354285714285714,226.3790707324809,199.0925590239552,1996,0.12859424002374054,1996-12-10,18.750431263837953,18.750431263837953,0.08818638242487069,0.08818638242487069,False,1399.6225280663384,,
1996.12,1996,12,241.62308567529547,0.8872857142857143,249.7991800258312,229.36508545768086,1996,0.14613364221641872,1996-12-17,29.000334313290637,29.000334313290637,0.12002302773445521,0.12002302773445521,False,1399.6225280663384,,
1996.13,1996,13,271.70375819425266,0.8331428571428571,287.1870699602335,249.7991800258312,1996,0.164326432955884,1996-12-24,30.080672518957186,30.080672518957186,0.11071128614073576,0.11071128614073576,False,1399.6225280663384,,
1996.14,1996,14,323.22363744464786,0.75,350.2192051008483,294.72326674738565,1996,0.19548565592652303,1996-12-31,51.519879250395206,51.519879250395206,0.15939390960915722,0.15939390960915722,False,1399.6225280663384,,
1996.15,1996,15,370.664918486378,0.6864285714285714,380.8369423592014,352.6418316744995,1997,0.22417814270056138,1997-01-07,47.44128104173012,47.44128104173012,0.1279896711980678,0.1279896711980678,False,1399.6225280663384,,
1996.16,1996,16,420.1268699396177,0.6307142857142856,455.65515596238953,390.73358671287764,1997,0.25409273093948076,1997-01-14,49.46195145323969,49.46195145323969,0.11773098792835736,0.11773098792835736,False,1399.6225280663384,,
1996.17,1996,17,457.1248312126094,0.586857142857143,477.3484869166725,441.2481704060965,1997,0.27646909791738616,1997-01-21,36.997961272991745,36.997961272991745,0.08093623173969287,0.08093623173969287,False,1399.6225280663384,,
1996.18,1996,18,521.3390855418681,0.5361428571428571,556.2195342976412,486.02502639130836,1997,0.3153058789357219,1997-01-28,64.21425432925872,64.21425432925872,0.1231717630810586,0.1231717630810586,False,1399.6225280663384,,
1996.19,1996,19,649.5797627712371,0.4611428571428572,720.3337222668207,566.8540212047202,1997,0.3928658405240442,1997-02-04,128.240677229369,128.240677229369,0.19742098596524718,0.19742098596524718,False,1399.6225280663384,,
1996.2,1996,20,742.8320641508592,0.41828571428571426,748.233943314839,729.7724330683604,1997,0.4492648323984397,1997-02-11,93.25230137962205,93.25230137962205,0.12553618224089444,0.12553618224089444,True,1399.6225280663384,,
1996.21,1996,21,734.8309787859831,0.42242857142857143,748.233943314839,720.3337222668207,1997,0.44442577596976257,1997-02-18,-8.001085364876076,8.001085364876076,-0.010888334318858873,0.010888334318858873,False,1399.6225280663384,,
1996.22,1996,22,730.0268469701233,0.4234285714285715,733.8512888156049,728.4970702319307,1997,0.44152023704753046,1997-02-25,-4.804131815859819,4.804131815859819,-0.006580760469013861,0.006580760469013861,False,1399.6225280663384,,
1996.23,1996,23,763.1632273893487,0.4098571428571428,794.2548359930772,739.6475434553279,1997,0.4615611199250781,1997-03-04,33.13638041922536,33.13638041922536,0.04341978128660532,0.04341978128660532,False,1399.6225280663384,,
1996.24,1996,24,853.3298620893529,0.3787142857142857,894.9137550062262,801.0251437286709,1997,0.5160939005916407,1997-03-11,90.16663470000424,90.16663470000424,0.10566445486770368,0.10566445486770368,False,1399.6225280663384,,
1996.25,1996,25,963.1722069225185,0.3417142857142857,1022.7291742398579,909.5649291828073,1997,0.5825265507467391,1997-03-18,109.84234483316561,109.84234483316561,0.11404226995308407,0.11404226995308407,False,1399.6225280663384,,
1996.26,1996,26,1051.7882711466602,0.3178571428571429,1082.8793953113418,1025.1570830002852,1997,0.6361215463895001,1997-03-25,88.61606422414172,88.61606422414172,0.08425275947176368,0.08425275947176368,False,1399.6225280663384,,
1996.27,1996,27,1128.2408892570188,0.2925714285714286,1171.87534279097,1091.4096858860214,1997,0.6823600898226451,1997-04-01,76.45261811035857,76.45261811035857,0.06776267270432378,0.06776267270432378,False,1399.6225280663384,,
1996.28,1996,28,1210.4276076117646,0.27185714285714285,1246.0803627849048,1182.7486219934508,1997,0.7320666170835953,1997-04-08,82.18671835474584,82.18671835474584,0.06789891261395171,0.06789891261395171,False,1399.6225280663384,,
1996.29,1996,29,1292.8345547383349,0.2602857142857143,1327.7083044595875,1255.1079922777674,1997,0.7819063387057449,1997-04-15,82.40694712657023,82.40694712657023,0.06374129375219949,0.06374129375219949,False,1399.6225280663384,,
1996.3,1996,30,1344.6270725717513,0.25342857142857145,1365.945584949549,1331.4899732779081,1997,0.8132304534913953,1997-04-22,51.79251783341647,51.79251783341647,0.038518128103993486,0.038518128103993486,False,1399.6225280663384,,
1996.31,1996,31,1390.6023434604522,0.246,1399.6225280663384,1383.5781363808978,1997,0.8410362973248815,1997-04-29,45.975270888700834,45.975270888700834,0.033061407601466725,0.033061407601466725,False,1399.6225280663384,,
1996.32,1996,32,1399.6225280663384,0.244,1399.6225280663384,1399.6225280663384,1997,0.8464917049745214,1997-05-06,9.020184605886243,9.020184605886243,0.006444726649511825,0.006444726649511825,True,1399.6225280663384,True,
1996.33,1996,33,1358.0016121810368,0.2511428571428571,1392.1184694738974,1297.4934435018629,1997,0.8213193750470911,1997-05-13,-41.620915885301656,41.620915885301656,-0.03064864983367422,0.03064864983367422,False,1399.6225280663384,,
1996.34,1996,34,1245.9149512990673,0.26657142857142857,1294.9199587152727,1195.2983332432605,1997,0.7535293625456756,1997-05-20,-112.08666088196946,112.08666088196946,-0.08996333238083469,0.08996333238083469,False,1399.6225280663384,,
1996.35,1996,35,1138.9980674250316,0.2902857142857143,1186.236785557501,1086.4244972913411,1997,0.6888660311786592,1997-05-27,-106.91688387403565,106.91688387403565,-0.09386924081069424,0.09386924081069424,False,1399.6225280663384,,
1996.36,1996,36,1003.2939173595189,0.3312857142857143,1080.0406798008228,914.0536783798912,1997,0.606792161219037,1997-06-03,-135.70415006551275,135.70415006551275,-0.13525861935120725,0.13525861935120725,False,1399.6225280663384,,
1996.37,1996,37,778.8087056562568,0.4058571428571428,885.1094475277025,682.3088631722309,1997,0.4710235051809041,1997-06-10,-224.48521170326205,224.48521170326205,-0.28824178527139266,0.28824178527139266,False,1399.6225280663384,,
1996.38,1996,38,580.9018739350571,0.4965714285714286,650.0097418897831,527.3375978981461,1997,0.3513294533559225,1997-06-17,-197.90683172119975,197.90683172119975,-0.34068891942208657,0.34068891942208657,False,1399.6225280663384,,
1996.39,1996,39,470.1145696453654,0.5765714285714285,512.1178199937132,440.0331111664572,1997,0.284325291721517,1997-06-24,-110.78730428969169,110.78730428969169,-0.2356602229394102,0.2356602229394102,False,1399.6225280663384,,
1996.4,1996,40,407.9692473577085,0.6435714285714287,430.9578316629287,386.53109723034976,1997,0.2467398008019421,1997-07-01,-62.14532228765688,62.14532228765688,-0.15232844801453305,0.15232844801453305,False,1399.6225280663384,,
1996.41,1996,41,362.7143154853347,0.6967142857142858,380.1183484830109,344.6194637292325,1997,0.21936961800553043,1997-07-08,-45.254931872373845,45.254931872373845,-0.12476742698125903,0.12476742698125903,False,1399.6225280663384,,
1996.42,1996,42,335.9472148863695,0.7292857142857143,342.1851666249827,323.62655383883583,1997,0.2031808755632763,1997-07-15,-26.767100598965158,26.767100598965158,-0.07967650694177904,0.07967650694177904,False,1399.6225280663384,,
1996.43,1996,43,308.21500617925216,0.7729999999999999,320.2150422476492,294.72326674738565,1997,0.1864084357372117,1997-07-22,-27.732208707117366,27.732208707117366,-0.08997682835399917,0.08997682835399917,False,1399.6225280663384,,
1996.44,1996,44,281.739733187903,0.8152857142857144,290.5219447532691,271.2725109404546,1997,0.17039619063204378,1997-07-29,-26.47527299134913,26.47527299134913,-0.09397067531717919,0.09397067531717919,False,1399.6225280663384,,
1996.45,1996,45,263.44444173170973,0.8514285714285714,271.65618246817155,249.7991800258312,1997,0.15933119835933807,1997-08-05,-18.295291456193297,18.295291456193297,-0.06944648873945541,0.06944648873945541,False,1399.6225280663384,,
1996.46,1996,46,237.5636329254963,0.8937142857142856,246.1954239432886,231.43340615217082,1997,0.14367848519334017,1997-08-12,-25.880808806213423,25.880808806213423,-0.10894263775773311,0.10894263775773311,False,1399.6225280663384,,
1996.47,1996,47,228.39562767072195,0.9107142857142857,231.63359322317936,224.67104686473823,1997,0.13813367561525264,1997-08-19,-9.168005254774357,9.168005254774357,-0.04014089651484867,0.04014089651484867,False,1399.6225280663384,,
1996.48,1996,48,213.55180249303294,0.9338571428571428,222.2828362851385,206.59664326312716,1997,0.12915613014778632,1997-08-26,-14.843825177689013,14.843825177689013,-0.06950924789395438,0.06950924789395438,False,1399.6225280663384,,
1996.49,1996,49,204.9317133966576,0.9455714285714285,209.2745177174335,200.2479822683398,1997,0.12394270026229852,1997-09-02,-8.620089096375324,8.620089096375324,-0.042063226591438414,0.042063226591438414,False,1399.6225280663384,,
1996.5,1996,50,194.76230984930493,0.9669999999999999,199.0925590239552,192.89523707448373,1997,0.11779224499685961,1997-09-09,-10.169403547352687,10.169403547352687,-0.05221443283980943,0.05221443283980943,False,1399.6225280663384,,
1996.51,1996,51,189.62151042146834,0.9767142857142856,191.21938009017487,187.94080017135414,1997,0.11468308950290407,1997-09-16,-5.140799427836583,5.140799427836583,-0.02711084526439126,0.02711084526439126,False,1399.6225280663384,,
1996.52,1996,52,187.9134305973132,0.978,191.09816162620763,181.5686791602694,1997,0.11365004282525505,1997-09-23,-1.708079824155135,1.708079824155135,-0.009089716571751828,0.009089716571751828,False,1399.6225280663384,,
1996.53,1996,53,179.83079120949702,0.982,179.83079120949702,179.83079120949702,1997,0.015537380360500544,1997-09-30,-8.082639387816187,8.082639387816187,-0.0449458034047138,0.0449458034047138,False,1399.6225280663384,,
1997.01,1997,1,179.98108022320477,0.9828571428571429,187.94080017135414,173.8393553723827,1997,0.10885255731899425,1997-10-01,0.1502890137077486,0.1502890137077486,0.0008350267345954733,0.0008350267345954733,False,3524.628422363977,,
1997.02,1997,2,170.09888819229923,0.9879999999999999,173.8393553723827,165.4409782483091,1997,0.10287580757870256,1997-10-08,-9.882192030905543,9.882192030905543,-0.05809674675670768,0.05809674675670768,False,3524.628422363977,,
1997.03,1997,3,161.7261460106598,0.9917142857142857,164.74122965885817,156.55090676315066,1997,0.09781197310724701,1997-10-15,-8.372742181639438,8.372742181639438,-0.05177111053575449,0.05177111053575449,False,3524.628422363977,,True
1997.04,1997,4,163.40235009853004,0.9909999999999999,164.30668809539182,163.04061489978534,1997,0.09882574133959096,1997-10-22,1.6762040878702464,1.6762040878702464,0.010258139413903848,0.010258139413903848,False,3524.628422363977,,
1997.05,1997,5,163.46481056558287,0.9908571428571429,166.00998456036797,163.04061489978534,1997,0.0988635174300645,1997-10-29,0.06246046705282993,0.06246046705282993,0.00038210344377312015,0.00038210344377312015,False,3524.628422363977,,
1997.06,1997,6,176.038285800331,0.9845714285714287,191.09816162620763,169.9861362729458,1997,0.10646795525204018,1997-11-05,12.573475234748145,12.573475234748145,0.071424662979333,0.071424662979333,False,3524.628422363977,,
1997.07,1997,7,174.8021895565404,0.9852857142857143,187.94080017135414,166.8735183538457,1997,0.10572036424379563,1997-11-12,-1.2360962437905982,1.2360962437905982,-0.007071400232036443,0.007071400232036443,False,3524.628422363977,,
1997.08,1997,8,189.4608773929162,0.9767142857142858,193.63700368409016,187.94080017135414,1997,0.1145859386472357,1997-11-19,14.658687836375776,14.658687836375776,0.07737052650704052,0.07737052650704052,False,3524.628422363977,,
1997.09,1997,9,203.9183823012934,0.9481428571428571,209.67891665666008,196.05963252615788,1997,0.12332983761582225,1997-11-26,14.457504908377217,14.457504908377217,0.07089848764598362,0.07089848764598362,False,3524.628422363977,,
1997.1,1997,10,224.186555204445,0.9172857142857144,236.8493354753479,213.4151960906308,1997,0.13558802858764832,1997-12-03,20.268172903151594,20.268172903151594,0.09040762004959757,0.09040762004959757,False,3524.628422363977,,
1997.11,1997,11,253.71155210894668,0.867,274.4698592828081,243.54989841925496,1997,0.15344474671549094,1997-12-10,29.524996904501677,29.524996904501677,0.11637230019318671,0.11637230019318671,False,3524.628422363977,,
1997.12,1997,12,327.5574795504852,0.7461428571428571,410.1421567276903,283.56829088636164,1997,0.19810676363213342,1997-12-17,73.84592744153852,73.84592744153852,0.22544418018748655,0.22544418018748655,False,3524.628422363977,,
1997.13,1997,13,392.61147153067924,0.6611428571428571,410.1421567276903,350.9059830692022,1997,0.2374514179817548,1997-12-24,65.05399198019404,65.05399198019404,0.16569559653101126,0.16569559653101126,False,3524.628422363977,,
1997.14,1997,14,432.1868275858692,0.6165714285714285,462.3337709519629,410.1421567276903,1997,0.26138659332393366,1997-12-31,39.57535605518996,39.57535605518996,0.09157001909625974,0.09157001909625974,False,3524.628422363977,,
1997.15,1997,15,492.07986868302606,0.5575714285714286,517.3663314792649,471.0462647249272,1998,0.2976099045794942,1998-01-07,59.89304109715687,59.89304109715687,0.12171406494935694,0.12171406494935694,False,3524.628422363977,,
1997.16,1997,16,581.6599239493152,0.4997142857142857,651.4460046683915,519.6411034767009,1998,0.3517879220045458,1998-01-14,89.5800552662891,89.5800552662891,0.15400761093881885,0.15400761093881885,False,3524.628422363977,,
1997.17,1997,17,662.4997021128817,0.45500000000000007,677.7424369637166,655.878514487678,1998,0.4006798198378708,1998-01-21,80.8397781635665,80.8397781635665,0.1220223615282357,0.1220223615282357,False,3524.628422363977,,
1997.18,1997,18,700.9961504458566,0.438,724.1784414651587,687.4728168847247,1998,0.42396247178965407,1998-01-28,38.49644833297498,38.49644833297498,0.05491677566059381,0.05491677566059381,False,3524.628422363977,,
1997.19,1997,19,792.7421937119856,0.3995714285714286,853.8829560570023,736.5363360830615,1998,0.47945047875700897,1998-02-04,91.74604326612894,91.74604326612894,0.11573250924935827,0.11573250924935827,False,3524.628422363977,,
1997.2,1997,20,924.4769991463214,0.3532857142857143,1025.216220670923,869.7507435242177,1998,0.5591236890836953,1998-02-11,131.73480543433584,131.73480543433584,0.14249657433985066,0.14249657433985066,False,3524.628422363977,,
1997.21,1997,21,1441.42420241259,0.24685714285714283,1793.5703619188525,1062.2782119849837,1998,0.8717733576191342,1998-02-18,516.9472032662685,516.9472032662685,0.35863641140548763,0.35863641140548763,False,3524.628422363977,,
1997.22,1997,22,2117.5886538055347,0.1637142857142857,2287.9252013090804,1840.3853291602575,1998,1.2807176178215873,1998-02-25,676.1644513929448,676.1644513929448,0.319308686405079,0.319308686405079,False,3524.628422363977,,
1997.23,1997,23,2338.8706895351365,0.13885714285714287,2353.225621696834,2306.2812543794353,1998,1.4145489930308506,1998-03-04,221.28203572960183,221.28203572960183,0.09461063269538122,0.09461063269538122,False,3524.628422363977,,
1997.24,1997,24,2364.7250683141424,0.13585714285714284,2433.721748017991,2353.225621696834,1998,1.430185721316393,1998-03-11,25.854378779005856,25.854378779005856,0.01093335505485969,0.01093335505485969,False,3524.628422363977,,
1997.25,1997,25,2665.603102257649,0.11214285714285713,2908.333603954003,2479.231876484325,1998,1.6121567562454258,1998-03-18,300.8780339435066,300.8780339435066,0.11287428112935345,0.11287428112935345,False,3524.628422363977,,
1997.26,1997,26,3224.418802820735,0.07357142857142858,3426.8021047673437,2981.0622984862207,1998,1.9501284919459805,1998-03-25,558.815700563086,558.815700563086,0.1733074190220674,0.1733074190220674,False,3524.628422363977,,
1997.27,1997,27,3502.270286096974,0.056571428571428564,3524.628422363977,3459.5533648900982,1998,2.11817306903145,1998-04-01,277.8514832762389,277.8514832762389,0.07933467738890143,0.07933467738890143,True,3524.628422363977,True,
1997.28,1997,28,3426.6069998546054,0.062285714285714285,3498.793988605936,3346.1373711307665,1998,2.072411913512065,1998-04-08,-75.66328624236849,75.66328624236849,-0.022081110044302996,0.022081110044302996,False,3524.628422363977,,
1997.29,1997,29,3211.671366653815,0.07257142857142858,3289.6037172425176,3185.545388617374,1998,1.9424188425522269,1998-04-15,-214.93563320079056,214.93563320079056,-0.06692329589896001,0.06692329589896001,False,3524.628422363977,,
1997.3,1997,30,3172.667353820186,0.07442857142857143,3185.545388617374,3138.65846664605,1998,1.918829215590448,1998-04-22,-39.004012833629076,39.004012833629076,-0.01229376057551846,0.01229376057551846,False,3524.628422363977,,
1997.31,1997,31,3032.990928400167,0.08428571428571428,3108.7464955955406,2933.880899574861,1998,1.8343529134964207,1998-04-29,-139.67642542001886,139.67642542001886,-0.046052371641511956,0.046052371641511956,False,3524.628422363977,,
1997.32,1997,32,2804.2863036837466,0.10128571428571428,2916.5371144374603,2679.963940672349,1998,1.69603235646793,1998-05-06,-228.7046247164203,228.7046247164203,-0.08155537628807408,0.08155537628807408,False,3524.628422363977,,
1997.33,1997,33,2560.5785869067936,0.12000000000000001,2658.872819749761,2402.113271305237,1998,1.5486379293612287,1998-05-13,-243.70771677695302,243.70771677695302,-0.09517681590524997,0.09517681590524997,False,3524.628422363977,,
1997.34,1997,34,2215.492005947513,0.15342857142857144,2333.9108033555754,2122.6951751857887,1998,1.3399295651970557,1998-05-20,-345.0865809592806,345.0865809592806,-0.1557606978643533,0.1557606978643533,False,3524.628422363977,,
1997.35,1997,35,1939.083036090619,0.18257142857142858,2083.1179006773305,1788.450572471084,1998,1.1727574202276065,1998-05-27,-276.4089698568939,276.4089698568939,-0.1425462265990225,0.1425462265990225,False,3524.628422363977,,
1997.36,1997,36,1566.8929202078684,0.223,1726.6076432517052,1406.2236807196314,1998,0.9476568381417189,1998-06-03,-372.19011588275066,372.19011588275066,-0.23753385511077227,0.23753385511077227,False,3524.628422363977,,
1997.37,1997,37,1248.6451081856617,0.2681428571428572,1359.127799899888,1148.6664552960378,1998,0.7551805614306882,1998-06-10,-318.24781202220674,318.24781202220674,-0.25487451152924895,0.25487451152924895,False,3524.628422363977,,
1997.38,1997,38,1014.8411964985719,0.327,1130.3033989808528,886.4455343095932,1998,0.6137759556423363,1998-06-17,-233.8039116870898,233.8039116870898,-0.23038472668804277,0.23038472668804277,False,3524.628422363977,,
1997.39,1997,39,764.568672732314,0.41100000000000003,844.7308711859143,708.2803075785097,1998,0.4624111332685035,1998-06-24,-250.2725237662579,250.2725237662579,-0.3273381877809186,0.3273381877809186,False,3524.628422363977,,
1997.4,1997,40,623.4297126799767,0.4734285714285714,677.7424369637166,580.3230981243996,1998,0.3770502902288499,1998-07-01,-141.13896005233732,141.13896005233732,-0.22639113468880778,0.22639113468880778,False,3524.628422363977,,
1997.41,1997,41,541.0582541275363,0.5232857142857144,569.2992874818548,512.2858393720081,1998,0.327232032096334,1998-07-08,-82.37145855244034,82.37145855244034,-0.15224138606898333,0.15224138606898333,False,3524.628422363977,,
1997.42,1997,42,484.9702632324829,0.5589999999999999,499.1358949596112,472.9110849042599,1998,0.29331001520300565,1998-07-15,-56.087990895053395,56.087990895053395,-0.11565243304034536,0.11565243304034536,False,3524.628422363977,,
1997.43,1997,43,445.91504652919957,0.6001428571428572,460.43618013763063,434.9928424587298,1998,0.26968942014085995,1998-07-22,-39.05521670328335,39.05521670328335,-0.08758443341903674,0.08758443341903674,False,3524.628422363977,,
1997.44,1997,44,414.9183246551562,0.6352857142857143,427.6123458556847,403.335437162316,1998,0.2509426027514385,1998-07-29,-30.996721874043374,30.996721874043374,-0.07470559874598244,0.07470559874598244,False,3524.628422363977,,
1997.45,1997,45,381.7032904341119,0.6737142857142857,398.9332627522059,366.0258583984972,1998,0.2308541500545509,1998-08-05,-33.21503422104428,33.21503422104428,-0.08701794051413272,0.08701794051413272,False,3524.628422363977,,
1997.46,1997,46,350.0012844008769,0.7092857142857143,362.2495534613968,341.0310225674728,1998,0.21168077680565034,1998-08-12,-31.702006033235023,31.702006033235023,-0.09057682770365169,0.09057682770365169,False,3524.628422363977,,
1997.47,1997,47,331.23051597359887,0.7372857142857142,338.5028797705377,326.37812114704485,1998,0.2003282160608326,1998-08-19,-18.77076842727803,18.77076842727803,-0.05666980402486278,0.05666980402486278,False,3524.628422363977,,
1997.48,1997,48,307.1210344347364,0.7764285714285715,322.59272115902394,291.51576358890105,1998,0.1857468016261286,1998-08-26,-24.109481538862497,24.109481538862497,-0.07850156399491352,0.07850156399491352,False,3524.628422363977,,
1997.49,1997,49,278.3925474801501,0.8200000000000001,283.56829088636164,272.2574143893877,1998,0.16837181271599483,1998-09-02,-28.728486954586288,28.728486954586288,-0.10319416670676029,0.10319416670676029,False,3524.628422363977,,
1997.5,1997,50,256.5538959041267,0.865,267.02660100992716,245.3154454721189,1998,0.15516379624281582,1998-09-09,-21.83865157602338,21.83865157602338,-0.08512305571919442,0.08512305571919442,False,3524.628422363977,,
1997.51,1997,51,237.33354907918167,0.894142857142857,242.1091761780069,231.92581495011916,1998,0.1435393304830891,1998-09-16,-19.22034682494504,19.22034682494504,-0.08098453379017456,0.08098453379017456,False,3524.628422363977,,
1997.52,1997,52,219.52039581360418,0.9258571428571427,230.5557723014604,209.67891665666008,1998,0.1327659353880678,1998-09-23,-17.813153265577483,17.813153265577483,-0.08114577781967339,0.08114577781967339,False,3524.628422363977,,
1997.53,1997,53,209.67891665666008,0.938,209.67891665666008,209.67891665666008,1998,0.018116258399135433,1998-09-30,-9.841479156944104,9.841479156944104,-0.046935950041458334,0.046935950041458334,False,3524.628422363977,,
1998.01,1998,1,206.21962537254447,0.9425714285714285,209.67891665666008,201.34819816708185,1998,0.12472162942531491,1998-10-01,-3.459291284115608,3.459291284115608,-0.016774791816570572,0.016774791816570572,False,3420.728127398308,,
1998.02,1998,2,199.39746380527396,0.9591428571428571,200.0131298984013,196.67848459924147,1998,0.12059558610942968,1998-10-08,-6.822161567270513,6.822161567270513,-0.03421388335176041,0.03421388335176041,False,3420.728127398308,,
1998.03,1998,3,194.1866058720668,0.9675714285714287,196.05963252615788,193.63700368409016,1998,0.11744405923142599,1998-10-15,-5.210857933207166,5.210857933207166,-0.026834280921724133,0.026834280921724133,False,3420.728127398308,,
1998.04,1998,4,189.19476290287685,0.9752857142857143,193.63700368409016,179.83079120949702,1998,0.11442499260365992,1998-10-22,-4.991842969189946,4.991842969189946,-0.026384678373748163,0.026384678373748163,False,3420.728127398308,,
1998.05,1998,5,176.3048991229291,0.9844285714285713,191.09816162620763,173.8393553723827,1998,0.10662920298954753,1998-10-29,-12.889863779947746,12.889863779947746,-0.07311120589428573,0.07311120589428573,False,3420.728127398308,,True
1998.06,1998,6,180.62524392313873,0.9822857142857144,189.8606415121421,173.8393553723827,1998,0.1092421475247143,1998-11-05,4.320344800209625,4.320344800209625,0.02391883164486165,0.02391883164486165,False,3420.728127398308,,
1998.07,1998,7,197.98519315946655,0.959,200.55260733721147,196.05963252615788,1998,0.1197414448228454,1998-11-12,17.35994923632782,17.35994923632782,0.08768306841181454,0.08768306841181454,False,3420.728127398308,,
1998.08,1998,8,202.95705469464286,0.9498571428571428,210.319151724588,200.55260733721147,1998,0.12274842667932001,1998-11-19,4.971861535176316,4.971861535176316,0.024497111187668168,0.024497111187668168,False,3420.728127398308,,
1998.09,1998,9,226.9244415453559,0.9145714285714286,257.3872862797195,216.50840662099068,1998,0.13724390224663124,1998-11-26,23.96738685071304,23.96738685071304,0.10561835775597854,0.10561835775597854,False,3420.728127398308,,
1998.1,1998,10,292.4942977307079,0.7958571428571429,297.34106881008114,271.29169628263355,1998,0.17690055126753215,1998-12-03,65.569856185352,65.569856185352,0.22417481877106712,0.22417481877106712,False,3420.728127398308,,
1998.11,1998,11,323.9468993447049,0.7490000000000002,333.9890361492038,299.0775001152962,1998,0.19592308472367753,1998-12-10,31.45260161399699,31.45260161399699,0.09709184337809931,0.09709184337809931,False,3420.728127398308,,
1998.12,1998,12,363.2798836345711,0.695857142857143,391.5057756624347,335.9497472014125,1998,0.2197116736221886,1998-12-17,39.332984289866204,39.332984289866204,0.10827184785555555,0.10827184785555555,False,3420.728127398308,,
1998.13,1998,13,403.49041358935864,0.6495714285714287,427.01120618594086,385.83350008972036,1998,0.2440310021388441,1998-12-24,40.210529954787546,40.210529954787546,0.09965671698884701,0.09965671698884701,False,3420.728127398308,,
1998.14,1998,14,459.03233755930404,0.5871428571428571,475.0058701801551,436.2324379737803,1998,0.2776227577558671,1998-12-31,55.5419239699454,55.5419239699454,0.120997845740595,0.120997845740595,False,3420.728127398308,,
1998.15,1998,15,506.7393726604874,0.5481428571428572,556.9368928227394,472.2508910064285,1999,0.30647597258506276,1999-01-07,47.70703510118335,47.70703510118335,0.09414511221165126,0.09414511221165126,False,3420.728127398308,,
1998.16,1998,16,584.1935547053687,0.4915714285714286,601.9356167231285,572.8783627367172,1999,0.3533202618858069,1999-01-14,77.45418204488129,77.45418204488129,0.13258308213267506,0.13258308213267506,False,3420.728127398308,,
1998.17,1998,17,637.4884733435385,0.4684285714285714,679.0628817125049,614.363629921774,1999,0.38555302867817204,1999-01-21,53.29491863816986,53.29491863816986,0.08360138397270998,0.08360138397270998,False,3420.728127398308,,
1998.18,1998,18,719.9574428611858,0.429,744.5449108767262,689.5820056512672,1999,0.4354302614424451,1999-01-28,82.46896951764722,82.46896951764722,0.11454700598678022,0.11454700598678022,False,3420.728127398308,,
1998.19,1998,19,798.3427180196223,0.3968571428571428,849.3435560030753,749.7799552877552,1999,0.48283767585826765,1999-02-04,78.38527515843657,78.38527515843657,0.09818499422513671,0.09818499422513671,False,3420.728127398308,,
1998.2,1998,20,909.7833683740718,0.35757142857142854,972.817995721604,864.1346896506183,1999,0.5502369811926385,1999-02-11,111.44065035444942,111.44065035444942,0.12249141304221868,0.12249141304221868,False,3420.728127398308,,
1998.21,1998,21,1117.7860796775915,0.298,1224.2755068054362,1025.216220670923,1999,0.6760370209890072,1999-02-18,208.00271130351973,208.00271130351973,0.18608454254817253,0.18608454254817253,False,3420.728127398308,,
1998.22,1998,22,1531.0259196490622,0.2285714285714286,1807.9212860992209,1309.6914449174558,1999,0.9259644762037526,1999-02-25,413.2398399714707,413.2398399714707,0.269910414100757,0.269910414100757,False,3420.728127398308,,
1998.23,1998,23,2062.4699877363396,0.16985714285714285,2191.7989400611136,1931.263794526025,1999,1.247381848582938,1999-03-04,531.4440680872774,531.4440680872774,0.25767360070560974,0.25767360070560974,False,3420.728127398308,,
1998.24,1998,24,2341.9318562550507,0.1392857142857143,2417.8685706839583,2224.943721242942,1999,1.4164003866630543,1999-03-11,279.46186851871107,279.46186851871107,0.11932963282953693,0.11932963282953693,False,3420.728127398308,,
1998.25,1998,25,2465.083871200108,0.12714285714285714,2499.081886909461,2433.721748017991,1999,1.4908827253018253,1999-03-18,123.15201494505754,123.15201494505754,0.04995854963957144,0.04995854963957144,False,3420.728127398308,,
1998.26,1998,26,2556.9777755844757,0.12014285714285713,2618.9805517562195,2500.9260303567844,1999,1.5464601586734905,1999-03-25,91.89390438436749,91.89390438436749,0.03593848380765152,0.03593848380765152,False,3420.728127398308,,
1998.27,1998,27,2669.1967231804365,0.11157142857142857,2711.725889886568,2629.2442197895957,1999,1.6143301781795276,1999-04-01,112.2189475959608,112.2189475959608,0.042042216904210866,0.042042216904210866,False,3420.728127398308,,
1998.28,1998,28,2769.0127292349607,0.10357142857142856,2834.121922734881,2717.277843145093,1999,1.6746988986413043,1999-04-08,99.81600605452422,99.81600605452422,0.03604750711351984,0.03604750711351984,False,3420.728127398308,,
1998.29,1998,29,2973.4512194509966,0.08871428571428572,3141.5201658584588,2853.5817182583633,1999,1.7983432975239628,1999-04-15,204.43849021603592,204.43849021603592,0.06875461378975722,0.06875461378975722,False,3420.728127398308,,
1998.3,1998,30,3358.324119484998,0.06614285714285714,3420.728127398308,3243.067894162267,1999,2.031114427464526,1999-04-22,384.8729000340013,384.8729000340013,0.11460266678876187,0.11460266678876187,True,3420.728127398308,True,
1998.31,1998,31,3353.232589944014,0.06642857142857143,3420.728127398308,3262.21536713692,1999,2.02803507039814,1999-04-29,-5.091529540984084,5.091529540984084,-0.0015183943864356551,0.0015183943864356551,False,3420.728127398308,,
1998.32,1998,32,3057.8439534670133,0.08271428571428573,3190.3897132884526,2924.858223971913,1999,1.84938402305685,1999-05-06,-295.38863647700055,295.38863647700055,-0.09660029778239208,0.09660029778239208,False,3420.728127398308,,
1998.33,1998,33,2758.6107134450153,0.10471428571428572,2910.2733186044848,2596.096549079571,1999,1.6684077594915454,1999-05-13,-299.233240021998,299.233240021998,-0.10847244178512913,0.10847244178512913,False,3420.728127398308,,
1998.34,1998,34,2373.300677845881,0.13685714285714287,2562.430819931149,2224.943721242942,1999,1.4353722499611892,1999-05-20,-385.31003559913415,385.31003559913415,-0.16235196795580895,0.16235196795580895,False,3420.728127398308,,
1998.35,1998,35,2071.74857857996,0.169,2179.5894423479353,2011.4414293479251,1999,1.2529935403251595,1999-05-27,-301.55209926592124,301.55209926592124,-0.14555438936157702,0.14555438936157702,False,3420.728127398308,,
1998.36,1998,36,1837.9586550634187,0.19314285714285712,2011.4414293479251,1666.8712830513916,1999,1.1115973945823556,1999-06-03,-233.7899235165412,233.7899235165412,-0.12720086105988834,0.12720086105988834,False,3420.728127398308,,
1998.37,1998,37,1362.505787378169,0.2515714285714286,1638.344661979303,1184.385639882299,1999,0.8240435002063167,1999-06-10,-475.45286768524966,475.45286768524966,-0.348954750937352,0.348954750937352,False,3420.728127398308,,
1998.38,1998,38,1052.1416314351018,0.31542857142857145,1144.3328711060205,947.2665415985823,1999,0.6363352586919496,1999-06-17,-310.3641559430673,310.3641559430673,-0.29498324813907073,0.29498324813907073,False,3420.728127398308,,
1998.39,1998,39,806.1648223506401,0.39585714285714285,911.7124903304732,714.6538170492856,1999,0.4875684845576672,1999-06-24,-245.9768090844617,245.9768090844617,-0.3051197500372628,0.3051197500372628,False,3420.728127398308,,
1998.4,1998,40,631.018914799617,0.4687142857142856,689.5820056512672,586.5300420928967,1999,0.38164023967080846,1999-07-01,-175.14590755102302,175.14590755102302,-0.2775604715536006,0.2775604715536006,False,3420.728127398308,,
1998.41,1998,41,537.5130732014853,0.5262857142857144,569.2992874818548,501.2990215333191,1999,0.3250879066722584,1999-07-08,-93.50584159813172,93.50584159813172,-0.17396012536253477,0.17396012536253477,False,3420.728127398308,,
1998.42,1998,42,470.39462787024615,0.5752857142857143,491.76619950541016,456.3834546877358,1999,0.2844946709359248,1999-07-15,-67.11844533123917,67.11844533123917,-0.14268539935314303,0.14268539935314303,False,3420.728127398308,,
1998.43,1998,43,436.3539858712137,0.6102857142857142,447.2117847813898,421.8332938411023,1999,0.26390689065491,1999-07-22,-34.04064199903246,34.04064199903246,-0.0780115298616277,0.0780115298616277,False,3420.728127398308,,
1998.44,1998,44,396.56695621815624,0.6567142857142858,414.8228382295926,380.85905606282654,1999,0.2398436951207409,1999-07-29,-39.78702965305746,39.78702965305746,-0.10032865580250246,0.10032865580250246,False,3420.728127398308,,
1998.45,1998,45,363.2991179646069,0.6951428571428571,378.10994733415635,350.9059830692022,1999,0.21972330654499425,1999-08-05,-33.267838253549314,33.267838253549314,-0.09157148093266307,0.09157148093266307,False,3420.728127398308,,
1998.46,1998,46,340.064632224759,0.723,348.25654132213623,326.5922164381982,1999,0.20567108956953428,1999-08-12,-23.234485739847912,23.234485739847912,-0.06832373477901559,0.06832373477901559,False,3420.728127398308,,
1998.47,1998,47,313.08971122216207,0.7661428571428572,324.70403395065745,296.552616764565,1999,0.18935665734716364,1999-08-19,-26.974921002596943,26.974921002596943,-0.08615716210315225,0.08615716210315225,False,3420.728127398308,,
1998.48,1998,48,281.79522854897056,0.8151428571428572,291.51576358890105,272.2574143893877,1999,0.17042975422641737,1999-08-26,-31.29448267319151,31.29448267319151,-0.11105398354093542,0.11105398354093542,False,3420.728127398308,,
1998.49,1998,49,257.4746535232738,0.8627142857142857,264.06621347727946,251.75288036056145,1999,0.15572067045087598,1999-09-02,-24.32057502569677,24.32057502569677,-0.09445813284101913,0.09445813284101913,False,3420.728127398308,,
1998.5,1998,50,243.76452970459778,0.8825714285714287,251.75288036056145,236.8493354753479,1999,0.14742878756534072,1999-09-09,-13.71012381867601,13.71012381867601,-0.05624330921028752,0.05624330921028752,False,3420.728127398308,,
1998.51,1998,51,224.81552810594536,0.9157142857142856,236.8493354753479,209.7087145576885,1999,0.13596843139847575,1999-09-16,-18.949001598652416,18.949001598652416,-0.08428688960365145,0.08428688960365145,False,3420.728127398308,,
1998.52,1998,52,202.19188644192317,0.9475714285714286,203.02355035552182,200.55260733721147,1999,0.12228565292007516,1999-09-23,-22.623641664022188,22.623641664022188,-0.11189193623019347,0.11189193623019347,False,3420.728127398308,,
1998.53,1998,53,200.55260733721147,0.955,200.55260733721147,200.55260733721147,1999,0.01732774527393507,1999-09-30,-1.6392791047117043,1.6392791047117043,-0.008173810983944983,0.008173810983944983,False,3420.728127398308,,
1999.01,1999,1,199.0683104354645,0.9592857142857142,200.55260733721147,196.05963252615788,1999,0.12039651415136891,1999-10-01,-1.4842969017469727,1.4842969017469727,-0.007456218915507215,0.007456218915507215,False,3411.254881154899,,
1999.02,1999,2,196.05963252615788,0.962,196.05963252615788,196.05963252615788,1999,0.11857686575182032,1999-10-08,-3.0086779093066127,3.0086779093066127,-0.015345728595636335,0.015345728595636335,False,3411.254881154899,,
1999.03,1999,3,196.05963252615788,0.962,196.05963252615788,196.05963252615788,1999,0.11857686575182032,1999-10-15,0.0,0.0,0.0,0.0,False,3411.254881154899,,
1999.04,1999,4,195.23257086453003,0.9647142857142859,196.05963252615788,193.63700368409016,1999,0.11807665885886777,1999-10-22,-0.8270616616278517,0.8270616616278517,-0.004236289354616662,0.004236289354616662,False,3411.254881154899,,
1999.05,1999,5,193.84101535746206,0.9690000000000002,193.99402411249093,193.63700368409016,1999,0.11723504608819303,1999-10-29,-1.3915555070679773,1.3915555070679773,-0.007178849659355172,0.007178849659355172,False,3411.254881154899,,True
1999.06,1999,6,195.5130881758325,0.9654285714285714,200.0131298984013,193.99402411249093,1999,0.1182463157287435,1999-11-05,1.6720728183704523,1.6720728183704523,0.008552229592254674,0.008552229592254674,False,3411.254881154899,,
1999.07,1999,7,202.19188644192323,0.9475714285714286,203.02355035552182,200.55260733721147,1999,0.12228565292007516,1999-11-12,6.678798266090723,6.678798266090723,0.033031979589394224,0.033031979589394224,False,3411.254881154899,,
1999.08,1999,8,207.95823372062787,0.9415714285714285,208.78068094814552,203.02355035552182,1999,0.1257731397542357,1999-11-19,5.766347278704643,5.766347278704643,0.027728391300203013,0.027728391300203013,False,3411.254881154899,,
1999.09,1999,9,234.97745330923954,0.8992857142857142,259.36784514408106,216.50840662099068,1999,0.14211436376142805,1999-11-26,27.019219588611662,27.019219588611662,0.1149864346901969,0.1149864346901969,False,3411.254881154899,,
1999.1,1999,10,265.8769060311871,0.8442857142857143,276.3852007435198,259.36784514408106,1999,0.16080235276766194,1999-12-03,30.89945272194757,30.89945272194757,0.11621713665617536,0.11621713665617536,False,3411.254881154899,,
1999.11,1999,11,285.17942311125205,0.8087142857142856,292.2953419090735,276.3852007435198,1999,0.17247651509768522,1999-12-10,19.302517080064945,19.302517080064945,0.06768551836411701,0.06768551836411701,False,3411.254881154899,,
1999.12,1999,12,323.4888251261562,0.7498571428571428,332.29921540990034,295.76546380444813,1999,0.19564604143629927,1999-12-17,38.30940201490415,38.30940201490415,0.1184257354174878,0.1184257354174878,False,3411.254881154899,,
1999.13,1999,13,366.2445857032222,0.6899999999999998,392.74254153823074,341.0310225674728,1999,0.22150472543330876,1999-12-24,42.755760577065985,42.755760577065985,0.11674100381571818,0.11674100381571818,False,3411.254881154899,,
1999.14,1999,14,411.90517323519896,0.6385714285714286,432.00683512190164,392.74254153823074,1999,0.24912024877264832,1999-12-31,45.66058753197677,45.66058753197677,0.11085218273261271,0.11085218273261271,False,3411.254881154899,,
1999.15,1999,15,439.2893226581712,0.6054285714285715,440.5030705808828,432.00683512190164,2000,0.2656821823436619,2000-01-07,27.384149422972257,27.384149422972257,0.06233738907485573,0.06233738907485573,False,3411.254881154899,,
1999.16,1999,16,472.91465230855977,0.571,481.566763323433,447.2117847813898,2000,0.28601878171621703,2000-01-14,33.62532965038855,33.62532965038855,0.07110232149975602,0.07110232149975602,False,3411.254881154899,,
1999.17,1999,17,481.566763323433,0.561,481.566763323433,481.566763323433,2000,0.2912515784580123,2000-01-21,8.652111014873242,8.652111014873242,0.017966586720317854,0.017966586720317854,False,3411.254881154899,,
1999.18,1999,18,493.0610260053618,0.5541428571428572,517.4228266284983,481.566763323433,2000,0.2982033085280429,2000-01-28,11.494262681928774,11.494262681928774,0.023312048764129616,0.023312048764129616,False,3411.254881154899,,
1999.19,1999,19,595.427030204189,0.48828571428571416,619.3681476088757,517.4228266284983,2000,0.3601142678674935,2000-02-04,102.36600419882723,102.36600419882723,0.1719203176982459,0.1719203176982459,False,3411.254881154899,,
1999.2,1999,20,656.2705169938944,0.45671428571428574,736.5363360830615,619.3681476088757,2000,0.39691240867790734,2000-02-11,60.843486789705366,60.843486789705366,0.0927109861165246,0.0927109861165246,False,3411.254881154899,,
1999.21,1999,21,807.8422710862031,0.3929999999999999,820.0614122679062,756.3618280307572,2000,0.48858300555293555,2000-02-18,151.57175409230877,151.57175409230877,0.1876254307521064,0.1876254307521064,False,3411.254881154899,,
1999.22,1999,22,820.0614122679062,0.38799999999999996,820.0614122679062,820.0614122679062,2000,0.4959731421396296,2000-02-25,12.219141181703094,12.219141181703094,0.014900275758507726,0.014900275758507726,False,3411.254881154899,,
1999.23,1999,23,861.5907573426421,0.37442857142857144,906.8767194245501,820.0614122679062,2000,0.5210900900408298,2000-03-03,41.52934507473583,41.52934507473583,0.0482007782938881,0.0482007782938881,False,3411.254881154899,,
1999.24,1999,24,960.8899884131473,0.3404285714285714,972.817995721604,916.4781849771933,2000,0.5811462649922714,2000-03-10,99.29923107050524,99.29923107050524,0.10334089465797434,0.10334089465797434,False,3411.254881154899,,
1999.25,1999,25,1057.017658102361,0.3165714285714286,1088.1402560616616,998.8228236852693,2000,0.6392842796203079,2000-03-17,96.1276696892138,96.1276696892138,0.09094234987690701,0.09094234987690701,False,3411.254881154899,,
1999.26,1999,26,2018.8867236329618,0.17557142857142854,2726.290974679477,1399.9866758125604,2000,1.2210226904532153,2000-03-24,961.8690655306007,961.8690655306007,0.47643538107959277,0.47643538107959277,False,3411.254881154899,,
1999.27,1999,27,3126.3683422064214,0.07928571428571429,3411.254881154899,2750.609585858673,2000,1.8908275733664437,2000-03-31,1107.4816185734596,1107.4816185734596,0.35423900748427456,0.35423900748427456,False,3411.254881154899,,
1999.28,1999,28,3386.443339972328,0.06514285714285714,3411.254881154899,3343.147903557842,2000,2.048120932015264,2000-04-07,260.0749977659066,260.0749977659066,0.07679886289431666,0.07679886289431666,True,3411.254881154899,True,
1999.29,1999,29,3006.883324724479,0.08742857142857142,3329.5178406917858,2904.3011254758976,2000,1.8185630347933648,2000-04-14,-379.56001524784915,379.56001524784915,-0.12623037685794752,0.12623037685794752,False,3411.254881154899,,
1999.3,1999,30,2794.120501406277,0.102,2876.337513753506,2749.9726311973964,2000,1.6898840792505165,2000-04-21,-212.76282331820175,212.76282331820175,-0.07614661687322308,0.07614661687322308,False,3411.254881154899,,
1999.31,1999,31,2578.9150359626624,0.11842857142857144,2711.3490133933938,2472.749799898293,2000,1.559727813750218,2000-04-28,-215.20546544361468,215.20546544361468,-0.08344806340751834,0.08344806340751834,False,3411.254881154899,,
1999.32,1999,32,2369.9669596881654,0.1362857142857143,2457.6454101627332,2311.243396745575,2000,1.4333560172194024,2000-05-05,-208.948076274497,208.948076274497,-0.08816497437668494,0.08816497437668494,False,3411.254881154899,,
1999.33,1999,33,2191.9301377526394,0.156,2282.88251824848,2122.3022050112822,2000,1.3256793473127961,2000-05-12,-178.03682193552595,178.03682193552595,-0.08122376661058416,0.08122376661058416,False,3411.254881154899,,
1999.34,1999,34,1976.0799161747389,0.1791428571428571,2071.2545650345846,1903.4603920368947,2000,1.1951331333024822,2000-05-19,-215.85022157790058,215.85022157790058,-0.10923152439894217,0.10923152439894217,False,3411.254881154899,,
1999.35,1999,35,1697.542363033306,0.20757142857142855,1788.3052356201672,1590.96221139957,2000,1.0266736211625433,2000-05-26,-278.5375531414329,278.5375531414329,-0.1640828289219949,0.1640828289219949,False,3411.254881154899,,
1999.36,1999,36,1455.6429887725553,0.23714285714285716,1571.2187883731772,1346.5983191875007,2000,0.8803728796096413,2000-06-02,-241.89937426075062,241.89937426075062,-0.166180427568114,0.166180427568114,False,3411.254881154899,,
1999.37,1999,37,1153.5330825480094,0.2864285714285715,1211.2424612101338,1086.9341075039572,2000,0.6976568083250361,2000-06-09,-302.10990622454597,302.10990622454597,-0.2618996462218693,0.2618996462218693,False,3411.254881154899,,
1999.38,1999,38,939.8735389230814,0.35014285714285714,1036.7170490490912,864.0804334373559,2000,0.5684355163406796,2000-06-16,-213.659543624928,213.659543624928,-0.22732796996257787,0.22732796996257787,False,3411.254881154899,,
1999.39,1999,39,692.9717064273364,0.4411428571428571,765.6372054105518,604.528293159982,2000,0.419109288047253,2000-06-23,-246.901832495745,246.901832495745,-0.356294247233649,0.356294247233649,False,3411.254881154899,,
1999.4,1999,40,565.4609971273128,0.5071428571428572,595.7381155243629,526.2881641708102,2000,0.34199081106259877,2000-06-30,-127.51070930002356,127.51070930002356,-0.22549868151439398,0.22549868151439398,False,3411.254881154899,,
1999.41,1999,41,480.17465019059966,0.5675714285714286,512.9271834558979,458.3294938779206,2000,0.2904096284352747,2000-07-07,-85.28634693671313,85.28634693671313,-0.17761526332733252,0.17761526332733252,False,3411.254881154899,,
1999.42,1999,42,425.1244227950503,0.6238571428571429,444.2933536292678,410.1421567276903,2000,0.2571152509064464,2000-07-14,-55.05022739554937,55.05022739554937,-0.12949203678681317,0.12949203678681317,False,3411.254881154899,,
1999.43,1999,43,391.9000814535921,0.6624285714285714,403.335437162316,378.10994733415635,2000,0.2370211692631325,2000-07-21,-33.22434134145817,33.22434134145817,-0.08477758212814385,0.08477758212814385,False,3411.254881154899,,
1999.44,1999,44,353.52657395410967,0.7064285714285715,373.53428997260454,335.9497472014125,2000,0.21381287192744552,2000-07-28,-38.37350749948246,38.37350749948246,-0.10854490249568514,0.10854490249568514,False,3411.254881154899,,
1999.45,1999,45,325.33686051381903,0.749,332.29921540990034,320.05936203251105,2000,0.19676373323875776,2000-08-04,-28.18971344029063,28.18971344029063,-0.08664776993227684,0.08664776993227684,False,3411.254881154899,,
1999.46,1999,46,308.53595738307246,0.772,320.05936203251105,295.76546380444813,2000,0.1866025470252822,2000-08-11,-16.800903130746576,16.800903130746576,-0.05445363086120588,0.05445363086120588,False,3411.254881154899,,
1999.47,1999,47,281.12370725447084,0.8150000000000001,291.51576358890105,271.29169628263355,2000,0.170023618147504,2000-08-18,-27.412250128601613,27.412250128601613,-0.09750956401477828,0.09750956401477828,False,3411.254881154899,,
1999.48,1999,48,262.74325197892534,0.8529999999999999,267.32035081816935,259.36784514408106,2000,0.15890711879685404,2000-08-25,-18.3804552755455,18.3804552755455,-0.06995595562248655,0.06995595562248655,False,3411.254881154899,,
1999.49,1999,49,248.79585050095582,0.8762857142857142,256.64706503227126,243.54989841925496,2000,0.1504717303829781,2000-09-01,-13.947401477969521,13.947401477969521,-0.05605962257765203,0.05605962257765203,False,3411.254881154899,,
1999.5,1999,50,235.16283913764514,0.8971428571428571,240.03120478075203,226.90799802507854,2000,0.14222648511044778,2000-09-08,-13.633011363310686,13.633011363310686,-0.057972643183351914,0.057972643183351914,False,3411.254881154899,,
1999.51,1999,51,215.96218549264447,0.9328571428571427,223.27342273667512,208.78068094814552,2000,0.13061392978595138,2000-09-15,-19.20065364500067,19.20065364500067,-0.08890747980347065,0.08890747980347065,False,3411.254881154899,,
1999.52,1999,52,200.61651209389782,0.9524285714285714,203.02355035552182,196.05963252615788,2000,0.12133286651438942,2000-09-22,-15.34567339874664,15.34567339874664,-0.07649257400888394,0.07649257400888394,False,3411.254881154899,,
1999.53,1999,53,194.34929692097452,0.9675,195.0615901578589,193.63700368409016,2000,0.033583558507944394,2000-09-29,-6.267215172923301,6.267215172923301,-0.03224717183037533,0.03224717183037533,False,3411.254881154899,,
2000.01,2000,1,184.2225349561834,0.9804285714285713,190.41296869045325,178.52039784112813,2000,0.11141778914149973,2000-10-01,-10.126761964791115,10.126761964791115,-0.054970267167367574,0.054970267167367574,False,3676.5809233659206,,
2000.02,2000,2,160.23017919474387,0.9917142857142858,176.21817347356213,147.12383561872463,2000,0.09690721237698108,2000-10-08,-23.99235576143954,23.99235576143954,-0.14973680914554313,0.14973680914554313,False,3676.5809233659206,,
2000.03,2000,3,148.57832774598742,0.9948571428571428,166.8735183538457,145.21018804986832,2000,0.08986017262077318,2000-10-15,-11.651851448756446,11.651851448756446,-0.07842228153675744,0.07842228153675744,False,3676.5809233659206,,
2000.04,2000,4,160.65868282863508,0.9920000000000001,166.8735183538457,153.80268019944512,2000,0.0971663713747585,2000-10-22,12.080355082647657,12.080355082647657,0.07519266851909301,0.07519266851909301,False,3676.5809233659206,,
2000.05,2000,5,148.76183324846352,0.995,153.80268019944512,147.12383561872463,2000,0.08997115674867073,2000-10-29,-11.896849580171562,11.896849580171562,-0.07997245879795876,0.07997245879795876,False,3676.5809233659206,,
2000.06,2000,6,143.24680508593875,0.9960000000000001,147.12383561872463,140.01135876889322,2000,0.08663566771597576,2000-11-05,-5.5150281625247715,5.5150281625247715,-0.0385001826687591,0.0385001826687591,False,3676.5809233659206,,True
2000.07,2000,7,165.8551475655875,0.9901428571428571,176.21817347356213,156.55090676315066,2000,0.10030919324766732,2000-11-12,22.60834247964874,22.60834247964874,0.13631378230638433,0.13631378230638433,False,3676.5809233659206,,
2000.08,2000,8,186.17276439930578,0.979,193.63700368409016,176.21817347356213,2000,0.11259728790870013,2000-11-19,20.31761683371829,20.31761683371829,0.10913313179440576,0.10913313179440576,False,3676.5809233659206,,
2000.09,2000,9,221.18856443019715,0.9205714285714287,240.03120478075203,200.0131298984013,2000,0.13377484376738324,2000-11-26,35.01580003089137,35.01580003089137,0.15830746097157153,0.15830746097157153,False,3676.5809233659206,,
2000.1,2000,10,254.10754058233852,0.8652857142857142,276.3852007435198,240.03120478075203,2000,0.15368424054419833,2000-12-03,32.91897615214137,32.91897615214137,0.12954741947720605,0.12954741947720605,False,3676.5809233659206,,
2000.11,2000,11,312.224733439311,0.7685714285714286,340.02150776834037,283.56829088636164,2000,0.18883351878409535,2000-12-10,58.11719285697251,58.11719285697251,0.1861389782186141,0.1861389782186141,False,3676.5809233659206,,
2000.12,2000,12,374.07252278310995,0.6824285714285715,392.74254153823074,354.2401023578276,2000,0.22623906177922487,2000-12-17,61.84778934379892,61.84778934379892,0.16533636013586256,0.16533636013586256,False,3676.5809233659206,,
2000.13,2000,13,427.11203415997494,0.6214285714285713,455.356964761364,392.74254153823074,2000,0.2583173582599529,2000-12-24,53.03951137686499,53.03951137686499,0.1241817301663737,0.1241817301663737,False,3676.5809233659206,,
2000.14,2000,14,491.08864302902595,0.558,512.9271834558979,466.03926954154906,2000,0.29701041130395484,2000-12-31,63.976608869051006,63.976608869051006,0.13027507309972478,0.13027507309972478,False,3676.5809233659206,,
2000.15,2000,15,548.4045165245078,0.519,569.2992874818548,531.054971590973,2001,0.33167505159402233,2001-01-07,57.31587349548187,57.31587349548187,0.10451386115256485,0.10451386115256485,False,3676.5809233659206,,
2000.16,2000,16,593.6683567823883,0.48728571428571427,619.3681476088757,572.8783627367172,2001,0.3590506221819884,2001-01-14,45.263840257880474,45.263840257880474,0.07624432015074055,0.07624432015074055,False,3676.5809233659206,,
2000.17,2000,17,678.0133865320939,0.4482857142857143,702.7645807579994,657.6800383444725,2001,0.41006249617461044,2001-01-21,84.34502974970565,84.34502974970565,0.1244002425691239,0.1244002425691239,False,3676.5809233659206,,
2000.18,2000,18,787.9840946134916,0.402,824.6780740444765,702.7645807579994,2001,0.4765727804222396,2001-01-28,109.97070808139767,109.97070808139767,0.13955955308379495,0.13955955308379495,False,3676.5809233659206,,
2000.19,2000,19,854.0586842367012,0.37685714285714284,879.84708449476,824.6780740444765,2001,0.516534692226357,2001-02-04,66.07458962320959,66.07458962320959,0.07736539753385038,0.07736539753385038,False,3676.5809233659206,,
2000.2,2000,20,1014.2599786883883,0.32785714285714285,1086.9790649487443,952.2480246537352,2001,0.6134244351107374,2001-02-11,160.2012944516871,160.2012944516871,0.1579489458500125,0.1579489458500125,False,3676.5809233659206,,
2000.21,2000,21,1273.83013950896,0.2655714285714286,1536.2017331629595,1086.9790649487443,2001,0.7704124683750191,2001-02-18,259.5701608205717,259.5701608205717,0.20377140779588682,0.20377140779588682,False,3676.5809233659206,,
2000.22,2000,22,1982.1491598796601,0.1782857142857143,2275.039686515941,1666.8712830513916,2001,1.1988038118952187,2001-02-25,708.3190203707002,708.3190203707002,0.35734900011949833,0.35734900011949833,False,3676.5809233659206,,
2000.23,2000,23,2560.596350799984,0.12014285714285713,2801.959149720212,2332.398222796241,2001,1.5486486729638305,2001-03-04,578.4471909203239,578.4471909203239,0.22590330988310783,0.22590330988310783,False,3676.5809233659206,,
2000.24,2000,24,3044.734036640003,0.0842857142857143,3289.6037172425176,2839.5002195930097,2001,1.8414551453598735,2001-03-11,484.137685840019,484.137685840019,0.1590082023631483,0.1590082023631483,False,3676.5809233659206,,
2000.25,2000,25,3255.989952825705,0.07071428571428572,3289.6037172425176,3190.3897132884526,2001,1.9692227234689865,2001-03-18,211.25591618570206,211.25591618570206,0.0648822383503868,0.0648822383503868,True,3676.5809233659206,,
2000.26,2000,26,3083.17864930884,0.08057142857142856,3138.65846664605,3040.0319515766673,2001,1.8647064471019859,2001-03-25,-172.81130351686534,172.81130351686534,-0.0560497211394496,0.0560497211394496,False,3676.5809233659206,,
2000.27,2000,27,3040.0319515766673,0.08399999999999999,3040.0319515766673,3040.0319515766673,2001,1.8386113243135684,2001-04-01,-43.14669773217247,43.14669773217247,-0.014192843502778014,0.014192843502778014,False,3676.5809233659206,,
2000.28,2000,28,3078.421863783379,0.08085714285714286,3132.1839896452393,3030.805345924814,2001,1.8618295432161878,2001-04-08,38.38991220671187,38.38991220671187,0.012470646943603331,0.012470646943603331,False,3676.5809233659206,,
2000.29,2000,29,3353.136706673128,0.06585714285714286,3496.2981146259385,3185.545388617374,2001,2.027977080195908,2001-04-15,274.714842889749,274.714842889749,0.08192771930325263,0.08192771930325263,False,3676.5809233659206,,
2000.3,2000,30,3561.476403769458,0.05342857142857142,3614.802471283304,3511.6145166797996,2001,2.1539809289997685,2001-04-22,208.33969709632993,208.33969709632993,0.058498126472443755,0.058498126472443755,False,3676.5809233659206,,
2000.31,2000,31,3605.526104863277,0.05171428571428571,3676.5809233659206,3527.702564373903,2001,2.18062218822131,2001-04-29,44.04970109381884,44.04970109381884,0.012217274209831085,0.012217274209831085,True,3676.5809233659206,True,
2000.32,2000,32,3336.2275362677124,0.06657142857142857,3498.793988605936,3138.65846664605,2001,2.0177504139347118,2001-05-06,-269.2985685955646,269.2985685955646,-0.08071948500755824,0.08071948500755824,False,3676.5809233659206,,
2000.33,2000,33,3031.4635404258174,0.08485714285714285,3138.65846664605,2913.8010466984306,2001,1.8334291492495343,2001-05-13,-304.76399584189494,304.76399584189494,-0.10053361743518972,0.10053361743518972,False,3676.5809233659206,,
2000.34,2000,34,2685.506929842177,0.11,2853.5817182583633,2510.882305616489,2001,1.6241945911685487,2001-05-20,-345.9566105836402,345.9566105836402,-0.12882357767885988,0.12882357767885988,False,3676.5809233659206,,
2000.35,2000,35,2338.4984331329047,0.1395714285714286,2479.231876484325,2224.943721242942,2001,1.4143238523587807,2001-05-27,-347.00849670927255,347.00849670927255,-0.14838945016712393,0.14838945016712393,False,3676.5809233659206,,
2000.36,2000,36,2085.657302496802,0.16771428571428573,2224.943721242942,1957.8109425486496,2001,1.2614055365500663,2001-06-03,-252.84113063610266,252.84113063610266,-0.12122851167035882,0.12122851167035882,False,3676.5809233659206,,
2000.37,2000,37,1734.0969926320129,0.204,1901.8172747918168,1590.8393392724965,2001,1.048781861143841,2001-06-10,-351.56030986478913,351.56030986478913,-0.20273393665898168,0.20273393665898168,False,3676.5809233659206,,
2000.38,2000,38,1375.8961994550234,0.24828571428571428,1536.2017331629595,1221.1234495741435,2001,0.8321420214303984,2001-06-17,-358.20079317698946,358.20079317698946,-0.2603399830008024,0.2603399830008024,False,3676.5809233659206,,
2000.39,2000,39,1118.7886744893665,0.29700000000000004,1195.4015890121746,1043.1010449485111,2001,0.6766433903311689,2001-06-24,-257.1075249656569,257.1075249656569,-0.22980883774409408,0.22980883774409408,False,3676.5809233659206,,
2000.4,2000,40,946.7494854954809,0.3454285714285715,998.8228236852693,906.4996696249949,2001,0.5725940888276669,2001-07-01,-172.03918899388555,172.03918899388555,-0.18171564033525606,0.18171564033525606,False,3676.5809233659206,,
2000.41,2000,41,760.3938195629381,0.41471428571428576,891.2147137156613,661.4093384987455,2001,0.4598861820716649,2001-07-08,-186.35566593254282,186.35566593254282,-0.24507782827542837,0.24507782827542837,False,3676.5809233659206,,
2000.42,2000,42,604.9393112591913,0.48285714285714293,648.8801579651762,561.2429249224854,2001,0.36586729544955887,2001-07-15,-155.45450830374682,155.45450830374682,-0.2569753782080481,0.2569753782080481,False,3676.5809233659206,,
2000.43,2000,43,529.2200244495896,0.5314285714285715,561.2429249224854,491.76619950541016,2001,0.3200722707871118,2001-07-22,-75.71928680960173,75.71928680960173,-0.14307713864068708,0.14307713864068708,False,3676.5809233659206,,
2000.44,2000,44,467.0969139087588,0.579,481.566763323433,455.356964761364,2001,0.2825002135320173,2001-07-29,-62.123110540830794,62.123110540830794,-0.13299833223253907,0.13299833223253907,False,3676.5809233659206,,
2000.45,2000,45,428.01164225229314,0.6192857142857143,440.5030705808828,417.7460065280269,2001,0.2588614412341869,2001-08-05,-39.085271656465636,39.085271656465636,-0.0913182441738972,0.0913182441738972,False,3676.5809233659206,,
2000.46,2000,46,400.21077804806015,0.6525714285714285,417.7460065280269,385.83350008972036,2001,0.24204747856346676,2001-08-12,-27.800864204232994,27.800864204232994,-0.06946555597484301,0.06946555597484301,False,3676.5809233659206,,
2000.47,2000,47,373.3819933633652,0.6842857142857143,385.83350008972036,354.2401023578276,2001,0.22582142958616327,2001-08-19,-26.828784684694938,26.828784684694938,-0.07185345078648689,0.07185345078648689,False,3676.5809233659206,,
2000.48,2000,48,341.9386703613922,0.721,350.9059830692022,332.29921540990034,2001,0.20680450783457,2001-08-26,-31.443323001973,31.443323001973,-0.09195603108809193,0.09195603108809193,False,3676.5809233659206,,
2000.49,2000,49,317.15093635488745,0.761,330.1784061646158,305.4007919880862,2001,0.1918128863074359,2001-09-02,-24.787734006504763,24.787734006504763,-0.07815753057959646,0.07815753057959646,False,3676.5809233659206,,
2000.5,2000,50,298.302323490654,0.7875714285714286,305.4007919880862,291.51576358890105,2001,0.1804132452471475,2001-09-09,-18.848612864233473,18.848612864233473,-0.06318627573420163,0.06318627573420163,False,3676.5809233659206,,
2000.51,2000,51,281.30822489119885,0.8157142857142858,291.51576358890105,271.50776277907744,2001,0.1701352144141971,2001-09-16,-16.99409859945513,16.99409859945513,-0.06041095530010866,0.06041095530010866,False,3676.5809233659206,,
2000.52,2000,52,254.34431981700482,0.8672857142857142,264.06621347727946,240.03120478075203,2001,0.15382744462532452,2001-09-23,-26.96390507419403,26.96390507419403,-0.10601339590989872,0.10601339590989872,False,3676.5809233659206,,
2000.53,2000,53,240.03120478075203,0.887,240.03120478075203,240.03120478075203,2001,0.020738696093056976,2001-09-30,-14.313115036252782,14.313115036252782,-0.05963022620049167,0.05963022620049167,False,3676.5809233659206,,
2001.01,2001,1,228.7402282486592,0.9101428571428573,236.8493354753479,223.27342273667512,2001,0.13834209004478912,2001-10-01,-11.290976532092827,11.290976532092827,-0.04936156887899324,0.04936156887899324,False,2029.000290301854,,
2001.02,2001,2,212.2519106828377,0.9364285714285715,220.96524534788705,203.02355035552182,2001,0.12836995558098024,2001-10-08,-16.488317565821518,16.488317565821518,-0.07768277568280442,0.07768277568280442,False,2029.000290301854,,
2001.03,2001,3,198.5598086008858,0.9577142857142856,201.90017675859173,195.0615901578589,2001,0.12008897224181571,2001-10-15,-13.692102081951901,13.692102081951901,-0.06895706728582543,0.06895706728582543,False,2029.000290301854,,True
2001.04,2001,4,204.69098039969134,0.9451428571428571,210.06378849229796,200.55260733721147,2001,0.12379710494573333,2001-10-22,6.131171798805553,6.131171798805553,0.029953307111204783,0.029953307111204783,False,2029.000290301854,,
2001.05,2001,5,210.03652693694804,0.9387142857142857,232.1827240761327,200.0131298984013,2001,0.12703009149146616,2001-10-29,5.345546537256695,5.345546537256695,0.025450556697033,0.025450556697033,False,2029.000290301854,,
2001.06,2001,6,238.8192008718142,0.8911428571428572,246.84896506587899,234.7386552171941,2001,0.14443785268727322,2001-11-05,28.782673934866153,28.782673934866153,0.12052076981161663,0.12052076981161663,False,2029.000290301854,,
2001.07,2001,7,274.22139074199146,0.8324285714285715,301.7344992665246,246.84896506587899,2001,0.16584909712075643,2001-11-12,35.40218987017727,35.40218987017727,0.12910075969779602,0.12910075969779602,False,2029.000290301854,,
2001.08,2001,8,320.8756293299119,0.7551428571428571,335.9497472014125,312.12360204404035,2001,0.1940655806187307,2001-11-19,46.65423858792042,46.65423858792042,0.14539664070265784,0.14539664070265784,False,2029.000290301854,,
2001.09,2001,9,363.30234891331594,0.6947142857142857,381.71165647276456,341.0310225674728,2001,0.21972526062277348,2001-11-26,42.426719583404065,42.426719583404065,0.11678074669846711,0.11678074669846711,False,2029.000290301854,,
2001.1,2001,10,416.9154731533407,0.6337142857142857,432.00683512190164,398.9332627522059,2001,0.25215047816314046,2001-12-03,53.613124240024774,53.613124240024774,0.12859470970103806,0.12859470970103806,False,2029.000290301854,,
2001.11,2001,11,408.7366873561623,0.6424285714285715,410.1421567276903,403.335437162316,2001,0.24720394851300698,2001-12-10,-8.17878579717842,8.17878579717842,-0.020009913595183698,0.020009913595183698,False,2029.000290301854,,
2001.12,2001,12,419.49460759139527,0.63,427.01120618594086,410.1421567276903,2001,0.2537103386712759,2001-12-17,10.757920235232973,10.757920235232973,0.025644954763546383,0.025644954763546383,False,2029.000290301854,,
2001.13,2001,13,441.4204398689532,0.6051428571428571,458.3294938779206,427.01120618594086,2001,0.26697108203274295,2001-12-24,21.92583227755796,21.92583227755796,0.049671085199559845,0.049671085199559845,False,2029.000290301854,,
2001.14,2001,14,493.9141652406132,0.556,512.9271834558979,462.3337709519629,2001,0.2987192871375229,2001-12-31,52.49372537165999,52.49372537165999,0.1062810687887183,0.1062810687887183,False,2029.000290301854,,
2001.15,2001,15,521.9578676041657,0.5367142857142858,542.376282140489,512.9271834558979,2002,0.3156801183269995,2002-01-07,28.043702363552484,28.043702363552484,0.053727904308207175,0.053727904308207175,False,2029.000290301854,,
2001.16,2001,16,563.0654507735619,0.5061428571428572,572.8783627367172,553.7256467564458,2002,0.3405419846278502,2002-01-14,41.10758316939621,41.10758316939621,0.07300675811829861,0.07300675811829861,False,2029.000290301854,,
2001.17,2001,17,575.0054299903408,0.49542857142857144,580.3230981243996,572.8783627367172,2002,0.3477632840581581,2002-01-21,11.939979216778852,11.939979216778852,0.02076498515323486,0.02076498515323486,False,2029.000290301854,,
2001.18,2001,18,603.530650039165,0.4832857142857142,619.3681476088757,586.5300420928967,2002,0.36501533714368695,2002-01-28,28.52522004882428,28.52522004882428,0.04726391285508563,0.04726391285508563,False,2029.000290301854,,
2001.19,2001,19,646.7301982844245,0.46214285714285713,657.6800383444725,638.8169912755377,2002,0.3911424239224199,2002-02-04,43.19954824525951,43.19954824525951,0.06679686267914281,0.06679686267914281,False,2029.000290301854,,
2001.2,2001,20,690.3908592964088,0.4417142857142857,730.838355832333,669.4275098066138,2002,0.4175483917024681,2002-02-11,43.6606610119843,43.6606610119843,0.0632404969215261,0.0632404969215261,False,2029.000290301854,,
2001.21,2001,21,769.1994040473152,0.4081428571428571,794.743483846329,756.3618280307572,2002,0.4652117995678162,2002-02-18,78.80854475090632,78.80854475090632,0.10245528576366218,0.10245528576366218,False,2029.000290301854,,
2001.22,2001,22,836.8227351587336,0.38285714285714284,879.84708449476,794.743483846329,2002,0.5061103902240021,2002-02-25,67.62333111141845,67.62333111141845,0.08080962463166258,0.08080962463166258,False,2029.000290301854,,
2001.23,2001,23,954.9883021491013,0.3442857142857143,1036.4396243152978,892.2686145956026,2002,0.5775769251397765,2002-03-04,118.16556699036767,118.16556699036767,0.12373509363878951,0.12373509363878951,False,2029.000290301854,,
2001.24,2001,24,1134.929983477454,0.2928571428571428,1191.3815919532592,1062.2782119849837,2002,0.6864056540071642,2002-03-11,179.94168132835273,179.94168132835273,0.1585487069228772,0.1585487069228772,False,2029.000290301854,,
2001.25,2001,25,1468.5697738757783,0.23442857142857143,1518.5529604884168,1448.5764992307227,2002,0.8881909992400705,2002-03-18,333.6397903983243,333.6397903983243,0.2271868836832984,0.2271868836832984,False,2029.000290301854,,
2001.26,2001,26,1571.6404347793327,0.22142857142857145,1621.1794009338375,1518.5529604884168,2002,0.9505281349545405,2002-03-25,103.07066090355443,103.07066090355443,0.06558157872670548,0.06558157872670548,False,2029.000290301854,,
2001.27,2001,27,1684.2424018797424,0.20928571428571427,1734.1018952188492,1638.344661979303,2002,1.018629804656868,2002-04-01,112.60196710040964,112.60196710040964,0.06685615263856158,0.06685615263856158,False,2029.000290301854,,
2001.28,2001,28,1754.4219061776032,0.20057142857142857,1756.4342238183276,1747.536546789699,2002,1.0610743688562143,2002-04-08,70.17950429786083,70.17950429786083,0.04000149795824337,0.04000149795824337,False,2029.000290301854,,
2001.29,2001,29,1779.1135441412455,0.19828571428571426,1807.9212860992209,1771.4845900836826,2002,1.0760078714966255,2002-04-15,24.69163796364228,24.69163796364228,0.013878618396759272,0.013878618396759272,False,2029.000290301854,,
2001.3,2001,30,1883.5530230546049,0.18800000000000003,1931.263794526025,1820.7199323683387,2002,1.139172868343425,2002-04-22,104.43947891335938,104.43947891335938,0.05544812258270663,0.05544812258270663,False,2029.000290301854,,
2001.31,2001,31,1964.1624148361457,0.18,2011.4414293479251,1926.5749526116351,2002,1.1879254284929006,2002-04-29,80.60939178154081,80.60939178154081,0.04104008465525261,0.04104008465525261,False,2029.000290301854,,
2001.32,2001,32,2016.4582467633334,0.17442857142857143,2029.000290301854,2011.4414293479251,2002,1.219553947642464,2002-05-06,52.29583192718769,52.29583192718769,0.025934497781508255,0.025934497781508255,True,2029.000290301854,True,
2001.33,2001,33,1956.6779910941393,0.181,2005.5202399564787,1919.306231287711,2002,1.1833988490137357,2002-05-13,-59.78025566919405,59.78025566919405,-0.03055191295720866,0.03055191295720866,False,2029.000290301854,,
2001.34,2001,34,1906.9826327210214,0.18614285714285717,1919.306231287711,1850.5299978167786,2002,1.1533430962696738,2002-05-20,-49.69535837311787,49.69535837311787,-0.026059680628663578,0.026059680628663578,False,2029.000290301854,,
2001.35,2001,35,1755.1931763069276,0.20142857142857143,1840.9547464829184,1666.8712830513916,2002,1.0615408330304297,2002-05-27,-151.78945641409382,151.78945641409382,-0.08648019970854232,0.08648019970854232,False,2029.000290301854,,
2001.36,2001,36,1574.8872812284753,0.22142857142857145,1666.8712830513916,1478.5411553411086,2002,0.9524918276869818,2002-06-03,-180.3058950784523,180.3058950784523,-0.11448812700919551,0.11448812700919551,False,2029.000290301854,,
2001.37,2001,37,1332.438023679649,0.2541428571428571,1448.5764992307227,1222.3332346395625,2002,0.8058585167214516,2002-06-10,-242.44925754882638,242.44925754882638,-0.18195912548283535,0.18195912548283535,False,2029.000290301854,,
2001.38,2001,38,1134.9645111254933,0.29171428571428576,1203.6906406989826,1086.9790649487443,2002,0.6864265363286983,2002-06-17,-197.4735125541556,197.4735125541556,-0.1739909139170616,0.1739909139170616,False,2029.000290301854,,
2001.39,2001,39,924.0311938923816,0.35485714285714287,1048.5684275015017,824.6780740444765,2002,0.5588540660661123,2002-06-24,-210.93331723311178,210.93331723311178,-0.2282751043767018,0.2282751043767018,False,2029.000290301854,,
2001.4,2001,40,704.4356595760597,0.4368571428571429,785.9428565199106,638.8169912755377,2002,0.4260426869116009,2002-07-01,-219.59553431632185,219.59553431632185,-0.31173256397678367,0.31173256397678367,False,2029.000290301854,,
2001.41,2001,41,577.5723686792176,0.49857142857142867,623.0968113862898,542.376282140489,2002,0.3493157685771908,2002-07-08,-126.86329089684216,126.86329089684216,-0.2196491691369359,0.2196491691369359,False,2029.000290301854,,
2001.42,2001,42,496.83095186263256,0.5531428571428572,531.054971590973,470.29512234544785,2002,0.3004833596865201,2002-07-15,-80.741416816585,80.741416816585,-0.16251285575885172,0.16251285575885172,False,2029.000290301854,,
2001.43,2001,43,448.17576756697446,0.5982857142857142,466.03926954154906,427.01120618594086,2002,0.2710567042245062,2002-07-22,-48.6551842956581,48.6551842956581,-0.10856272876999574,0.10856272876999574,False,2029.000290301854,,
2001.44,2001,44,408.3356534704508,0.6429999999999999,420.62733135509285,392.74254153823074,2002,0.24696140321892862,2002-07-29,-39.84011409652368,39.84011409652368,-0.09756707198580863,0.09756707198580863,False,2029.000290301854,,
2001.45,2001,45,373.7270533975517,0.6845714285714287,387.6862040464971,354.2401023578276,2002,0.22603012189483926,2002-08-05,-34.608600072899094,34.608600072899094,-0.09260394653871695,0.09260394653871695,False,2029.000290301854,,
2001.46,2001,46,341.97642909553684,0.7211428571428572,350.5857855656965,332.29921540990034,2002,0.2068273443169807,2002-08-12,-31.75062430201484,31.75062430201484,-0.09284448166790107,0.09284448166790107,False,2029.000290301854,,
2001.47,2001,47,320.0909910670941,0.7551428571428571,330.1784061646158,305.4007919880862,2002,0.1935910313973785,2002-08-19,-21.885438028442763,21.885438028442763,-0.0683725523029649,0.0683725523029649,False,2029.000290301854,,
2001.48,2001,48,299.1247518519901,0.7864285714285714,308.0064546223838,291.51576358890105,2002,0.1809106499200836,2002-08-26,-20.966239215103997,20.966239215103997,-0.07009195690190928,0.07009195690190928,False,2029.000290301854,,
2001.49,2001,49,268.500053092388,0.8404285714285714,282.1135754290922,261.69606485820964,2002,0.1623888321102763,2002-09-02,-30.624698759602097,30.624698759602097,-0.11405844582482993,0.11405844582482993,False,2029.000290301854,,
2001.5,2001,50,258.91663223818534,0.8598571428571429,260.4819637546435,251.75288036056145,2002,0.15659277917765452,2002-09-09,-9.583420854202643,9.583420854202643,-0.03701353895792434,0.03701353895792434,False,2029.000290301854,,
2001.51,2001,51,243.09825464076178,0.883857142857143,246.40411989140858,238.22207112578903,2002,0.14702582440673276,2002-09-16,-15.818377597423563,15.818377597423563,-0.06506989373823006,0.06506989373823006,False,2029.000290301854,,
2001.52,2001,52,234.23933514310403,0.9002857142857144,236.8493354753479,226.90799802507854,2002,0.1416679498945493,2002-09-23,-8.858919497657752,8.858919497657752,-0.03781994809815168,0.03781994809815168,False,2029.000290301854,,
2001.53,2001,53,226.89550978696246,0.9129999999999999,226.89550978696246,226.89550978696246,2002,0.019603772045593555,2002-09-30,-7.343825356141565,7.343825356141565,-0.03236655217653649,0.03236655217653649,False,2029.000290301854,,
2002.01,2002,1,221.21935686305866,0.924,226.22173362032098,213.4151960906308,2002,0.13379346703077788,2002-10-01,-5.6761529239038,5.6761529239038,-0.02565848217078719,0.02565848217078719,False,3846.3561435461793,,
2002.02,2002,2,204.97163522039014,0.9461428571428572,212.0529056490093,200.55260733721147,2002,0.12396684498129198,2002-10-08,-16.247721642668523,16.247721642668523,-0.07926814666428653,0.07926814666428653,False,3846.3561435461793,,
2002.03,2002,3,201.29517868402303,0.9517142857142857,203.02355035552182,200.0131298984013,2002,0.12174332406809713,2002-10-15,-3.6764565363671124,3.6764565363671124,-0.018264006919599986,0.018264006919599986,False,3846.3561435461793,,
2002.04,2002,4,198.67567977023575,0.9572857142857141,201.90017675859173,194.87464597500968,2002,0.12015905112503858,2002-10-22,-2.6194989137872824,2.6194989137872824,-0.013184799049469356,0.013184799049469356,False,3846.3561435461793,,
2002.05,2002,5,195.32816289585986,0.9644285714285715,196.30119544123124,193.63700368409016,2002,0.11813447291941606,2002-10-29,-3.3475168743758843,3.3475168743758843,-0.017137912038627162,0.017137912038627162,False,3846.3561435461793,,True
2002.06,2002,6,195.98239254477102,0.9644285714285713,199.1350127276217,193.63700368409016,2002,0.11853015101107751,2002-11-05,0.654229648911155,0.654229648911155,0.0033382062562671293,0.0033382062562671293,False,3846.3561435461793,,
2002.07,2002,7,209.613115889857,0.9387142857142857,223.27342273667512,201.17858032830486,2002,0.12677401249018552,2002-11-12,13.630723345085983,13.630723345085983,0.06502800784779308,0.06502800784779308,False,3846.3561435461793,,
2002.08,2002,8,229.44292101141318,0.9087142857142858,232.1827240761327,226.22173362032098,2002,0.1387670786277027,2002-11-19,19.829805121556177,19.829805121556177,0.08642587461031227,0.08642587461031227,False,3846.3561435461793,,
2002.09,2002,9,235.89970748677888,0.8972857142857144,251.75288036056145,231.92581495011916,2002,0.14267214308800386,2002-11-26,6.456786475365703,6.456786475365703,0.027370896488829167,0.027370896488829167,False,3846.3561435461793,,
2002.1,2002,10,265.9202074033005,0.8455714285714288,283.56829088636164,252.4669952585766,2002,0.16082854143751618,2002-12-03,30.0204999165216,30.0204999165216,0.11289288696662246,0.11289288696662246,False,3846.3561435461793,,
2002.11,2002,11,293.4031423892807,0.7965714285714286,306.392710593405,285.1007395323973,2002,0.17745022051703696,2002-12-10,27.482934985980194,27.482934985980194,0.09366953183315417,0.09366953183315417,False,3846.3561435461793,,
2002.12,2002,12,322.0795787449093,0.7525714285714287,332.29921540990034,310.4973196056973,2002,0.19479372922492116,2002-12-17,28.676436355628653,28.676436355628653,0.08903525168337578,0.08903525168337578,False,3846.3561435461793,,
2002.13,2002,13,353.81126311150814,0.7082857142857143,385.83350008972036,333.9890361492038,2002,0.21398505192984008,2002-12-24,31.731684366598813,31.731684366598813,0.08968534265286565,0.08968534265286565,False,3846.3561435461793,,
2002.14,2002,14,426.34565343069335,0.623,458.3294938779206,392.74254153823074,2002,0.2578538511948833,2002-12-31,72.5343903191852,72.5343903191852,0.17013047919105004,0.17013047919105004,False,3846.3561435461793,,
2002.15,2002,15,483.1123056643265,0.5642857142857143,517.4228266284983,462.93407906762803,2003,0.2921863224657847,2003-01-07,56.76665223363318,56.76665223363318,0.11750197949434034,0.11750197949434034,False,3846.3561435461793,,
2002.16,2002,16,568.8774949864659,0.5045714285714286,596.6009703918223,534.4279198134325,2003,0.3440571089678146,2003-01-14,85.76518932213935,85.76518932213935,0.15076214137136815,0.15076214137136815,False,3846.3561435461793,,
2002.17,2002,17,628.8934090444694,0.4701428571428572,654.5878606166415,604.3743582024226,2003,0.3803547337900951,2003-01-21,60.015914058003546,60.015914058003546,0.09543097955055813,0.09543097955055813,False,3846.3561435461793,,
2002.18,2002,18,697.3308451577483,0.43942857142857145,721.4230392580745,666.9152122372253,2003,0.42174569515140603,2003-01-28,68.43743611327886,68.43743611327886,0.09814198896909132,0.09814198896909132,False,3846.3561435461793,,
2002.19,2002,19,780.49224230932,0.404,808.9992088717349,740.3381783551351,2003,0.4720417081486767,2003-02-04,83.16139715157169,83.16139715157169,0.1065499343151878,0.1065499343151878,False,3846.3561435461793,,
2002.2,2002,20,866.30253763533,0.37314285714285716,906.8767194245501,820.7762671284955,2003,0.5239397747618475,2003-02-11,85.81029532601008,85.81029532601008,0.09905349643813685,0.09905349643813685,False,3846.3561435461793,,
2002.21,2002,21,985.5444476050219,0.3348571428571429,1036.4396243152978,930.4359186242157,2003,0.5960572819115173,2003-02-18,119.24190996969185,119.24190996969185,0.12099090026782902,0.12099090026782902,False,3846.3561435461793,,
2002.22,2002,22,1085.5496937474902,0.307,1130.3033989808528,1051.9191201586978,2003,0.656540454778482,2003-02-25,100.00524614246831,100.00524614246831,0.0921240609420968,0.0921240609420968,False,3846.3561435461793,,
2002.23,2002,23,1181.0620988739388,0.27871428571428575,1224.2755068054362,1134.6616405381585,2003,0.7143063573989582,2003-03-04,95.51240512644858,95.51240512644858,0.08086992649879551,0.08086992649879551,False,3846.3561435461793,,
2002.24,2002,24,1401.5843843293114,0.2445714285714286,1536.036456168436,1271.2374763330565,2003,0.8476782356423676,2003-03-11,220.52228545537264,220.52228545537264,0.1573378584414647,0.1573378584414647,False,3846.3561435461793,,
2002.25,2002,25,1726.4443112881563,0.20457142857142857,1890.32961771208,1570.9517292286578,2003,1.044153519467077,2003-03-18,324.8599269588449,324.8599269588449,0.18816704647510832,0.18816704647510832,False,3846.3561435461793,,
2002.26,2002,26,1963.1008285515234,0.18057142857142858,2005.5202399564787,1907.1659663498017,2003,1.187283381107961,2003-03-25,236.65651726336705,236.65651726336705,0.12055240047857571,0.12055240047857571,False,3846.3561435461793,,
2002.27,2002,27,2100.3565334635946,0.16614285714285712,2171.4913838263087,2029.000290301854,2003,1.2702956314387823,2003-04-01,137.25570491207122,137.25570491207122,0.0653487647098322,0.0653487647098322,False,3846.3561435461793,,
2002.28,2002,28,2330.1400617473532,0.1412857142857143,2562.430819931149,2197.3342426232493,2003,1.4092687093447993,2003-04-08,229.78352828375864,229.78352828375864,0.09861361214117138,0.09861361214117138,False,3846.3561435461793,,
2002.29,2002,29,3165.5453242939147,0.07771428571428572,3590.4449561657857,2706.4909163251314,2003,1.9145218121329595,2003-04-15,835.4052625465615,835.4052625465615,0.2639056393017849,0.2639056393017849,False,3846.3561435461793,,
2002.3,2002,30,3802.999251154767,0.044714285714285706,3846.3561435461793,3657.868506286776,2003,2.300053947098403,2003-04-22,637.4539268608523,637.4539268608523,0.16761873583522052,0.16761873583522052,True,3846.3561435461793,True,
2002.31,2002,31,3763.1680411413804,0.04614285714285714,3846.3561435461793,3590.4449561657857,2003,2.2759640312823066,2003-04-29,-39.83121001338668,39.83121001338668,-0.01058448880781464,0.01058448880781464,False,3846.3561435461793,,
2002.32,2002,32,3484.5783633099577,0.058,3564.421447121261,3367.2754716645045,2003,2.1074729941298624,2003-05-06,-278.5896778314227,278.5896778314227,-0.07994932206569573,0.07994932206569573,False,3846.3561435461793,,
2002.33,2002,33,3118.3876702619345,0.079,3295.5180558081365,2939.375886394469,2003,1.8860008629744178,2003-05-13,-366.19069304802315,366.19069304802315,-0.11742949619130078,0.11742949619130078,False,3846.3561435461793,,
2002.34,2002,34,2778.699508610543,0.10314285714285713,2905.602126932657,2632.6923900235674,2003,1.6805574628076565,2003-05-20,-339.6881616513915,339.6881616513915,-0.1222471737583632,0.1222471737583632,False,3846.3561435461793,,
2002.35,2002,35,2441.122987774193,0.12985714285714287,2581.856288792743,2320.512862782941,2003,1.476391183005832,2003-05-27,-337.57652083635,337.57652083635,-0.13828738761915108,0.13828738761915108,False,3846.3561435461793,,
2002.36,2002,36,2179.2068524705637,0.15742857142857145,2294.471559969394,2053.9686041653154,2003,1.317984304374197,2003-06-03,-261.9161353036293,261.9161353036293,-0.12018874436205784,0.12018874436205784,False,3846.3561435461793,,
2002.37,2002,37,1891.2205978631177,0.18742857142857144,2011.4414293479251,1756.4342238183276,2003,1.1438102175876137,2003-06-10,-287.98625460744597,287.98625460744597,-0.1522753373841425,0.1522753373841425,False,3846.3561435461793,,
2002.38,2002,38,1551.674561532869,0.2247142857142857,1713.4911174974445,1406.2236807196314,2003,0.9384527748150789,2003-06-17,-339.54603633024885,339.54603633024885,-0.21882554805488205,0.21882554805488205,False,3846.3561435461793,,
2002.39,2002,39,1240.4062498411274,0.26885714285714285,1367.618795732668,1144.3328711060205,2003,0.7501976999039138,2003-06-24,-311.2683116917415,311.2683116917415,-0.2509406186332978,0.2509406186332978,False,3846.3561435461793,,
2002.4,2002,40,1023.3400994887097,0.3242857142857143,1130.3033989808528,916.4781849771933,2003,0.6189160921707716,2003-07-01,-217.0661503524177,217.0661503524177,-0.2121153568211294,0.2121153568211294,False,3846.3561435461793,,
2002.41,2002,41,808.8273114666741,0.39442857142857146,892.2686145956026,725.5586868409475,2003,0.48917875797504445,2003-07-08,-214.51278802203558,214.51278802203558,-0.2652145705033776,0.2652145705033776,False,3846.3561435461793,,
2002.42,2002,42,642.3012848253421,0.46399999999999997,707.1936936053328,572.8783627367172,2003,0.3884638170623669,2003-07-15,-166.526026641332,166.526026641332,-0.2592646637576237,0.2592646637576237,False,3846.3561435461793,,
2002.43,2002,43,541.7266946650265,0.5227142857142857,567.9020746576714,512.9271834558979,2003,0.3276363049334081,2003-07-22,-100.57459016031567,100.57459016031567,-0.18565559192630404,0.18565559192630404,False,3846.3561435461793,,
2002.44,2002,44,486.00668071129843,0.5605714285714286,506.9513196028255,462.3337709519629,2003,0.2939368404941932,2003-07-29,-55.72001395372803,55.72001395372803,-0.1146486584755967,0.1146486584755967,False,3846.3561435461793,,
2002.45,2002,45,440.0251513351829,0.6062857142857142,456.2758439856881,420.62733135509285,2003,0.2661272115275186,2003-08-05,-45.98152937611553,45.98152937611553,-0.10449750255546132,0.10449750255546132,False,3846.3561435461793,,
2002.46,2002,46,406.11856581205694,0.6455714285714286,420.8546242556449,390.5728083685417,2003,0.24562050860313203,2003-08-12,-33.906585523125955,33.906585523125955,-0.08348937570812068,0.08348937570812068,False,3846.3561435461793,,
2002.47,2002,47,367.8899651590409,0.6902857142857143,381.90686230191926,351.45516169397865,2003,0.22249985092818791,2003-08-19,-38.22860065301603,38.22860065301603,-0.10391313782230943,0.10391313782230943,False,3846.3561435461793,,
2002.48,2002,48,336.7866165194486,0.7291428571428572,346.99322255080506,330.1784061646158,2003,0.2036885456709625,2003-08-26,-31.103348639592298,31.103348639592298,-0.0923532798334822,0.0923532798334822,False,3846.3561435461793,,
2002.49,2002,49,305.59287453949975,0.7768571428571429,324.70403395065745,291.51576358890105,2003,0.18482257052148945,2003-09-02,-31.193741979948868,31.193741979948868,-0.10207614306110689,0.10207614306110689,False,3846.3561435461793,,
2002.5,2002,50,282.25856306350335,0.8142857142857143,290.5775815081716,267.32035081816935,2003,0.17070997894080683,2003-09-09,-23.3343114759964,23.3343114759964,-0.08266998606786849,0.08266998606786849,False,3846.3561435461793,,
2002.51,2002,51,259.96323668524843,0.8569999999999999,267.32035081816935,245.3154454721189,2003,0.15722576554723822,2003-09-16,-22.295326378254913,22.295326378254913,-0.08576338201716219,0.08576338201716219,False,3846.3561435461793,,
2002.52,2002,52,235.91897475503202,0.8964285714285714,243.9514184520192,226.90799802507854,2003,0.14268379593184338,2003-09-23,-24.044261930216408,24.044261930216408,-0.10191745685222192,0.10191745685222192,False,3846.3561435461793,,
2002.53,2002,53,226.22173362032098,0.9159999999999999,226.22173362032098,226.22173362032098,2003,0.01954555778479573,2003-09-30,-9.69724113471105,9.69724113471105,-0.04286608974090175,0.04286608974090175,False,3846.3561435461793,,
2003.01,2003,1,216.60115909899835,0.9297142857142857,227.48110017041992,209.67891665666008,2003,0.1310003810230742,2003-10-01,-9.620574521322624,9.620574521322624,-0.04441608051102582,0.04441608051102582,False,4338.666842200586,,
2003.02,2003,2,223.59610686918776,0.9158571428571428,259.36784514408106,200.55260733721147,2003,0.13523092543448478,2003-10-08,6.9949477701894125,6.9949477701894125,0.03128385314097496,0.03128385314097496,False,4338.666842200586,,
2003.03,2003,3,197.19783674948462,0.9612857142857143,201.2699333701202,193.63700368409016,2003,0.11926525166608831,2003-10-15,-26.39827011970314,26.39827011970314,-0.13386693563600735,0.13386693563600735,False,4338.666842200586,,
2003.04,2003,4,191.16803615995892,0.9742857142857143,194.38977797205254,189.24387002768773,2003,0.11561842826954316,2003-10-22,-6.029800589525706,6.029800589525706,-0.03154188697361676,0.03154188697361676,False,4338.666842200586,,True
2003.05,2003,5,198.019266531164,0.9602857142857143,202.1843335204372,194.38977797205254,2003,0.119762052398048,2003-10-29,6.851230371205077,6.851230371205077,0.03459880693036927,0.03459880693036927,False,4338.666842200586,,
2003.06,2003,6,216.66044115860174,0.9327142857142857,220.03933769770444,212.0529056490093,2003,0.13103623481272236,2003-11-05,18.64117462743775,18.64117462743775,0.08603866274689188,0.08603866274689188,False,4338.666842200586,,
2003.07,2003,7,217.3788124209662,0.9282857142857143,230.56839481034717,208.78068094814552,2003,0.13147070575220035,2003-11-12,0.7183712623644567,0.7183712623644567,0.0033046977042697732,0.0033046977042697732,False,4338.666842200586,,
2003.08,2003,8,226.28684377555152,0.9138571428571428,230.56839481034717,223.27342273667512,2003,0.13685828311545356,2003-11-19,8.908031354585319,8.908031354585319,0.03936610368484781,0.03936610368484781,False,4338.666842200586,,
2003.09,2003,9,243.16497234033406,0.8844285714285715,259.7510414064714,232.1827240761327,2003,0.14706617527143406,2003-11-26,16.878128564782543,16.878128564782543,0.06941019671681943,0.06941019671681943,False,4338.666842200586,,
2003.1,2003,10,277.68342332137445,0.8225714285714287,292.2953419090735,264.8311111570171,2003,0.16794293442476724,2003-12-03,34.51845098104039,34.51845098104039,0.12430864820148362,0.12430864820148362,False,4338.666842200586,,
2003.11,2003,11,314.69969249446507,0.7642857142857143,334.83609804875607,297.34106881008114,2003,0.19033037402065248,2003-12-10,37.01626917309062,37.01626917309062,0.11762410341008409,0.11762410341008409,False,4338.666842200586,,
2003.12,2003,12,368.3485512476287,0.6884285714285713,410.1421567276903,341.0310225674728,2003,0.22277720379456584,2003-12-17,53.64885875316361,53.64885875316361,0.145646992696049,0.145646992696049,False,4338.666842200586,,
2003.13,2003,13,417.0457882052706,0.6322857142857143,447.32676973257117,398.9332627522059,2003,0.25222929270654765,2003-12-24,48.697236957641906,48.697236957641906,0.11676712326290908,0.11676712326290908,False,4338.666842200586,,
2003.14,2003,14,471.90329982691463,0.574,491.76619950541016,457.41147092642717,2003,0.28540711573531796,2003-12-31,54.85751162164405,54.85751162164405,0.11624735754499867,0.11624735754499867,False,4338.666842200586,,
2003.15,2003,15,524.328009217921,0.5357142857142858,554.8851968776445,500.21671079429734,2004,0.31711357997499867,2004-01-07,52.42470939100639,52.42470939100639,0.09998456780747268,0.09998456780747268,False,4338.666842200586,,
2003.16,2003,16,604.0736432812384,0.48200000000000004,648.8801579651762,563.5776364574808,2004,0.365343739456493,2004-01-14,79.74563406331742,79.74563406331742,0.13201309964485616,0.13201309964485616,False,4338.666842200586,,
2003.17,2003,17,700.7741220070478,0.43757142857142856,725.5586868409475,661.4093384987455,2004,0.4238281889898626,2004-01-21,96.70047872580938,96.70047872580938,0.13799093843370666,0.13799093843370666,False,4338.666842200586,,
2003.18,2003,18,749.7732539124427,0.4164285714285714,785.9428565199106,733.6202001480236,2004,0.4534628639662454,2004-01-28,48.99913190539485,48.99913190539485,0.06535193360087087,0.06535193360087087,False,4338.666842200586,,
2003.19,2003,19,838.5454097265552,0.3824285714285714,880.7723889389492,798.2270082331329,2004,0.5071522638026206,2004-02-04,88.77215581411258,88.77215581411258,0.10586445860226062,0.10586445860226062,False,4338.666842200586,,
2003.2,2003,20,958.5813759155234,0.3432857142857143,1030.482365449832,888.0334234752272,2004,0.5797500161537085,2004-02-11,120.03596618896813,120.03596618896813,0.12522251026870201,0.12522251026870201,False,4338.666842200586,,
2003.21,2003,21,1187.9706062199725,0.2832857142857143,1359.127799899888,1060.338901599016,2004,0.7184846226418393,2004-02-18,229.38923030444914,229.38923030444914,0.19309335525930843,0.19309335525930843,False,4338.666842200586,,
2003.22,2003,22,1582.0399217195725,0.22085714285714286,1761.4882114008926,1406.2236807196314,2004,0.9568177446559976,2004-02-25,394.06931549959995,394.06931549959995,0.24908936246771368,0.24908936246771368,False,4338.666842200586,,
2003.23,2003,23,2037.0133185253362,0.17214285714285715,2267.3565119338573,1810.03325805962,2004,1.2319856550441233,2004-03-03,454.97339680576374,454.97339680576374,0.22335317725616766,0.22335317725616766,False,4338.666842200586,,
2003.24,2003,24,2606.952794063185,0.11685714285714285,2981.0622984862207,2309.556072610137,2004,1.5766850498494145,2004-03-10,569.9394755378489,569.9394755378489,0.21862285992894553,0.21862285992894553,False,4338.666842200586,,
2003.25,2003,25,3602.059985478997,0.05399999999999999,3983.814774172284,3126.4668472270205,2004,2.1785258792176974,2004-03-17,995.1071914158119,995.1071914158119,0.2762605829518089,0.2762605829518089,False,4338.666842200586,,
2003.26,2003,26,4223.507738748188,0.031857142857142855,4338.666842200586,4044.931423833149,2004,2.5543774803949035,2004-03-24,621.4477532691908,621.4477532691908,0.14714019523813698,0.14714019523813698,True,4338.666842200586,True,
2003.27,2003,27,4154.349511943155,0.03314285714285715,4307.15683267141,4065.0726986465197,2004,2.5125505848232206,2004-03-31,-69.15822680503243,69.15822680503243,-0.016647185463383018,0.016647185463383018,False,4338.666842200586,,
2003.28,2003,28,4002.81794404963,0.03728571428571429,4051.5459612403133,3967.4070144725933,2004,2.4209042925612163,2004-04-07,-151.53156789352533,151.53156789352533,-0.03785622279394042,0.03785622279394042,False,4338.666842200586,,
2003.29,2003,29,3939.880463220367,0.039142857142857146,3969.2766487977974,3931.9148852889616,2004,2.382839704155678,2004-04-14,-62.93748082926322,62.93748082926322,-0.015974464559724125,0.015974464559724125,False,4338.666842200586,,
2003.3,2003,30,3945.9881524337884,0.03928571428571428,3983.814774172284,3915.5599520939836,2004,2.386533634591955,2004-04-21,6.107689213421509,6.107689213421509,0.0015478224914726203,0.0015478224914726203,True,4338.666842200586,,
2003.31,2003,31,3844.414285312385,0.04314285714285714,3922.691450420999,3738.396375613278,2004,2.3251017597569303,2004-04-28,-101.57386712140351,101.57386712140351,-0.02642115536545249,0.02642115536545249,False,4338.666842200586,,
2003.32,2003,32,3548.22502933248,0.054714285714285715,3686.0579038850187,3459.8375463505467,2004,2.145966497740284,2004-05-05,-296.18925597990483,296.18925597990483,-0.08347533020915145,0.08347533020915145,False,4338.666842200586,,
2003.33,2003,33,3290.4521931577583,0.06957142857142858,3465.6682919300456,3034.421844290889,2004,1.990065486421812,2004-05-12,-257.77283617472176,257.77283617472176,-0.07833963876173022,0.07833963876173022,False,4338.666842200586,,
2003.34,2003,34,2840.953933691012,0.09857142857142856,2981.0622984862207,2685.17154639282,2004,1.718208939096324,2004-05-19,-449.4982594667463,449.4982594667463,-0.15822088986946406,0.15822088986946406,False,4338.666842200586,,
2003.35,2003,35,2493.082867366337,0.12542857142857142,2645.962628287873,2345.923369334211,2004,1.5078165181831604,2004-05-26,-347.8710663246752,347.8710663246752,-0.13953449798167442,0.13953449798167442,False,4338.666842200586,,
2003.36,2003,36,2224.296236868181,0.15242857142857144,2327.639684681683,2131.8278740528062,2004,1.3452543640578758,2004-06-02,-268.7866304981558,268.7866304981558,-0.12084120183407249,0.12084120183407249,False,4338.666842200586,,
2003.37,2003,37,1978.8451507459358,0.17900000000000002,2099.637225458104,1850.5299978167786,2004,1.1968055471711418,2004-06-09,-245.45108612224521,245.45108612224521,-0.1240375407998555,0.1240375407998555,False,4338.666842200586,,
2003.38,2003,38,1625.239902008426,0.21585714285714283,1788.450572471084,1466.9004635884241,2004,0.9829450927346961,2004-06-16,-353.6052487375098,353.6052487375098,-0.21757110953314296,0.21757110953314296,False,4338.666842200586,,
2003.39,2003,39,1283.0095766008894,0.26285714285714284,1436.1302353523822,1154.2915876789154,2004,0.7759641919282181,2004-06-23,-342.2303254075366,342.2303254075366,-0.2667402735326546,0.2667402735326546,False,4338.666842200586,,
2003.4,2003,40,1035.186489555822,0.3205714285714286,1134.024171397217,930.4359186242157,2004,0.6260807888833612,2004-06-30,-247.8230870450675,247.8230870450675,-0.23939946043094465,0.23939946043094465,False,4338.666842200586,,
2003.41,2003,41,808.4976650879263,0.3945714285714286,909.7305704306613,733.6202001480236,2004,0.4889793878451779,2004-07-07,-226.68882446789564,226.68882446789564,-0.2803827818639929,0.2803827818639929,False,4338.666842200586,,
2003.42,2003,42,651.2534266076267,0.4601428571428571,712.3685040550383,597.812302640821,2004,0.3938780724122926,2004-07-14,-157.2442384802996,157.2442384802996,-0.2414486159395482,0.2414486159395482,False,4338.666842200586,,
2003.43,2003,43,557.7143584199833,0.5115714285714287,582.7018641356217,537.8143726006597,2004,0.3373056439724059,2004-07-21,-93.53906818764335,93.53906818764335,-0.16771859425072277,0.16771859425072277,False,4338.666842200586,,
2003.44,2003,44,494.42448598008747,0.5554285714285714,527.6773344482567,471.0462647249272,2004,0.29902792912075693,2004-07-28,-63.28987243989587,63.28987243989587,-0.12800715626864165,0.12800715626864165,False,4338.666842200586,,
2003.45,2003,45,449.49242083968176,0.5968571428571429,466.03926954154906,432.00683512190164,2004,0.2718530161238395,2004-08-04,-44.93206514040571,44.93206514040571,-0.09996178591058248,0.09996178591058248,False,4338.666842200586,,
2003.46,2003,46,410.1558366975025,0.6414285714285715,427.01120618594086,388.6147746693422,2004,0.2480622500346495,2004-08-11,-39.33658414217928,39.33658414217928,-0.09590643512209905,0.09590643512209905,False,4338.666842200586,,
2003.47,2003,47,368.2896106731999,0.691,379.9412622820437,366.2328823662496,2004,0.22274155653515124,2004-08-18,-41.86622602430259,41.86622602430259,-0.11367745603188463,0.11367745603188463,False,4338.666842200586,,
2003.48,2003,48,353.7645012311021,0.7080000000000001,365.13147861251014,333.9890361492038,2004,0.2139567703445705,2004-08-25,-14.5251094420978,14.5251094420978,-0.0410586969341196,0.0410586969341196,False,4338.666842200586,,
2003.49,2003,49,314.602929191447,0.7631428571428572,329.10839224250225,305.4007919880862,2004,0.19027185157498716,2004-09-01,-39.161572039655084,39.161572039655084,-0.12447936241503932,0.12447936241503932,False,4338.666842200586,,
2003.5,2003,50,289.35461276970983,0.8017142857142857,303.19509647311384,275.9749737763279,2004,0.17500166980312049,2004-09-08,-25.248316421737172,25.248316421737172,-0.08725734896727456,0.08725734896727456,False,4338.666842200586,,
2003.51,2003,51,265.7764550015742,0.8449999999999999,272.97062755971086,259.36784514408106,2004,0.1607415999849521,2004-09-15,-23.57815776813561,23.57815776813561,-0.08871424584241654,0.08871424584241654,False,4338.666842200586,,
2003.52,2003,52,251.61801673858878,0.8722857142857142,259.02154757103193,243.54989841925496,2004,0.15217857652349848,2004-09-22,-14.158438262985442,14.158438262985442,-0.056269572610513574,0.056269572610513574,False,4338.666842200586,,
2003.53,2003,53,238.44027012804997,0.8895,240.03120478075203,236.8493354753479,2004,0.041202478678127034,2004-09-29,-13.177746610538804,13.177746610538804,-0.055266447246775624,0.055266447246775624,False,4338.666842200586,,
2004.01,2004,1,231.6686493280713,0.9045714285714286,236.8493354753479,226.90799802507854,2004,0.14011319911361753,2004-10-01,-6.7716207999786775,6.7716207999786775,-0.02922976768595577,0.02922976768595577,False,1337.006975956191,,
2004.02,2004,2,223.2704926962148,0.92,226.90799802507854,216.50840662099068,2004,0.1350339939826707,2004-10-08,-8.398156631856494,8.398156631856494,-0.037614270163694015,0.037614270163694015,False,1337.006975956191,,
2004.03,2004,3,205.78350451974643,0.9438571428571427,213.4151960906308,200.55260733721147,2004,0.12445786353354266,2004-10-15,-17.486988176468373,17.486988176468373,-0.08497759923604746,0.08497759923604746,False,1337.006975956191,,
2004.04,2004,4,203.86182408725608,0.9468571428571428,208.78068094814552,200.55260733721147,2004,0.12329563120797248,2004-10-22,-1.9216804324903478,1.9216804324903478,-0.009426386922094047,0.009426386922094047,False,1337.006975956191,,True
2004.05,2004,5,207.23205163123743,0.940857142857143,213.4151960906308,203.02355035552182,2004,0.1253339448265724,2004-10-29,3.3702275439813434,3.3702275439813434,0.016263061227510076,0.016263061227510076,False,1337.006975956191,,
2004.06,2004,6,206.54310930366165,0.9420000000000001,216.50840662099068,201.34819816708185,2004,0.12491727250685458,2004-11-05,-0.6889423275757736,0.6889423275757736,-0.0033355861151624475,0.0033355861151624475,False,1337.006975956191,,
2004.07,2004,7,219.996931120884,0.9304285714285715,223.27342273667512,216.50840662099068,2004,0.13305414394191065,2004-11-12,13.453821817222348,13.453821817222348,0.06115458860573712,0.06115458860573712,False,1337.006975956191,,
2004.08,2004,8,235.5282286602315,0.8987142857142857,261.8559832570436,223.27342273667512,2004,0.14244747269370803,2004-11-19,15.531297539347491,15.531297539347491,0.06594240370971687,0.06594240370971687,False,1337.006975956191,,
2004.09,2004,9,322.84359312663935,0.7538571428571429,378.10994733415635,264.06621347727946,2004,0.19525580512299148,2004-11-26,87.31536446640786,87.31536446640786,0.27045716974212136,0.27045716974212136,False,1337.006975956191,,
2004.1,2004,10,303.2765556701482,0.7817142857142858,306.392710593405,299.0775001152962,2004,0.18342166086930559,2004-12-03,-19.567037456491164,19.567037456491164,-0.06451879345983079,0.06451879345983079,False,1337.006975956191,,
2004.11,2004,11,334.14763219812846,0.7311428571428571,341.0310225674728,312.3673714773974,2004,0.20209248795342807,2004-12-10,30.87107652798028,30.87107652798028,0.09238753638593997,0.09238753638593997,False,1337.006975956191,,
2004.12,2004,12,349.5357111992441,0.7107142857142856,363.1391554320081,341.0310225674728,2004,0.21139919813330285,2004-12-17,15.388079001115614,15.388079001115614,0.04402434002614407,0.04402434002614407,False,1337.006975956191,,
2004.13,2004,13,377.6543161636964,0.6792857142857143,385.83350008972036,366.2328823662496,2004,0.2284053304158036,2004-12-24,28.118604964452345,28.118604964452345,0.07445593433192532,0.07445593433192532,False,1337.006975956191,,
2004.14,2004,14,407.31983872599176,0.6445714285714287,433.9960640334909,388.6147746693422,2004,0.24634703846147987,2004-12-31,29.665522562295337,29.665522562295337,0.0728310279584777,0.0728310279584777,False,1337.006975956191,,
2004.15,2004,15,478.8419784027947,0.5701428571428572,524.0465984949943,455.356964761364,2005,0.2896036285380103,2005-01-07,71.52213967680296,71.52213967680296,0.14936480697738577,0.14936480697738577,False,1337.006975956191,,
2004.16,2004,16,563.4749690543662,0.5075714285714286,600.239619356876,542.376282140489,2005,0.34078966128408067,2005-01-14,84.63299065157145,84.63299065157145,0.15019831456507118,0.15019831456507118,False,1337.006975956191,,
2004.17,2004,17,586.9249655504922,0.491,604.3206888705944,569.2992874818548,2005,0.3549722191649377,2005-01-21,23.449996496126005,23.449996496126005,0.03995399390470917,0.03995399390470917,False,1337.006975956191,,
2004.18,2004,18,646.9772102695163,0.4615714285714286,687.4728168847247,619.3681476088757,2005,0.39129181677100344,2005-01-28,60.05224471902409,60.05224471902409,0.0928197218786233,0.0928197218786233,False,1337.006975956191,,
2004.19,2004,19,721.2160090964622,0.42842857142857144,749.7799552877552,689.5820056512672,2005,0.4361914423015404,2005-02-04,74.23879882694598,74.23879882694598,0.10293559473250209,0.10293559473250209,False,1337.006975956191,,
2004.2,2004,20,794.7057086894639,0.39899999999999997,820.7213067117834,761.5362555323082,2005,0.48063801261538786,2005-02-11,73.48969959300166,73.48969959300166,0.09247410555813461,0.09247410555813461,False,1337.006975956191,,
2004.21,2004,21,876.5477972017773,0.36914285714285716,916.4781849771933,838.3130724874176,2005,0.530136107747635,2005-02-18,81.84208851231335,81.84208851231335,0.09336865459428413,0.09336865459428413,False,1337.006975956191,,
2004.22,2004,22,983.4881189960344,0.3364285714285714,1048.5684275015017,933.7145989148456,2005,0.5948136143688016,2005-02-25,106.9403217942571,106.9403217942571,0.10873575361888872,0.10873575361888872,False,1337.006975956191,,
2004.23,2004,23,1092.2462725871894,0.30457142857142855,1124.4404025499748,1062.2782119849837,2005,0.660590545660732,2005-03-04,108.75815359115506,108.75815359115506,0.0995729226281002,0.0995729226281002,False,1337.006975956191,,
2004.24,2004,24,1163.1297550037457,0.28357142857142864,1196.677047937437,1131.2888821433105,2005,0.7034608758262653,2005-03-11,70.88348241655626,70.88348241655626,0.060942024835679655,0.060942024835679655,False,1337.006975956191,,
2004.25,2004,25,1240.9700056594243,0.26714285714285707,1309.6914449174558,1203.6906406989826,2005,0.7505386594228196,2005-03-18,77.84025065567857,77.84025065567857,0.0627253280100964,0.0627253280100964,False,1337.006975956191,,
2004.26,2004,26,1311.451470308116,0.25857142857142856,1315.8536331311834,1309.6914449174558,2005,0.7931658492423485,2005-03-25,70.48146464869183,70.48146464869183,0.0537430978152266,0.0537430978152266,True,1337.006975956191,,
2004.27,2004,27,1285.7018012198428,0.26157142857142857,1309.6914449174558,1271.2374763330565,2005,0.7775924493777611,2005-04-01,-25.749669088273322,25.749669088273322,-0.020027714874353182,0.020027714874353182,False,1337.006975956191,,
2004.28,2004,28,1245.5332183546864,0.2657142857142857,1259.6933213305265,1232.8604061964072,2005,0.7532984904609142,2005-04-08,-40.168582865156395,40.168582865156395,-0.03225010965040173,0.03225010965040173,False,1337.006975956191,,
2004.29,2004,29,1211.9534578874423,0.2704285714285714,1222.3332346395625,1209.258584607589,2005,0.732989451330325,2005-04-15,-33.579760467244114,33.579760467244114,-0.02770713697684154,0.02770713697684154,False,1337.006975956191,,
2004.3,2004,30,1217.199542665756,0.26928571428571424,1232.8604061964072,1209.258584607589,2005,0.7361622834042494,2005-04-22,5.246084778313843,5.246084778313843,0.004309962824028453,0.004309962824028453,False,1337.006975956191,,
2004.31,2004,31,1254.755948388696,0.26485714285714285,1277.2490119531678,1234.8172038768105,2005,0.7588763975854833,2005-04-29,37.55640572293987,37.55640572293987,0.02993124341922284,0.02993124341922284,False,1337.006975956191,,
2004.32,2004,32,1322.0063121960218,0.2564285714285714,1330.780420351734,1309.6914449174558,2005,0.799549417616154,2005-05-06,67.25036380732581,67.25036380732581,0.05086992640421992,0.05086992640421992,True,1337.006975956191,True,
2004.33,2004,33,1319.7680364492358,0.257,1337.006975956191,1309.6914449174558,2005,0.7981957084444978,2005-05-13,-2.23827574678603,2.23827574678603,-0.0016959614757817514,0.0016959614757817514,False,1337.006975956191,,
2004.34,2004,34,1240.5598400654574,0.2674285714285714,1291.5761032764274,1198.5959677028122,2005,0.7502905912715887,2005-05-20,-79.20819638377839,79.20819638377839,-0.06384875104420518,0.06384875104420518,False,1337.006975956191,,
2004.35,2004,35,1160.493081317974,0.28485714285714286,1197.132096585815,1120.7403562362797,2005,0.7018662155811107,2005-05-27,-80.06675874748339,80.06675874748339,-0.06899374070938143,0.06899374070938143,False,1337.006975956191,,
2004.36,2004,36,1044.6443037778797,0.3187142857142858,1108.7768006303163,964.6044063585223,2005,0.6318008749248617,2005-06-03,-115.84877754009426,115.84877754009426,-0.11089782150836953,0.11089782150836953,False,1337.006975956191,,
2004.37,2004,37,884.2178783622046,0.3662857142857142,952.2480246537352,853.8829560570023,2005,0.5347749728334613,2005-06-10,-160.4264254156751,160.4264254156751,-0.18143313920865914,0.18143313920865914,False,1337.006975956191,,
2004.38,2004,38,677.4020606604241,0.4482857142857143,760.0621055042766,619.3681476088757,2005,0.40969276628742446,2005-06-17,-206.81581770178047,206.81581770178047,-0.3053073347609072,0.3053073347609072,False,1337.006975956191,,
2004.39,2004,39,556.0877858814185,0.5127142857142857,595.6661341686022,517.4228266284983,2005,0.336321892901082,2005-06-24,-121.31427477900559,121.31427477900559,-0.21815669730403847,0.21815669730403847,False,1337.006975956191,,
2004.4,2004,40,486.4344037584679,0.5612857142857143,512.2858393720081,466.03926954154906,2005,0.2941955273931214,2005-07-01,-69.65338212295063,69.65338212295063,-0.14319172654065815,0.14319172654065815,False,1337.006975956191,,
2004.41,2004,41,443.3755142105398,0.6025714285714285,462.3337709519629,427.01120618594086,2005,0.2681535109945345,2005-07-08,-43.05888954792812,43.05888954792812,-0.09711607467678361,0.09711607467678361,False,1337.006975956191,,
2004.42,2004,42,412.8925422611192,0.6375714285714286,420.62733135509285,392.74254153823074,2005,0.24971740955952493,2005-07-15,-30.482971949420573,30.482971949420573,-0.07382785792760263,0.07382785792760263,False,1337.006975956191,,
2004.43,2004,43,379.7015286083339,0.6781428571428573,387.6862040464971,373.8653972535632,2005,0.22964348450232042,2005-07-22,-33.19101365278533,33.19101365278533,-0.08741343174054537,0.08741343174054537,False,1337.006975956191,,
2004.44,2004,44,359.04366492205867,0.7014285714285714,372.05090983209334,340.02150776834037,2005,0.21714960854486104,2005-07-29,-20.65786368627522,20.65786368627522,-0.05753579774415359,0.05753579774415359,False,1337.006975956191,,
2004.45,2004,45,329.30143920901077,0.7425714285714287,340.02150776834037,318.4072003397252,2005,0.19916151043360972,2005-08-05,-29.7422257130479,29.7422257130479,-0.09031914887614635,0.09031914887614635,False,1337.006975956191,,
2004.46,2004,46,302.6041088168644,0.781,312.3673714773974,291.51576358890105,2005,0.1830149650124396,2005-08-12,-26.69733039214634,26.69733039214634,-0.0882252739281327,0.0882252739281327,False,1337.006975956191,,
2004.47,2004,47,284.122111939192,0.8127142857142857,288.5215645679796,282.1135754290922,2005,0.17183705330082333,2005-08-19,-18.48199687767243,18.48199687767243,-0.06504948436265305,0.06504948436265305,False,1337.006975956191,,
2004.48,2004,48,275.57357285596754,0.8245714285714286,282.1135754290922,272.97062755971086,2005,0.16666689686328914,2005-08-26,-8.548539083224455,8.548539083224455,-0.031020895779772288,0.031020895779772288,False,1337.006975956191,,
2004.49,2004,49,266.71397162214464,0.844857142857143,272.2227369901486,261.69606485820964,2005,0.16130861003707306,2005-09-02,-8.8596012338229,8.8596012338229,-0.03321761203561677,0.03321761203561677,False,1337.006975956191,,
2004.5,2004,50,247.76770912103834,0.8787142857142858,261.69606485820964,223.27342273667512,2005,0.149849910476404,2005-09-09,-18.946262501106304,18.946262501106304,-0.07646784388618924,0.07646784388618924,False,1337.006975956191,,
2004.51,2004,51,209.83917043090378,0.9387142857142858,221.63116106668488,202.5993197207784,2005,0.12691073027661062,2005-09-16,-37.92853869013456,37.92853869013456,-0.180750517704814,0.180750517704814,False,1337.006975956191,,
2004.52,2004,52,196.9158256134821,0.962857142857143,200.55260733721147,193.63700368409016,2005,0.11909469133103398,2005-09-23,-12.923344817421679,12.923344817421679,-0.0656287770531373,0.0656287770531373,False,1337.006975956191,,
2004.53,2004,53,193.76835622183862,0.9690000000000001,193.76835622183862,193.76835622183862,2005,0.016741585977566857,2005-09-30,-3.147469391643483,3.147469391643483,-0.01624346437681525,0.01624346437681525,False,1337.006975956191,,
2005.01,2005,1,182.8211658101774,0.9808571428571428,190.41296869045325,178.52039784112813,2005,0.11057024108199527,2005-10-01,-10.94719041166121,10.94719041166121,-0.05987922877063174,0.05987922877063174,False,2684.4461330713057,,
2005.02,2005,2,177.04126699302986,0.984,179.83079120949702,173.8393553723827,2005,0.10707455827738445,2005-10-08,-5.77989881714754,5.77989881714754,-0.03264718398888941,0.03264718398888941,False,2684.4461330713057,,
2005.03,2005,3,165.79214879434105,0.9901428571428571,170.5649963644282,159.33042614504097,2005,0.10027109159081748,2005-10-15,-11.24911819868882,11.24911819868882,-0.06785072924438014,0.06785072924438014,False,2684.4461330713057,,
2005.04,2005,4,158.93335194762807,0.9922857142857142,159.33042614504097,156.55090676315066,2005,0.09612289125792545,2005-10-22,-6.858796846712977,6.858796846712977,-0.0431551764476288,0.0431551764476288,False,2684.4461330713057,,True
2005.05,2005,5,168.28587247093014,0.9884285714285715,175.60874260334248,157.4358703918069,2005,0.10177929567041856,2005-10-29,9.352520523302076,9.352520523302076,0.055575197049993835,0.055575197049993835,False,2684.4461330713057,,
2005.06,2005,6,173.06799626425124,0.9865714285714287,173.8393553723827,171.72675708440192,2005,0.10467152414061916,2005-11-05,4.782123793321091,4.782123793321091,0.027631473736018992,0.027631473736018992,False,2684.4461330713057,,
2005.07,2005,7,190.63112618950964,0.9701428571428571,201.34819816708185,178.52039784112813,2005,0.11529370511941545,2005-11-12,17.56312992525841,17.56312992525841,0.09213149120148723,0.09213149120148723,False,2684.4461330713057,,
2005.08,2005,8,243.62109730118217,0.8831428571428572,278.6495972712443,224.7272915223594,2005,0.14734203964775497,2005-11-19,52.98997111167253,52.98997111167253,0.2175097793199842,0.2175097793199842,False,2684.4461330713057,,
2005.09,2005,9,278.05464445520687,0.8198571428571428,283.56829088636164,274.4698592828081,2005,0.16816744896650912,2005-11-26,34.433547154024694,34.433547154024694,0.12383733859756389,0.12383733859756389,False,2684.4461330713057,,
2005.1,2005,10,267.7540098313898,0.8402857142857145,271.29169628263355,261.69606485820964,2005,0.16193762514602453,2005-12-03,-10.300634623817075,10.300634623817075,-0.03847051489650368,0.03847051489650368,False,2684.4461330713057,,
2005.11,2005,11,308.70172009153475,0.7715714285714285,331.84741480645545,291.51576358890105,2005,0.18670280031136022,2005-12-10,40.94771026014496,40.94771026014496,0.1326449047579111,0.1326449047579111,False,2684.4461330713057,,
2005.12,2005,12,352.2462826324966,0.7077142857142856,362.1011676728192,341.0310225674728,2005,0.21303855173613398,2005-12-17,43.54456254096186,43.54456254096186,0.12361965104509705,0.12361965104509705,False,2684.4461330713057,,
2005.13,2005,13,396.61090133672286,0.6578571428571428,462.3337709519629,373.53428997260454,2005,0.23987027312844997,2005-12-24,44.364618704226245,44.364618704226245,0.11185930229023297,0.11185930229023297,False,2684.4461330713057,,
2005.14,2005,14,528.453709058264,0.5372857142857143,632.9781565800997,432.00683512190164,2005,0.3196088032384381,2005-12-31,131.8428077215412,131.8428077215412,0.24948790303032015,0.24948790303032015,False,2684.4461330713057,,
2005.15,2005,15,572.0893599165576,0.4998571428571429,619.3681476088757,553.7256467564458,2006,0.345999644877534,2006-01-07,43.6356508582935,43.6356508582935,0.076274187068709,0.076274187068709,False,2684.4461330713057,,
2005.16,2005,16,558.3352349130151,0.513,595.6661341686022,536.6966022733961,2006,0.3376811500753915,2006-01-14,-13.754125003542413,13.754125003542413,-0.02463416983827863,0.02463416983827863,False,2684.4461330713057,,
2005.17,2005,17,654.3958523830336,0.45857142857142863,708.2803075785097,614.363629921774,2006,0.3957786115212586,2006-01-21,96.06061747001843,96.06061747001843,0.1467928274915041,0.1467928274915041,False,2684.4461330713057,,
2005.18,2005,18,783.5016650461242,0.4032857142857143,838.3130724874176,743.1409387004387,2006,0.473861807019896,2006-01-28,129.10581266309066,129.10581266309066,0.16478052111796124,0.16478052111796124,False,2684.4461330713057,,
2005.19,2005,19,900.4589953787174,0.36100000000000004,927.8079295597247,864.1346896506183,2006,0.5445976004050482,2006-02-04,116.95733033259319,116.95733033259319,0.12988634788794903,0.12988634788794903,False,2684.4461330713057,,
2005.2,2005,20,1000.9403822656134,0.3312857142857143,1045.0134842074872,958.3904946021601,2006,0.6053687431942429,2006-02-11,100.48138688689596,100.48138688689596,0.10038698474674172,0.10038698474674172,False,2684.4461330713057,,
2005.21,2005,21,1038.945068324096,0.3221428571428571,1062.2782119849837,1024.6356472173295,2006,0.628353977322413,2006-02-18,38.00468605848255,38.00468605848255,0.03658007263058406,0.03658007263058406,False,2684.4461330713057,,
2005.22,2005,22,1070.720796084665,0.31214285714285717,1130.3033989808528,1036.4396243152978,2006,0.6475719374720054,2006-02-25,31.775727760568998,31.775727760568998,0.02967695021593323,0.02967695021593323,False,2684.4461330713057,,
2005.23,2005,23,1204.1302038802792,0.2764285714285714,1316.6588218214915,1131.2888821433105,2006,0.7282579473067929,2006-03-04,133.40940779561424,133.40940779561424,0.11079317449699858,0.11079317449699858,False,2684.4461330713057,,
2005.24,2005,24,1474.0574930433145,0.23442857142857143,1570.9517292286578,1359.127799899888,2006,0.8915099717925967,2006-03-11,269.9272891630353,269.9272891630353,0.18311856249632974,0.18311856249632974,False,2684.4461330713057,,
2005.25,2005,25,1791.5629457845193,0.19785714285714287,2005.5202399564787,1651.7406763829104,2006,1.0835372696104772,2006-03-18,317.50545274120486,317.50545274120486,0.177222605261112,0.177222605261112,False,2684.4461330713057,,
2005.26,2005,26,2192.8251035594326,0.15557142857142855,2299.1910593261064,2047.3575826099195,2006,1.3262206226327449,2006-03-25,401.26215777491325,401.26215777491325,0.18298867389085313,0.18298867389085313,False,2684.4461330713057,,
2005.27,2005,27,2464.9075716788325,0.12785714285714286,2562.430819931149,2344.523567324458,2006,1.4907760993513577,2006-04-01,272.0824681193999,272.0824681193999,0.11038242214254156,0.11038242214254156,False,2684.4461330713057,,
2005.28,2005,28,2632.795309405545,0.11414285714285713,2684.4461330713057,2579.320643131149,2006,1.5923146031284738,2006-04-08,167.88773772671266,167.88773772671266,0.06376786570795728,0.06376786570795728,False,2684.4461330713057,,
2005.29,2005,29,2663.7532863269803,0.11185714285714286,2684.4461330713057,2632.6923900235674,2006,1.6110379875705574,2006-04-15,30.957976921435147,30.957976921435147,0.011621938518233704,0.011621938518233704,True,2684.4461330713057,True,
2005.3,2005,30,2590.8612380269615,0.11714285714285713,2632.6923900235674,2579.320643131149,2006,1.5669528767587064,2006-04-22,-72.89204830001881,72.89204830001881,-0.028134292655336825,0.028134292655336825,False,2684.4461330713057,,
2005.31,2005,31,2557.73787315175,0.12042857142857143,2573.6580007328594,2529.144560964737,2006,1.5469198656821788,2006-04-29,-33.12336487521134,33.12336487521134,-0.012950257812930362,0.012950257812930362,False,2684.4461330713057,,
2005.32,2005,32,2497.8059645927146,0.12485714285714286,2510.882305616489,2457.8731008118675,2006,1.510673047385674,2006-05-06,-59.93190855903549,59.93190855903549,-0.0239938207405185,0.0239938207405185,False,2684.4461330713057,,
2005.33,2005,33,2391.9069581168187,0.1335714285714286,2433.721748017991,2353.225621696834,2006,1.446625328269052,2006-05-13,-105.89900647589593,105.89900647589593,-0.04427388202393611,0.04427388202393611,False,2684.4461330713057,,
2005.34,2005,34,2270.1094931646335,0.14700000000000002,2344.523567324458,2196.3918358541573,2006,1.3729622214659702,2006-05-20,-121.79746495218524,121.79746495218524,-0.05365268297362792,0.05365268297362792,False,2684.4461330713057,,
2005.35,2005,35,2098.1275707055465,0.16657142857142856,2179.5894423479353,2029.000290301854,2006,1.2689475547627143,2006-05-27,-171.98192245908695,171.98192245908695,-0.08196924003112634,0.08196924003112634,False,2684.4461330713057,,
2005.36,2005,36,1897.7596643734166,0.1867142857142857,2005.5202399564787,1756.4342238183276,2006,1.1477650450130426,2006-06-03,-200.3679063321299,200.3679063321299,-0.1055812862364136,0.1055812862364136,False,2684.4461330713057,,
2005.37,2005,37,1583.2328517202372,0.2207142857142857,1726.6076432517052,1460.2532901744794,2006,0.9575392287203995,2006-06-10,-314.5268126531794,314.5268126531794,-0.19866112070087172,0.19866112070087172,False,2684.4461330713057,,
2005.38,2005,38,1313.653082526709,0.25842857142857145,1424.0029631534421,1159.9825158729498,2006,0.7944973843121537,2006-06-17,-269.57976919352814,269.57976919352814,-0.2052138215022588,0.2052138215022588,False,2684.4461330713057,,
2005.39,2005,39,1042.0980317172296,0.31871428571428567,1134.0903969179167,933.7145989148456,2006,0.6302608895825804,2006-06-24,-271.55505080947955,271.55505080947955,-0.2605849378316121,0.2605849378316121,False,2684.4461330713057,,
2005.4,2005,40,804.4555749306758,0.39599999999999996,906.8767194245501,721.4230392580745,2006,0.48653473171807277,2006-07-01,-237.6424567865538,237.6424567865538,-0.29540780646219367,0.29540780646219367,False,2684.4461330713057,,
2005.41,2005,41,626.3533132312001,0.4715714285714286,708.2803075785097,572.8783627367172,2006,0.3788184838422298,2006-07-08,-178.10226169947566,178.10226169947566,-0.2843479198356765,0.2843479198356765,False,2684.4461330713057,,
2005.42,2005,42,534.1258612677914,0.5278571428571429,565.5581093921817,506.9513196028255,2006,0.32303932089476034,2006-07-15,-92.22745196340873,92.22745196340873,-0.17266988672763256,0.17266988672763256,False,2684.4461330713057,,
2005.43,2005,43,468.7044874066037,0.575857142857143,491.76619950541016,447.2117847813898,2006,0.28347247398351394,2006-07-22,-65.4213738611877,65.4213738611877,-0.13957914980326253,0.13957914980326253,False,2684.4461330713057,,
2005.44,2005,44,426.1306583253184,0.6224285714285714,440.5030705808828,408.1458314158418,2006,0.25772382215515255,2006-07-29,-42.57382908128528,42.57382908128528,-0.09990792319097444,0.09990792319097444,False,2684.4461330713057,,
2005.45,2005,45,383.40912994025655,0.672,398.9332627522059,366.2328823662496,2006,0.23188584178786714,2006-08-05,-42.721528385061845,42.721528385061845,-0.11142543317035457,0.11142543317035457,False,2684.4461330713057,,
2005.46,2005,46,350.60200023750025,0.7092857142857144,366.2328823662496,340.02150776834037,2006,0.21204408974364014,2006-08-12,-32.8071297027563,32.8071297027563,-0.09357370944983918,0.09357370944983918,False,2684.4461330713057,,
2005.47,2005,47,321.2527499557509,0.7542857142857143,335.9497472014125,305.4007919880862,2006,0.19429366317323818,2006-08-19,-29.349250281749335,29.349250281749335,-0.09135875190419966,0.09135875190419966,False,2684.4461330713057,,
2005.48,2005,48,293.7124740017121,0.7954285714285714,305.4007919880862,283.56829088636164,2006,0.17763730427623553,2006-08-26,-27.540275954038805,27.540275954038805,-0.09376610934773669,0.09376610934773669,False,2684.4461330713057,,
2005.49,2005,49,277.9560755103345,0.8197142857142856,283.56829088636164,274.4698592828081,2006,0.16810783446865032,2006-09-02,-15.756398491377638,15.756398491377638,-0.05668664900541744,0.05668664900541744,False,2684.4461330713057,,
2005.5,2005,50,250.17579558336834,0.8715714285714287,267.32035081816935,240.03120478075203,2006,0.1513063211688212,2006-09-09,-27.78027992696613,27.78027992696613,-0.11104303620654883,0.11104303620654883,False,2684.4461330713057,,
2005.51,2005,51,235.76680030986367,0.896,236.8493354753479,232.1827240761327,2006,0.14259176082740557,2006-09-16,-14.408995273504672,14.408995273504672,-0.06111545499437246,0.06111545499437246,False,2684.4461330713057,,
2005.52,2005,52,222.693275566354,0.9204285714285715,230.56839481034717,213.4151960906308,2006,0.1346848930625309,2006-09-23,-13.073524743509665,13.073524743509665,-0.058706418998333246,0.058706418998333246,False,2684.4461330713057,,
2005.53,2005,53,209.67891665666008,0.938,209.67891665666008,209.67891665666008,2006,0.018116258399135433,2006-09-30,-13.014358909693925,13.014358909693925,-0.062068037727438095,0.062068037727438095,False,2684.4461330713057,,True
2006.01,2006,1,211.90964699428622,0.9365714285714286,213.5892507280283,210.07891868084374,2006,0.1281629545021443,2006-10-01,2.2307303376261416,2.2307303376261416,0.010526799365987757,0.010526799365987757,False,4543.004982908213,,
2006.02,2006,2,220.8237245215217,0.9244285714285715,224.7272915223594,213.4151960906308,2006,0.13355418859061638,2006-10-08,8.914077527235492,8.914077527235492,0.040367390535371195,0.040367390535371195,False,4543.004982908213,,
2006.03,2006,3,221.78573148715518,0.9225714285714287,226.90799802507854,216.50840662099068,2006,0.13413601040343148,2006-10-15,0.9620069656334636,0.9620069656334636,0.004337551199452065,0.004337551199452065,False,4543.004982908213,,
2006.04,2006,4,219.7473088882422,0.9269999999999999,225.54922157406716,213.4151960906308,2006,0.13290317241560887,2006-10-22,-2.038422598912973,2.038422598912973,-0.009276211887307626,0.009276211887307626,False,4543.004982908213,,
2006.05,2006,5,226.51595131638692,0.9151428571428573,233.5424856172383,216.50840662099068,2006,0.1369968473561508,2006-10-29,6.768642428144716,6.768642428144716,0.02988152661571543,0.02988152661571543,False,4543.004982908213,,
2006.06,2006,6,238.6475371150349,0.8920000000000001,246.84896506587899,233.5424856172383,2006,0.1443340304471731,2006-11-05,12.13158579864799,12.13158579864799,0.05083474124771805,0.05083474124771805,False,4543.004982908213,,
2006.07,2006,7,256.32744117492877,0.8612857142857144,271.29169628263355,238.22207112578903,2006,0.15502683642259696,2006-11-12,17.679904059893857,17.679904059893857,0.06897390298461388,0.06897390298461388,False,4543.004982908213,,
2006.08,2006,8,284.6019576213087,0.809142857142857,302.3955917606633,271.29169628263355,2006,0.17212726396936753,2006-11-19,28.27451644637995,28.27451644637995,0.09934758243652705,0.09934758243652705,False,4543.004982908213,,
2006.09,2006,9,321.29502015124484,0.7544285714285716,337.6505255790338,303.995904978922,2006,0.19431922818747285,2006-11-26,36.69306252993613,36.69306252993613,0.11420364533712167,0.11420364533712167,False,4543.004982908213,,
2006.1,2006,10,356.7649333031228,0.7028571428571428,378.10994733415635,335.9497472014125,2006,0.21577143166172866,2006-12-03,35.46991315187796,35.46991315187796,0.09942096277085954,0.09942096277085954,False,4543.004982908213,,
2006.11,2006,11,407.05738442396233,0.6444285714285716,427.01120618594086,385.83350008972036,2006,0.24618830609961243,2006-12-10,50.29245112083953,50.29245112083953,0.1235512560274756,0.1235512560274756,False,4543.004982908213,,
2006.12,2006,12,467.5181332530911,0.5792857142857143,506.9513196028255,436.2324379737803,2006,0.28275496699146946,2006-12-17,60.46074882912876,60.46074882912876,0.12932278884763238,0.12932278884763238,False,4543.004982908213,,
2006.13,2006,13,537.8511720121708,0.5254285714285716,553.7256467564458,512.9271834558979,2006,0.3252923888329609,2006-12-24,70.33303875907967,70.33303875907967,0.1307667295693615,0.1307667295693615,False,4543.004982908213,,
2006.14,2006,14,576.6551885162393,0.49800000000000005,600.239619356876,556.9368928227394,2006,0.34876105801462143,2006-12-31,38.8040165040685,38.8040165040685,0.06729154142168224,0.06729154142168224,False,4543.004982908213,,
2006.15,2006,15,655.9634287900142,0.4574285714285714,702.7645807579994,619.3681476088757,2007,0.3967266817322005,2007-01-07,79.30824027377491,79.30824027377491,0.12090344795603372,0.12090344795603372,False,4543.004982908213,,
2006.16,2006,16,765.3964253753293,0.41028571428571425,838.3130724874176,721.4230392580745,2007,0.4629117580669992,2007-01-14,109.4329965853151,109.4329965853151,0.14297557835033287,0.14297557835033287,False,4543.004982908213,,
2006.17,2006,17,957.3039101980985,0.34528571428571425,1080.5994501120829,853.8829560570023,2007,0.57897740488781,2007-01-21,191.90748482276922,191.90748482276922,0.2004666258837876,0.2004666258837876,False,4543.004982908213,,
2006.18,2006,18,1450.5276165949897,0.24185714285714285,1850.5299978167786,1131.2888821433105,2007,0.8772791025166498,2007-01-28,493.2237063968912,493.2237063968912,0.3400305521619083,0.3400305521619083,False,4543.004982908213,,
2006.19,2006,19,2214.7413335870183,0.1535714285714286,2479.231876484325,1971.7538355439103,2007,1.3394755585534286,2007-02-04,764.2137169920286,764.2137169920286,0.3450577751011221,0.3450577751011221,False,4543.004982908213,,
2006.2,2006,20,3257.615632151264,0.07342857142857143,3948.310796028685,2632.6923900235674,2007,1.970205934325084,2007-02-11,1042.8742985642457,1042.8742985642457,0.3201342381438514,0.3201342381438514,False,4543.004982908213,,
2006.21,2006,21,4451.505760945308,0.026285714285714284,4525.309127544389,4244.57584088134,2007,2.692270684219722,2007-02-18,1193.890128794044,1193.890128794044,0.2681991651608046,0.2681991651608046,False,4543.004982908213,,
2006.22,2006,22,4520.348933696064,0.023857142857142855,4543.004982908213,4493.143066687026,2007,2.7339070350993793,2007-02-25,68.84317275075591,68.84317275075591,0.01522961474004315,0.01522961474004315,True,4543.004982908213,True,
2006.23,2006,23,4428.888782169454,0.026714285714285715,4525.309127544389,4244.57584088134,2007,2.6785919354560863,2007-03-04,-91.46015152660948,91.46015152660948,-0.020650812432866848,0.020650812432866848,False,4543.004982908213,,
2006.24,2006,24,4030.059763928141,0.03671428571428571,4193.756222184489,3889.991232059012,2007,2.4373801452237402,2007-03-11,-398.8290182413134,398.8290182413134,-0.09896354932775753,0.09896354932775753,False,4543.004982908213,,
2006.25,2006,25,3703.018858504074,0.04828571428571428,3846.3561435461793,3590.4449561657857,2007,2.2395858056232645,2007-03-18,-327.04090542406675,327.04090542406675,-0.0883173750716957,0.0883173750716957,False,4543.004982908213,,
2006.26,2006,26,3511.9771236413576,0.05585714285714286,3558.245017393341,3478.2046460397005,2007,2.124043764378293,2007-03-25,-191.04173486271657,191.04173486271657,-0.05439720366533507,0.05439720366533507,False,4543.004982908213,,
2006.27,2006,27,3479.34911998644,0.05828571428571428,3483.480329502967,3459.8375463505467,2007,2.1043103477677993,2007-04-01,-32.62800365491739,32.62800365491739,-0.009377617057021444,0.009377617057021444,False,4543.004982908213,,
2006.28,2006,28,3442.791819831741,0.061,3478.2046460397005,3367.2754716645045,2007,2.082200492634237,2007-04-08,-36.55730015469908,36.55730015469908,-0.010618504419615397,0.010618504419615397,False,4543.004982908213,,
2006.29,2006,29,3266.28843087172,0.07042857142857144,3367.2754716645045,3138.65846664605,2007,1.9754512429912163,2007-04-15,-176.5033889600213,176.5033889600213,-0.05403790653996696,0.05403790653996696,False,4543.004982908213,,
2006.3,2006,30,3065.744041921879,0.08171428571428571,3108.7464955955406,3030.805345924814,2007,1.8541619965543523,2007-04-22,-200.5443889498406,200.5443889498406,-0.06541458980512987,0.06541458980512987,False,4543.004982908213,,
2006.31,2006,31,2926.5805996339814,0.09257142857142857,2995.1153580101827,2853.5817182583633,2007,1.7699959466586321,2007-04-29,-139.16344228789785,139.16344228789785,-0.04755154951321095,0.04755154951321095,False,4543.004982908213,,
2006.32,2006,32,2743.4436861964155,0.10542857142857143,2830.110621300665,2632.6923900235674,2007,1.659234741411592,2007-05-06,-183.1369134375659,183.1369134375659,-0.06675439133633972,0.06675439133633972,False,4543.004982908213,,
2006.33,2006,33,2502.5619414871403,0.12442857142857143,2593.551895676053,2397.275442718699,2007,1.5135494622114223,2007-05-13,-240.88174470927515,240.88174470927515,-0.09625405897691063,0.09625405897691063,False,4543.004982908213,,
2006.34,2006,34,2266.1894670164356,0.1475714285714286,2353.225621696834,2179.5894423479353,2007,1.3705913896515403,2007-05-20,-236.37247447070467,236.37247447070467,-0.10430393306077014,0.10430393306077014,False,4543.004982908213,,
2006.35,2006,35,2057.512157831412,0.17057142857142857,2173.774352151517,1935.6524097133456,2007,1.2443833530564379,2007-05-27,-208.67730918502366,208.67730918502366,-0.10142215120855788,0.10142215120855788,False,4543.004982908213,,
2006.36,2006,36,1765.7542319752672,0.20042857142857143,1919.306231287711,1612.2800522345722,2007,1.0679281594986416,2007-06-03,-291.75792585614477,291.75792585614477,-0.1652313332018855,0.1652313332018855,False,4543.004982908213,,
2006.37,2006,37,1461.5847233286102,0.23614285714285715,1570.9517292286578,1390.4810800453631,2007,0.8839664406691435,2007-06-10,-304.16950864665705,304.16950864665705,-0.2081093923545821,0.2081093923545821,False,4543.004982908213,,
2006.38,2006,38,1215.0925875823812,0.2735714285714285,1359.127799899888,1131.2888821433105,2007,0.7348879969698242,2007-06-17,-246.492135746229,246.492135746229,-0.2028587271992697,0.2028587271992697,False,4543.004982908213,,
2006.39,2006,39,1017.9392030033302,0.3252857142857143,1099.019084262322,952.2480246537352,2007,0.6156496299764141,2007-06-24,-197.1533845790509,197.1533845790509,-0.19367893877882794,0.19367893877882794,False,4543.004982908213,,
2006.4,2006,40,871.8340095167724,0.37157142857142855,945.6617553068173,794.743483846329,2007,0.5272852089557439,2007-07-01,-146.10519348655782,146.10519348655782,-0.16758372797080823,0.16758372797080823,False,4543.004982908213,,
2006.41,2006,41,727.2533739296938,0.4257142857142857,785.9428565199106,687.4728168847247,2007,0.43984284055267875,2007-07-08,-144.58063558707863,144.58063558707863,-0.19880366426606055,0.19880366426606055,False,4543.004982908213,,
2006.42,2006,42,626.9169724273113,0.47171428571428564,666.9152122372253,586.5300420928967,2007,0.3791593849240379,2007-07-15,-100.3364015023825,100.3364015023825,-0.16004735222576247,0.16004735222576247,False,4543.004982908213,,
2006.43,2006,43,562.0279869980847,0.5075714285714286,580.3230981243996,545.4907662863702,2007,0.3399145265364415,2007-07-22,-64.88898542922664,64.88898542922664,-0.11545507862662321,0.11545507862662321,False,4543.004982908213,,
2006.44,2006,44,507.94098642867124,0.5455714285714285,536.6966022733961,491.76619950541016,2007,0.30720270859206034,2007-07-29,-54.08700056941342,54.08700056941342,-0.10648284350845294,0.10648284350845294,False,4543.004982908213,,
2006.45,2006,45,466.80372264094797,0.5780000000000001,481.566763323433,444.2933536292678,2007,0.28232289145324535,2007-08-05,-41.13726378772327,41.13726378772327,-0.08812539787598239,0.08812539787598239,False,4543.004982908213,,
2006.46,2006,46,427.9768767436186,0.6195714285714286,436.2324379737803,420.62733135509285,2007,0.25884041505454053,2007-08-12,-38.82684589732935,38.82684589732935,-0.09072183103151327,0.09072183103151327,False,4543.004982908213,,
2006.47,2006,47,407.815949268966,0.6447142857142857,417.7460065280269,390.5728083685417,2007,0.24664708611787062,2007-08-19,-20.160927474652624,20.160927474652624,-0.049436338894524035,0.049436338894524035,False,4543.004982908213,,
2006.48,2006,48,375.6158988844722,0.6824285714285716,385.83350008972036,366.2328823662496,2007,0.2271724956453288,2007-08-26,-32.20005038449381,32.20005038449381,-0.0857260048898983,0.0857260048898983,False,4543.004982908213,,
2006.49,2006,49,347.9349023909785,0.7121428571428572,354.2401023578276,340.02150776834037,2007,0.21043102896606375,2007-09-02,-27.680996493493694,27.680996493493694,-0.07955797565369925,0.07955797565369925,False,4543.004982908213,,
2006.5,2006,50,321.80855423615645,0.7522857142857143,332.29921540990034,305.4007919880862,2007,0.19462981360202744,2007-09-09,-26.12634815482204,26.12634815482204,-0.08118599649047689,0.08118599649047689,False,4543.004982908213,,
2006.51,2006,51,300.1226373001627,0.7868571428571428,301.7344992665246,295.76546380444813,2007,0.18151417103913842,2007-09-16,-21.68591693599376,21.68591693599376,-0.07225685183588783,0.07225685183588783,False,4543.004982908213,,
2006.52,2006,52,288.788855204809,0.8025714285714285,295.76546380444813,282.1135754290922,2007,0.17465949962786856,2007-09-23,-11.333782095353683,11.333782095353683,-0.03924591233728797,0.03924591233728797,False,4543.004982908213,,
2006.53,2006,53,276.3852007435198,0.8210000000000001,276.3852007435198,276.3852007435198,2007,0.023879681344240115,2007-09-30,-12.403654461289193,12.403654461289193,-0.0448781426354284,0.0448781426354284,False,4543.004982908213,,
2007.01,2007,1,271.44327007870805,0.8312857142857144,276.3852007435198,261.69606485820964,2007,0.16416888974360266,2007-10-01,-4.941930664811764,4.941930664811764,-0.018206127060651736,0.018206127060651736,False,3367.2754716645045,,
2007.02,2007,2,261.8741833136946,0.8545714285714286,262.5898270838404,259.36784514408106,2007,0.15838150606812246,2007-10-08,-9.56908676501348,9.56908676501348,-0.03654077940760902,0.03654077940760902,False,3367.2754716645045,,
2007.03,2007,3,254.3679291040002,0.8695714285714287,257.3872862797195,251.75288036056145,2007,0.15384172352209932,2007-10-15,-7.506254209694362,7.506254209694362,-0.029509436335527085,0.029509436335527085,False,3367.2754716645045,,
2007.04,2007,4,253.5399017113085,0.869,259.36784514408106,251.75288036056145,2007,0.15334093255499937,2007-10-22,-0.8280273926917232,0.8280273926917232,-0.003265866189514229,0.003265866189514229,False,3367.2754716645045,,
2007.05,2007,5,247.02463315013853,0.8781428571428573,261.69606485820964,236.8493354753479,2007,0.1494004981292038,2007-10-29,-6.515268561169961,6.515268561169961,-0.026374975151607902,0.026374975151607902,False,3367.2754716645045,,True
2007.06,2007,6,253.6276217473437,0.8677142857142857,261.8559832570436,243.54989841925496,2007,0.1533939856327935,2007-11-05,6.602988597205183,6.602988597205183,0.026034185676286015,0.026034185676286015,False,3367.2754716645045,,
2007.07,2007,7,273.5552887439542,0.83,283.56829088636164,264.06621347727946,2007,0.16544623863234348,2007-11-12,19.92766699661047,19.92766699661047,0.07284694471859626,0.07284694471859626,False,3367.2754716645045,,
2007.08,2007,8,295.46971879861843,0.7957142857142856,322.59272115902394,282.1135754290922,2007,0.17870008592940445,2007-11-19,21.91443005466425,21.91443005466425,0.07416810813564398,0.07416810813564398,False,3367.2754716645045,,
2007.09,2007,9,333.1169421281,0.7352857142857143,348.25654132213623,322.59272115902394,2007,0.2014691265990748,2007-11-26,37.64722332948156,37.64722332948156,0.11301503636823232,0.11301503636823232,False,3367.2754716645045,,
2007.1,2007,10,384.25248398966977,0.6711428571428572,398.9332627522059,366.2328823662496,2007,0.23239590231695229,2007-12-03,51.13554186156978,51.13554186156978,0.13307797344764727,0.13307797344764727,False,3367.2754716645045,,
2007.11,2007,11,430.31046943909007,0.6180000000000001,458.3294938779206,410.1421567276903,2007,0.2602517719167617,2007-12-10,46.0579854494203,46.0579854494203,0.10703431294492302,0.10703431294492302,False,3367.2754716645045,,
2007.12,2007,12,498.83588169042895,0.5544285714285715,595.6661341686022,466.03926954154906,2007,0.30169594124637145,2007-12-17,68.52541225133888,68.52541225133888,0.13737065589412603,0.13737065589412603,False,3367.2754716645045,,
2007.13,2007,13,692.4702872315532,0.44414285714285723,808.9992088717349,553.7256467564458,2007,0.41880602971764347,2007-12-24,193.6344055411243,193.6344055411243,0.27962846798129176,0.27962846798129176,False,3367.2754716645045,,
2007.14,2007,14,818.7304694635012,0.39071428571428574,847.8041693984164,808.9992088717349,2007,0.4951681879315256,2007-12-31,126.26018223194797,126.26018223194797,0.15421458824499826,0.15421458824499826,False,3367.2754716645045,,
2007.15,2007,15,915.6698887629981,0.3565714285714286,942.3515859819348,879.84708449476,2008,0.5537971487238613,2008-01-07,96.93941929949688,96.93941929949688,0.10586721316178128,0.10586721316178128,False,3367.2754716645045,,
2007.16,2007,16,1164.6983101270778,0.2932857142857143,1518.5529604884168,958.3904946021601,2008,0.7044095379648567,2008-01-14,249.0284213640797,249.0284213640797,0.2138136710586527,0.2138136710586527,False,3367.2754716645045,,
2007.17,2007,17,1547.1501564692737,0.22414285714285717,1570.9517292286578,1518.5529604884168,2008,0.9357164146326167,2008-01-21,382.45184634219595,382.45184634219595,0.24719762638617,0.24719762638617,False,3367.2754716645045,,
2007.18,2007,18,1798.039943706459,0.19642857142857142,1901.8172747918168,1726.6076432517052,2008,1.0874545579536665,2008-01-28,250.88978723718537,250.88978723718537,0.139535157778533,0.139535157778533,False,3367.2754716645045,,
2007.19,2007,19,1971.1407495824685,0.17942857142857144,2031.4911665585732,1931.263794526025,2008,1.192145925347477,2008-02-04,173.10080587600942,173.10080587600942,0.08781757767053217,0.08781757767053217,False,3367.2754716645045,,
2007.2,2007,20,2304.156475034669,0.1447142857142857,2579.320643131149,2083.1179006773305,2008,1.3935538361009674,2008-02-11,333.0157254522003,333.0157254522003,0.14452825971690558,0.14452825971690558,False,3367.2754716645045,,
2007.21,2007,21,3031.8356985088185,0.08485714285714287,3268.095175600831,2750.609585858673,2008,1.8336542304581336,2008-02-18,727.6792234741497,727.6792234741497,0.2400127499758817,0.2400127499758817,False,3367.2754716645045,,
2007.22,2007,22,3260.791427059078,0.07042857142857144,3367.2754716645045,3144.383395827881,2008,1.9721266550853302,2008-02-25,228.95572855025966,228.95572855025966,0.07021477260100498,0.07021477260100498,True,3367.2754716645045,True,
2007.23,2007,23,3099.173301371691,0.07942857142857142,3150.1145500882362,3040.0319515766673,2008,1.8743800126695989,2008-03-03,-161.61812568738696,161.61812568738696,-0.05214878613462982,0.05214878613462982,False,3367.2754716645045,,
2007.24,2007,24,2954.0815311798683,0.09057142857142855,3016.6012289324913,2896.6072356138507,2008,1.7866285100575845,2008-03-10,-145.0917701918229,145.0917701918229,-0.04911569591441602,0.04911569591441602,False,3367.2754716645045,,
2007.25,2007,25,2828.1983157923282,0.09928571428571428,2853.5817182583633,2801.959149720212,2008,1.7104943413912004,2008-03-17,-125.88321538754008,125.88321538754008,-0.04451003831118311,0.04451003831118311,False,3367.2754716645045,,
2007.26,2007,26,2813.0564663814716,0.10028571428571428,2876.514016282759,2772.806183890805,2008,1.7013365508675138,2008-03-24,-15.141849410856594,15.141849410856594,-0.005382703686120478,0.005382703686120478,False,3367.2754716645045,,
2007.27,2007,27,2944.0009819857355,0.09128571428571428,2995.1153580101827,2896.6072356138507,2008,1.7805317939049732,2008-03-31,130.94451560426387,130.94451560426387,0.04447842117088612,0.04447842117088612,False,3367.2754716645045,,
2007.28,2007,28,3106.200399697797,0.07885714285714286,3156.889384936383,3030.805345924814,2008,1.878630001737227,2008-04-07,162.1994177120614,162.1994177120614,0.05221795017727827,0.05221795017727827,False,3367.2754716645045,,
2007.29,2007,29,3140.203555071384,0.07642857142857143,3171.125614747709,3096.2208421802447,2008,1.8991951101071727,2008-04-14,34.003155373587106,34.003155373587106,0.0108283284116001,0.0108283284116001,True,3367.2754716645045,,
2007.3,2007,30,2991.3046143522256,0.08771428571428572,3071.4821003626753,2913.8010466984306,2008,1.8091410307602258,2008-04-21,-148.89894071915842,148.89894071915842,-0.04977725772385199,0.04977725772385199,False,3367.2754716645045,,
2007.31,2007,31,2831.017971518403,0.09899999999999999,2896.6072356138507,2750.609585858673,2008,1.71219966917433,2008-04-28,-160.2866428338225,160.2866428338225,-0.05661802378027771,0.05661802378027771,False,3367.2754716645045,,
2007.32,2007,32,2618.159276877393,0.11514285714285714,2750.609585858673,2510.882305616489,2008,1.5834627306554474,2008-05-05,-212.85869464101006,212.85869464101006,-0.08130089583200638,0.08130089583200638,False,3367.2754716645045,,
2007.33,2007,33,2378.808854535269,0.1352857142857143,2479.231876484325,2299.1910593261064,2008,1.4387035952229306,2008-05-12,-239.35042234212415,239.35042234212415,-0.10061776165234779,0.10061776165234779,False,3367.2754716645045,,
2007.34,2007,34,2199.2502650927536,0.15542857142857144,2275.039686515941,2106.3680095481427,2008,1.330106560328097,2008-05-19,-179.5585894425153,179.5585894425153,-0.08164536446466787,0.08164536446466787,False,3367.2754716645045,,
2007.35,2007,35,1992.2469599841065,0.17742857142857144,2083.1179006773305,1890.32961771208,2008,1.2049109613983877,2008-05-26,-207.00330510864706,207.00330510864706,-0.10390444019565649,0.10390444019565649,False,3367.2754716645045,,
2007.36,2007,36,1714.3743461443828,0.2057142857142857,1850.5299978167786,1570.9517292286578,2008,1.0368536045481225,2008-06-02,-277.8726138397237,277.8726138397237,-0.1620839780207033,0.1620839780207033,False,3367.2754716645045,,
2007.37,2007,37,1443.7788779167554,0.23842857142857143,1536.2017331629595,1346.5041416432566,2008,0.8731974653640538,2008-06-09,-270.5954682276274,270.5954682276274,-0.18742168372630066,0.18742168372630066,False,3367.2754716645045,,
2007.38,2007,38,1179.2231856849214,0.27999999999999997,1256.1554605165875,1099.019084262322,2008,0.7131941827022406,2008-06-16,-264.555692231834,264.555692231834,-0.2243474309557216,0.2243474309557216,False,3367.2754716645045,,
2007.39,2007,39,998.5842413640781,0.3312857142857143,1088.1402560616616,892.2686145956026,2008,0.6039437491769943,2008-06-23,-180.63894432084328,180.63894432084328,-0.18089504804731177,0.18089504804731177,False,3367.2754716645045,,
2007.4,2007,40,770.7628692203126,0.4092857142857143,864.1346896506183,677.7424369637166,2008,0.46615738330444506,2008-06-30,-227.82137214376553,227.82137214376553,-0.2955790700896435,0.2955790700896435,False,3367.2754716645045,,
2007.41,2007,41,624.3824151891797,0.47285714285714286,677.7424369637166,572.8783627367172,2008,0.37762648470641585,2008-07-07,-146.3804540311329,146.3804540311329,-0.234440385363482,0.234440385363482,False,3367.2754716645045,,
2007.42,2007,42,539.6568632441055,0.5247142857142857,565.5581093921817,506.9513196028255,2008,0.32638447089003503,2008-07-14,-84.72555194507424,84.72555194507424,-0.15699893342549773,0.15699893342549773,False,3367.2754716645045,,
2007.43,2007,43,474.2870041762666,0.5707142857142857,491.76619950541016,462.3337709519629,2008,0.286848780125806,2008-07-21,-65.36985906783889,65.36985906783889,-0.13782764126411629,0.13782764126411629,False,3367.2754716645045,,
2007.44,2007,44,434.2269880823113,0.6129999999999999,455.356964761364,420.62733135509285,2008,0.2626204823921819,2008-07-28,-40.060016093955255,40.060016093955255,-0.09225593340218997,0.09225593340218997,False,3367.2754716645045,,
2007.45,2007,45,405.2748993312195,0.6474285714285715,414.8228382295926,392.74254153823074,2008,0.2451102591155216,2008-08-04,-28.95208875109182,28.95208875109182,-0.07143814926329822,0.07143814926329822,False,3367.2754716645045,,
2007.46,2007,46,378.89386420781585,0.6781428571428572,390.5728083685417,366.2328823662496,2008,0.229155009072887,2008-08-11,-26.38103512340365,26.38103512340365,-0.06962645113971593,0.06962645113971593,False,3367.2754716645045,,
2007.47,2007,47,354.6561384275254,0.7058571428571428,361.3612223507434,345.1066751912812,2008,0.21449603252096733,2008-08-18,-24.237725780290475,24.237725780290475,-0.06834148109703027,0.06834148109703027,False,3367.2754716645045,,
2007.48,2007,48,331.4360036431372,0.7378571428571429,341.0310225674728,324.70403395065745,2008,0.2004524950033694,2008-08-25,-23.220134784388165,23.220134784388165,-0.0700591804425378,0.0700591804425378,False,3367.2754716645045,,
2007.49,2007,49,305.57201574169284,0.7765714285714287,321.7616985683619,291.51576358890105,2008,0.18480995512057585,2008-09-01,-25.863987901444375,25.863987901444375,-0.08464121898946338,0.08464121898946338,False,3367.2754716645045,,
2007.5,2007,50,284.67707645898946,0.8098571428571428,291.51576358890105,276.3852007435198,2008,0.17217269584239683,2008-09-08,-20.894939282703376,20.894939282703376,-0.07339874198024335,0.07339874198024335,False,3367.2754716645045,,
2007.51,2007,51,267.19339647727986,0.8432857142857142,272.2227369901486,264.06621347727946,2008,0.16159856618945884,2008-09-15,-17.4836799817096,17.4836799817096,-0.06543455119855958,0.06543455119855958,False,3367.2754716645045,,
2007.52,2007,52,248.4779577250862,0.8765714285714286,256.64706503227126,243.54989841925496,2008,0.15027946883213217,2008-09-22,-18.71543875219365,18.71543875219365,-0.07532031784042688,0.07532031784042688,False,3367.2754716645045,,
2007.53,2007,53,240.03120478075203,0.887,240.03120478075203,240.03120478075203,2008,0.04147739218611395,2008-09-29,-8.446752944334179,8.446752944334179,-0.0351902285040379,0.0351902285040379,False,3367.2754716645045,,
2008.01,2008,1,212.44077911310046,0.9345714285714285,231.24648313187802,200.55260733721147,2008,0.1284841832076032,2008-10-01,-27.590425667651573,27.590425667651573,-0.12987349125170936,0.12987349125170936,False,5796.211608335895,,
2008.02,2008,2,199.76795661515425,0.9572857142857142,200.55260733721147,196.67848459924147,2008,0.12081966016084529,2008-10-08,-12.672822497946214,12.672822497946214,-0.06343771399914727,0.06343771399914727,False,5796.211608335895,,
2008.03,2008,3,190.91384290460334,0.9727142857142859,196.9229017767732,184.649249799592,2008,0.11546469218870409,2008-10-15,-8.854113710550905,8.854113710550905,-0.04637753646274444,0.04637753646274444,False,5796.211608335895,,
2008.04,2008,4,182.18989966938852,0.9817142857142857,184.649249799592,181.5686791602694,2008,0.11018845132004619,2008-10-22,-8.723943235214819,8.723943235214819,-0.04788379186247838,0.04788379186247838,False,5796.211608335895,,True
2008.05,2008,5,196.96169878921347,0.9615714285714285,208.78068094814552,187.94080017135414,2008,0.1191224354277163,2008-10-29,14.771799119824948,14.771799119824948,0.07499833323246052,0.07499833323246052,False,5796.211608335895,,
2008.06,2008,6,238.70946855863414,0.8931428571428571,264.06621347727946,213.4151960906308,2008,0.14437148658426194,2008-11-05,41.74776976942067,41.74776976942067,0.17488945881158532,0.17488945881158532,False,5796.211608335895,,
2008.07,2008,7,266.2733402772244,0.8448571428571429,283.56829088636164,251.75288036056145,2008,0.1610421161996653,2008-11-12,27.563871718590264,27.563871718590264,0.10351720412525252,0.10351720412525252,False,5796.211608335895,,
2008.08,2008,8,287.06250232856974,0.8061428571428572,299.0775001152962,271.29169628263355,2008,0.173615401408319,2008-11-19,20.78916205134533,20.78916205134533,0.07242033314246735,0.07242033314246735,False,5796.211608335895,,
2008.09,2008,9,325.80831022713994,0.7460000000000001,354.2401023578276,301.7344992665246,2008,0.19704886602537425,2008-11-26,38.745807898570206,38.745807898570206,0.11892209830853684,0.11892209830853684,False,5796.211608335895,,
2008.1,2008,10,444.01078026258244,0.6037142857142858,481.566763323433,381.71165647276456,2008,0.2685377199028099,2008-12-03,118.2024700354425,118.2024700354425,0.26621531568566653,0.26621531568566653,False,5796.211608335895,,
2008.11,2008,11,496.95128900237916,0.5521428571428572,536.6966022733961,481.566763323433,2008,0.3005561395886389,2008-12-10,52.94050873979671,52.94050873979671,0.10653057937745536,0.10653057937745536,False,5796.211608335895,,
2008.12,2008,12,567.5572461822803,0.5018571428571429,580.3230981243996,553.7256467564458,2008,0.34325862249104316,2008-12-17,70.60595717990117,70.60595717990117,0.12440323448398878,0.12440323448398878,False,5796.211608335895,,
2008.13,2008,13,609.1728860985004,0.48000000000000004,638.8169912755377,586.5300420928967,2008,0.3684277615123731,2008-12-24,41.61563991622006,41.61563991622006,0.0683149904828348,0.0683149904828348,False,5796.211608335895,,
2008.14,2008,14,685.2219053140401,0.4445714285714285,721.4230392580745,657.6800383444725,2008,0.41442220833393145,2008-12-31,76.04901921553972,76.04901921553972,0.1109845126458503,0.1109845126458503,False,5796.211608335895,,
2008.15,2008,15,769.7185574959111,0.4084285714285714,820.0614122679062,730.838355832333,2009,0.46552578357352703,2009-01-07,84.49665218187101,84.49665218187101,0.10977603613554539,0.10977603613554539,False,5796.211608335895,,
2008.16,2008,16,907.451446583613,0.35900000000000004,964.6044063585223,838.3130724874176,2009,0.5488266348937691,2009-01-14,137.7328890877019,137.7328890877019,0.15177989919597437,0.15177989919597437,False,5796.211608335895,,
2008.17,2008,17,1054.6086549535994,0.31657142857142856,1099.019084262322,989.8995991176027,2009,0.6378273145159369,2009-01-21,147.1572083699864,147.1572083699864,0.1395372659600077,0.1395372659600077,False,5796.211608335895,,
2008.18,2008,18,1142.4996354186808,0.28900000000000003,1184.385639882299,1110.6125841001171,2009,0.6909837795012181,2009-01-28,87.89098046508138,87.89098046508138,0.0769286726580642,0.0769286726580642,False,5796.211608335895,,
2008.19,2008,19,1262.6446522670885,0.2645714285714286,1359.127799899888,1191.3815919532592,2009,0.763647485691135,2009-02-04,120.14501684840775,120.14501684840775,0.09515346747217154,0.09515346747217154,False,5796.211608335895,,
2008.2,2008,20,1483.0965549254238,0.23300000000000004,1595.550017062485,1399.9866758125604,2009,0.8969767964188963,2009-02-11,220.45190265833526,220.45190265833526,0.14864298748871443,0.14864298748871443,False,5796.211608335895,,
2008.21,2008,21,1866.0592239832456,0.19028571428571425,2106.3680095481427,1638.344661979303,2009,1.128592618665067,2009-02-18,382.9626690578218,382.9626690578218,0.20522535626728866,0.20522535626728866,False,5796.211608335895,,
2008.22,2008,22,2448.4891980107864,0.13057142857142856,2717.277843145093,2179.5894423479353,2009,1.4808462669569236,2009-02-25,582.4299740275408,582.4299740275408,0.23787320544469684,0.23787320544469684,False,5796.211608335895,,
2008.23,2008,23,3290.3859148015845,0.07185714285714286,3936.514205791712,2801.959149720212,2009,1.9900254012719985,2009-03-04,841.8967167907981,841.8967167907981,0.255865645729755,0.255865645729755,False,5796.211608335895,,
2008.24,2008,24,5077.532034578246,0.016428571428571428,5605.54817773234,4493.143066687026,2009,3.070891374512923,2009-03-11,1787.1461197766612,1787.1461197766612,0.351971412017907,0.351971412017907,False,5796.211608335895,,
2008.25,2008,25,5749.920292447756,0.008,5796.211608335895,5687.283313593033,2009,3.4775517928724016,2009-03-18,672.3882578695102,672.3882578695102,0.11693870935092089,0.11693870935092089,True,5796.211608335895,True,
2008.26,2008,26,5597.190476219628,0.009285714285714286,5713.61938171299,5473.42431061851,2009,3.385180800017631,2009-03-25,-152.72981622812767,152.72981622812767,-0.027286871311065726,0.027286871311065726,False,5796.211608335895,,
2008.27,2008,27,5383.777872290934,0.011857142857142858,5453.378250845156,5263.201730070614,2009,3.2561088571615566,2009-04-01,-213.4126039286939,213.4126039286939,-0.03963993481734814,0.03963993481734814,False,5796.211608335895,,
2008.28,2008,28,4888.39897637801,0.018857142857142857,5204.988399960448,4543.004982908213,2009,2.9565037009134203,2009-04-08,-495.37889591292424,495.37889591292424,-0.10133765642017384,0.10133765642017384,False,5796.211608335895,,
2008.29,2008,29,4242.130866319868,0.03157142857142857,4486.476932145383,4014.57152931638,2009,2.5656407479502565,2009-04-15,-646.2681100581422,646.2681100581422,-0.15234516105788892,0.15234516105788892,False,5796.211608335895,,
2008.3,2008,30,3786.8516936483647,0.045,3936.514205791712,3590.4449561657857,2009,2.2902879043185305,2009-04-22,-455.27917267150315,455.27917267150315,-0.1202263012927432,0.1202263012927432,False,5796.211608335895,,
2008.31,2008,31,3254.132972548485,0.07114285714285715,3524.628422363977,3016.6012289324913,2009,1.968099621797324,2009-04-29,-532.7187210998795,532.7187210998795,-0.1637052712946389,0.1637052712946389,False,5796.211608335895,,
2008.32,2008,32,2916.7269278592967,0.093,3016.6012289324913,2750.609585858673,2009,1.7640364459693023,2009-05-06,-337.40604468918855,337.40604468918855,-0.11567968240922177,0.11567968240922177,False,5796.211608335895,,
2008.33,2008,33,2575.537430607129,0.11885714285714287,2711.725889886568,2422.732438881966,2009,1.5576850380311917,2009-05-13,-341.1894972521677,341.1894972521677,-0.1324731270442998,0.1324731270442998,False,5796.211608335895,,
2008.34,2008,34,2288.0769401908474,0.14542857142857143,2382.708424038313,2143.674667642398,2009,1.3838289334274247,2009-05-20,-287.4604904162816,287.4604904162816,-0.12563410144429174,0.12563410144429174,False,5796.211608335895,,
2008.35,2008,35,2079.7765544177373,0.1682857142857143,2122.6951751857887,2011.4414293479251,2009,1.2578488601118474,2009-05-27,-208.30038577311007,208.30038577311007,-0.10015517548298677,0.10015517548298677,False,5796.211608335895,,
2008.36,2008,36,1830.7209471939393,0.19342857142857145,1971.7538355439103,1686.0153266370185,2009,1.1072200288628946,2009-06-03,-249.055607223798,249.055607223798,-0.13604236495220157,0.13604236495220157,False,5796.211608335895,,
2008.37,2008,37,1515.1045465826303,0.22885714285714287,1638.344661979303,1399.9866758125604,2009,0.9163352297731749,2009-06-10,-315.616400611309,315.616400611309,-0.20831328196010798,0.20831328196010798,False,5796.211608335895,,
2008.38,2008,38,1243.2982919986748,0.2682857142857143,1359.127799899888,1144.3328711060205,2009,0.7519468070007985,2009-06-17,-271.8062545839555,271.8062545839555,-0.21861708998812426,0.21861708998812426,False,5796.211608335895,,
2008.39,2008,39,1049.6196566473134,0.3167142857142857,1131.2888821433105,952.2480246537352,2009,0.6348099683402951,2009-06-24,-193.67863535136144,193.67863535136144,-0.1845226831688806,0.1845226831688806,False,5796.211608335895,,
2008.4,2008,40,850.5427915728918,0.37885714285714284,927.8079295597247,756.3618280307572,2009,0.514408280343285,2009-07-01,-199.07686507442156,199.07686507442156,-0.2340586118027909,0.2340586118027909,False,5796.211608335895,,
2008.41,2008,41,686.5034312188512,0.444,736.5363360830615,632.9781565800997,2009,0.41519727520116123,2009-07-08,-164.03936035404058,164.03936035404058,-0.23894907569915158,0.23894907569915158,False,5796.211608335895,,
2008.42,2008,42,580.3679901616637,0.4964285714285714,619.3681476088757,545.4907662863702,2009,0.35100656044977413,2009-07-15,-106.13544105718756,106.13544105718756,-0.18287611111636798,0.18287611111636798,False,5796.211608335895,,
2008.43,2008,43,521.7937665589146,0.5372857142857143,542.376282140489,491.76619950541016,2009,0.3155808700148316,2009-07-22,-58.57422360274904,58.57422360274904,-0.11225550659416617,0.11225550659416617,False,5796.211608335895,,
2008.44,2008,44,472.93098942031617,0.5720000000000001,486.2783732878,458.3294938779206,2009,0.28602866240140723,2009-07-29,-48.86277713859846,48.86277713859846,-0.10331904280261024,0.10331904280261024,False,5796.211608335895,,
2008.45,2008,45,439.46168260052553,0.607,455.356964761364,420.62733135509285,2009,0.2657864256367979,2009-08-05,-33.46930681979063,33.46930681979063,-0.07615978399239536,0.07615978399239536,False,5796.211608335895,,
2008.46,2008,46,401.9053293131948,0.6507142857142857,420.62733135509285,385.83350008972036,2009,0.24307234316862017,2009-08-12,-37.55635328733075,37.55635328733075,-0.09344577080256634,0.09344577080256634,False,5796.211608335895,,
2008.47,2008,47,366.31236964265116,0.6914285714285715,381.71165647276456,348.25654132213623,2009,0.22154572115987542,2009-08-19,-35.59295967054362,35.59295967054362,-0.097165595869082,0.097165595869082,False,5796.211608335895,,
2008.48,2008,48,338.90433920425767,0.7265714285714286,345.1066751912812,330.1784061646158,2009,0.20496934435073502,2009-08-26,-27.408030438393496,27.408030438393496,-0.08087246832763234,0.08087246832763234,False,5796.211608335895,,
2008.49,2008,49,311.960424339034,0.7681428571428572,326.5922164381982,295.76546380444813,2009,0.18867366464024773,2009-09-02,-26.94391486522369,26.94391486522369,-0.08636965705605477,0.08636965705605477,False,5796.211608335895,,
2008.5,2008,50,285.2589416848653,0.8082857142857142,291.51576358890105,274.4698592828081,2009,0.17252460793100657,2009-09-09,-26.70148265416867,26.70148265416867,-0.0936043669532598,0.0936043669532598,False,5796.211608335895,,
2008.51,2008,51,267.0611074007285,0.8424285714285713,274.4698592828081,259.36784514408106,2009,0.16151855775596058,2009-09-16,-18.19783428413683,18.19783428413683,-0.06814108748838055,0.06814108748838055,False,5796.211608335895,,
2008.52,2008,52,262.69200804209135,0.8512857142857142,267.32035081816935,251.75288036056145,2009,0.15887612646385685,2009-09-23,-4.369099358637129,4.369099358637129,-0.016632022386981277,0.016632022386981277,False,5796.211608335895,,
2008.53,2008,53,246.84896506587899,0.878,246.84896506587899,246.84896506587899,2009,0.021327750581691948,2009-09-30,-15.84304297621236,15.84304297621236,-0.06418111970606874,0.06418111970606874,False,5796.211608335895,,
2009.01,2009,1,238.20203250431223,0.8915714285714286,243.54989841925496,232.1827240761327,2009,0.14406458925860807,2009-10-01,-8.646932561566757,8.646932561566757,-0.03630083450866533,0.03630083450866533,False,5149.143297912559,,
2009.02,2009,2,219.7140257025373,0.9262857142857144,232.1827240761327,216.50840662099068,2009,0.1328830427448946,2009-10-08,-18.48800680177493,18.48800680177493,-0.08414577422929367,0.08414577422929367,False,5149.143297912559,,
2009.03,2009,3,218.0619126563282,0.9294285714285716,223.27342273667512,213.4151960906308,2009,0.13188384477454732,2009-10-15,-1.6521130462091094,1.6521130462091094,-0.007576348506182677,0.007576348506182677,False,5149.143297912559,,True
2009.04,2009,4,219.4501058188187,0.9288571428571429,223.27342273667512,216.50840662099068,2009,0.1327234239992216,2009-10-22,1.3881931624905235,1.3881931624905235,0.006325780328566515,0.006325780328566515,False,5149.143297912559,,
2009.05,2009,5,225.87979108613033,0.9141428571428573,236.8493354753479,216.50840662099068,2009,0.13661209764889157,2009-10-29,6.429685267311612,6.429685267311612,0.028465075323448948,0.028465075323448948,False,5149.143297912559,,
2009.06,2009,6,252.15950941729292,0.8697142857142858,261.69606485820964,246.84896506587899,2009,0.15250607129557878,2009-11-05,26.2797183311626,26.2797183311626,0.10421862888253364,0.10421862888253364,False,5149.143297912559,,
2009.07,2009,7,277.4759631614837,0.8227142857142856,288.5215645679796,264.06621347727946,2009,0.16781746252006538,2009-11-12,25.316453744190795,25.316453744190795,0.09123836694084123,0.09123836694084123,False,5149.143297912559,,
2009.08,2009,8,315.4556513735946,0.7614285714285715,348.25654132213623,276.3852007435198,2009,0.19078757795074996,2009-11-19,37.97968821211089,37.97968821211089,0.12039628406318036,0.12039628406318036,False,5149.143297912559,,
2009.09,2009,9,379.69749218200843,0.6754285714285714,392.74254153823074,354.2401023578276,2009,0.22964104327167867,2009-11-26,64.24184080841383,64.24184080841383,0.16919216516083657,0.16919216516083657,False,5149.143297912559,,
2009.1,2009,10,414.3718700006229,0.6357142857142856,420.62733135509285,398.9332627522059,2009,0.25061210697637665,2009-12-03,34.67437781861446,34.67437781861446,0.08367937190949361,0.08367937190949361,False,5149.143297912559,,
2009.11,2009,11,435.41228851832227,0.6102857142857143,447.2117847813898,420.62733135509285,2009,0.26333735209588127,2009-12-10,21.04041851769938,21.04041851769938,0.04832297818074557,0.04832297818074557,False,5149.143297912559,,
2009.12,2009,12,473.44529821100275,0.5731428571428571,498.0565740292608,455.356964761364,2009,0.2863397163580145,2009-12-17,38.03300969268048,38.03300969268048,0.08033242665286776,0.08033242665286776,False,5149.143297912559,,
2009.13,2009,13,548.9667089908745,0.5171428571428571,569.2992874818548,512.9271834558979,2009,0.3320150655976809,2009-12-24,75.52141077987176,75.52141077987176,0.1375701104329209,0.1375701104329209,False,5149.143297912559,,
2009.14,2009,14,615.4108942186349,0.47585714285714287,648.8801579651762,580.3230981243996,2009,0.37220050882343036,2009-12-31,66.44418522776039,66.44418522776039,0.10796719046080941,0.10796719046080941,False,5149.143297912559,,
2009.15,2009,15,698.9637563337443,0.43814285714285717,721.4230392580745,669.4275098066138,2010,0.4227332798306484,2010-01-07,83.5528621151094,83.5528621151094,0.11953818972441,0.11953818972441,False,5149.143297912559,,
2009.16,2009,16,789.5698830100015,0.40085714285714286,847.8041693984164,743.1409387004387,2010,0.477531865244449,2010-01-14,90.60612667625719,90.60612667625719,0.11475377750079341,0.11475377750079341,False,5149.143297912559,,
2009.17,2009,17,899.4919825038332,0.3617142857142857,945.6617553068173,864.1346896506183,2010,0.5440127510183184,2010-01-21,109.92209949383175,109.92209949383175,0.12220464621357902,0.12220464621357902,False,5149.143297912559,,
2009.18,2009,18,1022.6976548449715,0.3258571428571429,1080.5994501120829,964.6044063585223,2010,0.6185275416502387,2010-01-28,123.20567234113821,123.20567234113821,0.1204712573236659,0.1204712573236659,False,5149.143297912559,,
2009.19,2009,19,1173.1822529650733,0.28271428571428575,1291.5761032764274,1093.4562507101136,2010,0.7095406265932764,2010-02-04,150.48459812010185,150.48459812010185,0.1282704351687648,0.1282704351687648,False,5149.143297912559,,
2009.2,2009,20,1482.68423733738,0.23371428571428574,1686.0153266370185,1359.127799899888,2010,0.8967274267416473,2010-02-11,309.50198437230665,309.50198437230665,0.20874436820621603,0.20874436820621603,False,5149.143297912559,,
2009.21,2009,21,2051.4033172520203,0.17085714285714287,2275.039686515941,1807.9212860992209,2010,1.2406887262740216,2010-02-18,568.7190799146404,568.7190799146404,0.2772341621619654,0.2772341621619654,False,5149.143297912559,,
2009.22,2009,22,2637.60960517497,0.11428571428571428,2948.3613577124956,2338.6724560938283,2010,1.5952262892098217,2010-02-25,586.2062879229497,586.2062879229497,0.22224907233156016,0.22224907233156016,False,5149.143297912559,,
2009.23,2009,23,3698.398304830877,0.05114285714285714,4244.57584088134,3108.7464955955406,2010,2.236791294761715,2010-03-04,1060.7886996559068,1060.7886996559068,0.28682381188372713,0.28682381188372713,False,5149.143297912559,,
2009.24,2009,24,4748.922729521029,0.02085714285714286,5019.068675811527,4438.039767428157,2010,2.872148466814319,2010-03-11,1050.5244246901525,1050.5244246901525,0.2212132065572916,0.2212132065572916,False,5149.143297912559,,
2009.25,2009,25,4941.557355829959,0.018142857142857145,5038.131581633158,4797.3368521495695,2010,2.9886538888059593,2010-03-18,192.6346263089299,192.6346263089299,0.03898257420439795,0.03898257420439795,True,5149.143297912559,,
2009.26,2009,26,4599.2073949262585,0.02271428571428571,4760.576988227677,4493.143066687026,2010,2.7816006324514007,2010-03-25,-342.3499609037008,342.3499609037008,-0.0744367303986712,0.0744367303986712,False,5149.143297912559,,
2009.27,2009,27,4339.900191965399,0.029,4493.143066687026,4193.756222184489,2010,2.6247716361006734,2010-04-01,-259.3072029608593,259.3072029608593,-0.059749577522755774,0.059749577522755774,False,5149.143297912559,,
2009.28,2009,28,4285.985996160724,0.030428571428571426,4468.864851570453,4170.664344844744,2010,2.5921643304780058,2010-04-08,-53.91419580467482,53.91419580467482,-0.012579181512251734,0.012579181512251734,False,5149.143297912559,,
2009.29,2009,29,4723.2566978235745,0.021,4994.710394789618,4507.654906198402,2010,2.8566256508436982,2010-04-15,437.2707016628501,437.2707016628501,0.0925782208416366,0.0925782208416366,False,5149.143297912559,,
2009.3,2009,30,5103.574220016301,0.016285714285714285,5149.143297912559,5038.131581633158,2010,3.0866416882658596,2010-04-22,380.31752219272676,380.31752219272676,0.0745198376269547,0.0745198376269547,True,5149.143297912559,True,
2009.31,2009,31,4811.086598744396,0.019857142857142858,5019.068675811527,4525.309127544389,2010,2.9097451749206105,2010-04-29,-292.4876212719055,292.4876212719055,-0.06079450354276294,0.06079450354276294,False,5149.143297912559,,
2009.32,2009,32,4248.296335674646,0.031285714285714285,4486.476932145383,4051.5459612403133,2010,2.569369623816026,2010-05-06,-562.7902630697499,562.7902630697499,-0.1324743423248926,0.1324743423248926,False,5149.143297912559,,
2009.33,2009,33,3852.313775127152,0.04285714285714286,4031.092816649905,3630.4202385983135,2010,2.3298793711969012,2010-05-13,-395.9825605474939,395.9825605474939,-0.10279083783470463,0.10279083783470463,False,5149.143297912559,,
2009.34,2009,34,3328.525982535236,0.0662857142857143,3558.245017393341,3108.7464955955406,2010,2.01309251423731,2010-05-20,-523.7877925919161,523.7877925919161,-0.15736328793592982,0.15736328793592982,False,5149.143297912559,,
2009.35,2009,35,2921.03822283852,0.09228571428571429,3096.2208421802447,2755.0912794416,2010,1.7666439171727375,2010-05-27,-407.4877596967158,407.4877596967158,-0.1395010022500628,0.1395010022500628,False,5149.143297912559,,
2009.36,2009,36,2531.065553064908,0.12242857142857144,2711.725889886568,2376.3093742150863,2010,1.5307884464936563,2010-06-03,-389.9726697736123,389.9726697736123,-0.1540745040370006,0.1540745040370006,False,5149.143297912559,,
2009.37,2009,37,2225.8724768232555,0.15242857142857144,2338.6724560938283,2136.3516959884555,2010,1.3462076739827047,2010-06-10,-305.1930762416523,305.1930762416523,-0.137111662693822,0.137111662693822,False,5149.143297912559,,
2009.38,2009,38,1958.2819878981124,0.1807142857142857,2083.1179006773305,1820.7199323683387,2010,1.1843689462807785,2010-06-17,-267.59048892514306,267.59048892514306,-0.1366455344934039,0.1366455344934039,False,5149.143297912559,,
2009.39,2009,39,1623.511177846627,0.2158571428571429,1756.4342238183276,1518.5529604884168,2010,0.9818995603616401,2010-06-24,-334.77081005148534,334.77081005148534,-0.2062017278473651,0.2062017278473651,False,5149.143297912559,,
2009.4,2009,40,1346.4507722337828,0.25242857142857145,1437.9147928703762,1213.1188910874237,2010,0.8143334270469917,2010-07-01,-277.0604056128443,277.0604056128443,-0.20577091366897637,0.20577091366897637,False,5149.143297912559,,
2009.41,2009,41,1112.606923556031,0.2988571428571429,1184.385639882299,1025.216220670923,2010,0.6729046673666875,2010-07-08,-233.8438486777518,233.8438486777518,-0.21017651762435344,0.21017651762435344,False,5149.143297912559,,
2009.42,2009,42,909.8666734556455,0.358,972.817995721604,853.8829560570023,2010,0.5502873641059743,2010-07-15,-202.74025010038554,202.74025010038554,-0.22282413018864,0.22282413018864,False,5149.143297912559,,
2009.43,2009,43,800.895623765343,0.39642857142857135,853.8829560570023,749.7799552877552,2010,0.48438167325327947,2010-07-22,-108.9710496903025,108.9710496903025,-0.13606148723598255,0.13606148723598255,False,5149.143297912559,,
2009.44,2009,44,680.974146530867,0.4462857142857143,736.5363360830615,626.3398762126964,2010,0.4118531638218683,2010-07-29,-119.92147723447601,119.92147723447601,-0.17610283421977205,0.17610283421977205,False,5149.143297912559,,
2009.45,2009,45,590.6821550004835,0.489,619.3681476088757,565.5581093921817,2010,0.35724456734429244,2010-08-05,-90.29199153038348,90.29199153038348,-0.15286053720432705,0.15286053720432705,False,5149.143297912559,,
2009.46,2009,46,534.3154461889071,0.5290000000000001,561.2429249224854,506.9513196028255,2010,0.32315398185505106,2010-08-12,-56.36670881157636,56.36670881157636,-0.10549331712871336,0.10549331712871336,False,5149.143297912559,,
2009.47,2009,47,479.5339919551349,0.5661428571428571,498.0565740292608,462.3337709519629,2010,0.29002215833446565,2010-08-19,-54.781454233772195,54.781454233772195,-0.11423893853784933,0.11423893853784933,False,5149.143297912559,,
2009.48,2009,48,442.81023430035975,0.6037142857142858,458.3294938779206,427.01120618594086,2010,0.26781162970485756,2010-08-26,-36.72375765477517,36.72375765477517,-0.08293339857602594,0.08293339857602594,False,5149.143297912559,,
2009.49,2009,49,402.8043354699249,0.6489999999999999,420.62733135509285,385.83350008972036,2010,0.2436160620922106,2010-09-02,-40.00589883043483,40.00589883043483,-0.09931844150525991,0.09931844150525991,False,5149.143297912559,,
2009.5,2009,50,368.97782984385157,0.6885714285714286,381.71165647276456,350.9059830692022,2010,0.22315779148956144,2010-09-09,-33.826505626073356,33.826505626073356,-0.09167625502157802,0.09167625502157802,False,5149.143297912559,,
2009.51,2009,51,335.7509851864498,0.7299999999999999,348.25654132213623,326.5922164381982,2010,0.20306219584076485,2010-09-16,-33.226844657401784,33.226844657401784,-0.09896276146129608,0.09896276146129608,False,5149.143297912559,,
2009.52,2009,52,308.1755647186905,0.7748571428571428,324.70403395065745,299.0775001152962,2010,0.18638458154186408,2010-09-23,-27.575420467759272,27.575420467759272,-0.08947958120213304,0.08947958120213304,False,5149.143297912559,,
2009.53,2009,53,299.0775001152962,0.789,299.0775001152962,299.0775001152962,2010,0.02584029600996159,2010-09-30,-9.098064603394334,9.098064603394334,-0.0304204248059014,0.0304204248059014,False,5149.143297912559,,
2010.01,2010,1,283.07397702237887,0.8112857142857143,295.76546380444813,271.29169628263355,2010,0.17120314130313477,2010-10-01,-16.003523092917305,16.003523092917305,-0.056534773211075216,0.056534773211075216,False,4355.928308169298,,
2010.02,2010,2,260.41786094623336,0.8594285714285714,267.32035081816935,256.64706503227126,2010,0.1575007223002819,2010-10-08,-22.65611607614551,22.65611607614551,-0.0869990867516693,0.0869990867516693,False,4355.928308169298,,
2010.03,2010,3,238.30079329999597,0.8922857142857143,251.75288036056145,232.1827240761327,2010,0.14412431978783755,2010-10-15,-22.117067646237388,22.117067646237388,-0.09281155694011599,0.09281155694011599,False,4355.928308169298,,
2010.04,2010,4,229.29310570848898,0.9077142857142856,236.8493354753479,224.7272915223594,2010,0.1386764703324941,2010-10-22,-9.007687591506993,9.007687591506993,-0.03928459847789269,0.03928459847789269,False,4355.928308169298,,True
2010.05,2010,5,232.56836170163115,0.9022857142857144,236.8493354753479,226.90799802507854,2010,0.1406573451571465,2010-10-29,3.275255993142167,3.275255993142167,0.014082981748584059,0.014082981748584059,False,4355.928308169298,,
2010.06,2010,6,232.5226604679784,0.9030000000000001,236.8493354753479,230.56839481034717,2010,0.14062970505103334,2010-11-05,-0.045701233652749806,0.045701233652749806,-0.00019654528965379486,0.00019654528965379486,False,4355.928308169298,,
2010.07,2010,7,250.20154187118183,0.8735714285714284,264.06621347727946,236.8493354753479,2010,0.15132189252369074,2010-11-12,17.678881403203434,17.678881403203434,0.07065856297682427,0.07065856297682427,False,4355.928308169298,,
2010.08,2010,8,288.9966716987047,0.8022857142857143,295.76546380444813,283.56829088636164,2010,0.1747851870433766,2010-11-19,38.79512982752286,38.79512982752286,0.1342407495542681,0.1342407495542681,False,4355.928308169298,,
2010.09,2010,9,310.6435349365292,0.7688571428571428,335.9497472014125,295.76546380444813,2010,0.18787720992961288,2010-11-26,21.646863237824505,21.646863237824505,0.069683932879039,0.069683932879039,False,4355.928308169298,,
2010.1,2010,10,362.7878190363719,0.6955714285714286,378.10994733415635,341.0310225674728,2010,0.21941407295319773,2010-12-03,52.14428409984271,52.14428409984271,0.14373217997877402,0.14373217997877402,False,4355.928308169298,,
2010.11,2010,11,400.9811027851,0.6511428571428572,420.62733135509285,385.83350008972036,2010,0.2425133709644285,2010-12-10,38.193283748728106,38.193283748728106,0.09524958528830532,0.09524958528830532,False,4355.928308169298,,
2010.12,2010,12,472.41367297372784,0.5747142857142856,517.4228266284983,432.00683512190164,2010,0.2857157894145106,2010-12-17,71.43257018862784,71.43257018862784,0.151207668776768,0.151207668776768,False,4355.928308169298,,
2010.13,2010,13,585.3971865750945,0.49400000000000005,632.9781565800997,542.376282140489,2010,0.3540482184406171,2010-12-24,112.98351360136661,112.98351360136661,0.1930031715088763,0.1930031715088763,False,4355.928308169298,,
2010.14,2010,14,727.49420674851,0.42700000000000005,811.9773687353875,648.8801579651762,2010,0.4399884962414988,2010-12-31,142.09702017341556,142.09702017341556,0.19532391990928605,0.19532391990928605,False,4355.928308169298,,
2010.15,2010,15,909.6857367564162,0.3588571428571429,998.8228236852693,824.6780740444765,2011,0.5501779335902804,2011-01-07,182.19153000790618,182.19153000790618,0.20027963795225587,0.20027963795225587,False,4355.928308169298,,
2010.16,2010,16,1187.214116614174,0.2838571428571428,1406.2236807196314,1048.5684275015017,2011,0.7180270977282525,2011-01-14,277.5283798577577,277.5283798577577,0.23376438670493851,0.23376438670493851,False,4355.928308169298,,
2010.17,2010,17,1774.7197386862651,0.20014285714285715,1957.8109425486496,1483.8916624922995,2011,1.0733504979574533,2011-01-21,587.5056220720912,587.5056220720912,0.33104135220076597,0.33104135220076597,False,4355.928308169298,,
2010.18,2010,18,2013.700700221483,0.17514285714285713,2083.1179006773305,1961.009052762252,2011,1.2178861834939527,2011-01-28,238.98096153521783,238.98096153521783,0.11867749835361967,0.11867749835361967,False,4355.928308169298,,
2010.19,2010,19,2217.7328882485235,0.15314285714285716,2353.225621696834,2109.512418989248,2011,1.3412848508127073,2011-02-04,204.03218802704055,204.03218802704055,0.09200034373308906,0.09200034373308906,False,4355.928308169298,,
2010.2,2010,20,2695.002430705337,0.10985714285714285,2995.1153580101827,2422.732438881966,2011,1.629937470090588,2011-02-11,477.26954245681327,477.26954245681327,0.17709429016429576,0.17709429016429576,False,4355.928308169298,,
2010.21,2010,21,3421.1285302835595,0.062,3676.5809233659206,3108.7464955955406,2011,2.0690985351154967,2011-02-18,726.1260995782227,726.1260995782227,0.21224753561598514,0.21224753561598514,False,4355.928308169298,,
2010.22,2010,22,3780.505758771127,0.04628571428571428,3800.223421952879,3710.58193106609,2011,2.286449882904778,2011-02-25,359.37722848756766,359.37722848756766,0.09506062189001534,0.09506062189001534,False,4355.928308169298,,
2010.23,2010,23,3799.543212372499,0.04542857142857143,3813.9700722167054,3784.096038157721,2011,2.2979637348428876,2011-03-04,19.037453601371908,19.037453601371908,0.005010458504427589,0.005010458504427589,False,4355.928308169298,,
2010.24,2010,24,3807.269778095751,0.045,3813.9700722167054,3800.223421952879,2011,2.3026367617923107,2011-03-11,7.726565723251952,7.726565723251952,0.002029424278706218,0.002029424278706218,False,4355.928308169298,,
2010.25,2010,25,3843.358059049718,0.04271428571428571,3857.302531342109,3813.9700722167054,2011,2.3244629541132693,2011-03-18,36.088280953967114,36.088280953967114,0.009389778521673843,0.009389778521673843,False,4355.928308169298,,
2010.26,2010,26,3909.272603586919,0.04028571428571428,3936.514205791712,3889.991232059012,2011,2.3643280706493686,2011-03-25,65.91454453720098,65.91454453720098,0.016861076527823017,0.016861076527823017,False,4355.928308169298,,
2010.27,2010,27,4002.835025642396,0.03728571428571429,4051.5459612403133,3952.874932613637,2011,2.4209146235085215,2011-04-01,93.56242205547687,93.56242205547687,0.02337403901387654,0.02337403901387654,False,4355.928308169298,,
2010.28,2010,28,4152.244503482686,0.03328571428571429,4244.57584088134,4065.0726986465197,2011,2.5112774757063283,2011-04-08,149.40947784029004,149.40947784029004,0.03598282271551523,0.03598282271551523,False,4355.928308169298,,
2010.29,2010,29,4331.1164879313665,0.029714285714285714,4355.928308169298,4284.908210125755,2011,2.61945925190089,2011-04-15,178.87198444868045,178.87198444868045,0.04129927813004021,0.04129927813004021,True,4355.928308169298,True,
2010.3,2010,30,4294.4133978069485,0.030571428571428572,4355.928308169298,4244.57584088134,2011,2.597261222993642,2011-04-22,-36.70309012441794,36.70309012441794,-0.00854670631922891,0.00854670631922891,False,4355.928308169298,,
2010.31,2010,31,4115.341147628342,0.034,4227.594997479667,4048.54698771375,2011,2.488958326085621,2011-04-29,-179.07225017860674,179.07225017860674,-0.0435133428201464,0.0435133428201464,False,4355.928308169298,,
2010.32,2010,32,3945.8117627138063,0.039142857142857146,4018.5381510316633,3857.302531342109,2011,2.38642695408931,2011-05-06,-169.5293849145355,169.5293849145355,-0.042964387332541806,0.042964387332541806,False,4355.928308169298,,
2010.33,2010,33,3620.309806338733,0.052142857142857144,3846.3561435461793,3465.6682919300456,2011,2.1895633708736657,2011-05-13,-325.5019563750734,325.5019563750734,-0.0899099728440804,0.0899099728440804,False,4355.928308169298,,
2010.34,2010,34,3198.5030819715835,0.07457142857142858,3411.254881154899,3030.805345924814,2011,1.9344546639764133,2011-05-20,-421.8067243671494,421.8067243671494,-0.1318762913641291,0.1318762913641291,False,4355.928308169298,,
2010.35,2010,35,2778.5348007773086,0.10328571428571429,2948.3613577124956,2593.551895676053,2011,1.6804578475101162,2011-05-27,-419.9682811942748,419.9682811942748,-0.15114738929193425,0.15114738929193425,False,4355.928308169298,,
2010.36,2010,36,2363.735432582898,0.138,2553.043283719102,2201.9291195685187,2011,1.4295871896261367,2011-06-03,-414.7993681944108,414.7993681944108,-0.17548468516256568,0.17548468516256568,False,4355.928308169298,,
2010.37,2010,37,2031.50933106867,0.17314285714285713,2162.373750043032,1890.32961771208,2011,1.2286568434303315,2011-06-10,-332.2261015142278,332.2261015142278,-0.16353658653364944,0.16353658653364944,False,4355.928308169298,,
2010.38,2010,38,1669.766333552616,0.21071428571428572,1820.7199323683387,1498.8168407146884,2011,1.0098746785326225,2011-06-17,-361.74299751605395,361.74299751605395,-0.21664288604166845,0.21664288604166845,False,4355.928308169298,,
2010.39,2010,39,1348.3597494311446,0.2515714285714286,1460.2532901744794,1222.3332346395625,2011,0.8154879764559562,2011-06-24,-321.4065841214715,321.4065841214715,-0.23836856911300472,0.23836856911300472,False,4355.928308169298,,
2010.4,2010,40,1133.0109490725297,0.2927142857142857,1203.6906406989826,1080.5994501120829,2011,0.685245021999066,2011-07-01,-215.34880035861488,215.34880035861488,-0.19006771340991632,0.19006771340991632,False,4355.928308169298,,
2010.41,2010,41,969.777388978176,0.33999999999999997,1062.2782119849837,892.2686145956026,2011,0.5865213648540009,2011-07-08,-163.23356009435372,163.23356009435372,-0.1683206496145964,0.1683206496145964,False,4355.928308169298,,
2010.42,2010,42,814.9113554436169,0.3914285714285714,869.7507435242177,749.7799552877552,2011,0.4928583877722995,2011-07-15,-154.86603353455905,154.86603353455905,-0.19004034303860443,0.19004034303860443,False,4355.928308169298,,
2010.43,2010,43,688.499597606821,0.44328571428571434,730.838355832333,648.8801579651762,2011,0.41640455663260534,2011-07-22,-126.41175783679591,126.41175783679591,-0.18360469385340938,0.18360469385340938,False,4355.928308169298,,
2010.44,2010,44,605.387614142489,0.48085714285714287,638.8169912755377,572.8783627367172,2011,0.36613842903337734,2011-07-29,-83.11198346433196,83.11198346433196,-0.13728722148050096,0.13728722148050096,False,4355.928308169298,,
2010.45,2010,45,549.7316231317271,0.5177142857142858,569.2992874818548,531.054971590973,2011,0.3324776856700686,2011-08-05,-55.65599101076191,55.65599101076191,-0.10124211282170605,0.10124211282170605,False,4355.928308169298,,
2010.46,2010,46,497.9504810737316,0.5521428571428572,517.4228266284983,472.2508910064285,2011,0.3011604509533929,2011-08-12,-51.78114205799551,51.78114205799551,-0.10398853706565306,0.10398853706565306,False,4355.928308169298,,
2010.47,2010,47,462.189059831324,0.5841428571428572,475.0058701801551,447.2117847813898,2011,0.27953194338598486,2011-08-19,-35.76142124240761,35.76142124240761,-0.07737401066018038,0.07737401066018038,False,4355.928308169298,,
2010.48,2010,48,426.8656182173858,0.6211428571428571,444.2933536292678,410.1421567276903,2011,0.258168325897875,2011-08-26,-35.3234416139382,35.3234416139382,-0.08275073022149412,0.08275073022149412,False,4355.928308169298,,
2010.49,2010,49,393.8686631282135,0.6589999999999999,410.1421567276903,381.71165647276456,2011,0.2382117674599435,2011-09-02,-32.99695508917233,32.99695508917233,-0.08377654324439375,0.08377654324439375,False,4355.928308169298,,
2010.5,2010,50,364.4796078770156,0.6940000000000001,378.10994733415635,350.9059830692022,2011,0.22043726684401901,2011-09-09,-29.389055251197874,29.389055251197874,-0.08063292051475886,0.08063292051475886,False,4355.928308169298,,
2010.51,2010,51,340.52796171828805,0.7225714285714285,348.25654132213623,332.29921540990034,2011,0.2059513112472206,2011-09-16,-23.951646158727556,23.951646158727556,-0.07033679712487831,0.07033679712487831,False,4355.928308169298,,
2010.52,2010,52,319.7558634396741,0.7568571428571428,330.1784061646158,305.4007919880862,2011,0.19338834620831488,2011-09-23,-20.772098278613953,20.772098278613953,-0.06496236864952085,0.06496236864952085,False,4355.928308169298,,
2010.53,2010,53,299.0775001152962,0.789,299.0775001152962,299.0775001152962,2011,0.02584029600996159,2011-09-30,-20.678363324377926,20.678363324377926,-0.06914048471184323,0.06914048471184323,False,4355.928308169298,,
2011.01,2011,1,293.08867827752186,0.7945714285714286,295.76546380444813,288.5215645679796,2011,0.17726003262224524,2011-10-01,-5.98882183777431,5.98882183777431,-0.020433480654969458,0.020433480654969458,False,3544.1893469576416,,
2011.02,2011,2,286.5466078987469,0.8072857142857144,291.51576358890105,283.56829088636164,2011,0.17330338845716212,2011-10-08,-6.542070378774952,6.542070378774952,-0.022830737473209364,0.022830737473209364,False,3544.1893469576416,,
2011.03,2011,3,277.6672197157949,0.8214285714285715,288.5215645679796,267.32035081816935,2011,0.16793313448411276,2011-10-15,-8.879388182952027,8.879388182952027,-0.03197852520020364,0.03197852520020364,False,3544.1893469576416,,
2011.04,2011,4,253.4279254975516,0.8682857142857143,264.06621347727946,243.54989841925496,2011,0.1532732093409192,2011-10-22,-24.239294218243288,24.239294218243288,-0.09564571138186374,0.09564571138186374,False,3544.1893469576416,,
2011.05,2011,5,246.36490278057454,0.878857142857143,251.75288036056145,243.54989841925496,2011,0.14900149320169145,2011-10-29,-7.063022716977059,7.063022716977059,-0.028668948528223423,0.028668948528223423,False,3544.1893469576416,,True
2011.06,2011,6,260.9590923359653,0.8564285714285715,271.29169628263355,256.64706503227126,2011,0.15782805904479186,2011-11-05,14.594189555390756,14.594189555390756,0.05592520047778918,0.05592520047778918,False,3544.1893469576416,,
2011.07,2011,7,303.3287484311436,0.7828571428571428,324.70403395065745,271.29169628263355,2011,0.1834532270511557,2011-11-12,42.3696560951783,42.3696560951783,0.13968229623575004,0.13968229623575004,False,3544.1893469576416,,
2011.08,2011,8,317.1910799234632,0.7588571428571428,326.5922164381982,312.12360204404035,2011,0.19183716513771054,2011-11-19,13.862331492319584,13.862331492319584,0.04370340898509663,0.04370340898509663,False,3544.1893469576416,,
2011.09,2011,9,366.2006995827813,0.6918571428571428,414.8228382295926,340.02150776834037,2011,0.22147818310766612,2011-11-26,49.009619659318105,49.009619659318105,0.1338326762214152,0.1338326762214152,False,3544.1893469576416,,
2011.1,2011,10,427.9437641181363,0.6210000000000001,458.3294938779206,398.9332627522059,2011,0.25882038853864886,2011-12-03,61.74306453535502,61.74306453535502,0.1442784536482006,0.1442784536482006,False,3544.1893469576416,,
2011.11,2011,11,481.8417046361506,0.5654285714285715,512.9271834558979,462.3337709519629,2011,0.2914178629639439,2011-12-10,53.89794051801431,53.89794051801431,0.11185818910945836,0.11185818910945836,False,3544.1893469576416,,
2011.12,2011,12,542.5434034086778,0.5235714285714286,561.2429249224854,517.4228266284983,2011,0.3281302503815684,2011-12-17,60.70169877252721,60.70169877252721,0.11188358091012097,0.11188358091012097,False,3544.1893469576416,,
2011.13,2011,13,578.4212448961129,0.49614285714285716,600.239619356876,561.2429249224854,2011,0.349829168913169,2011-12-24,35.877841487435035,35.877841487435035,0.062027184865726816,0.062027184865726816,False,3544.1893469576416,,
2011.14,2011,14,645.624238706705,0.4638571428571429,677.7424369637166,604.3206888705944,2011,0.3904735395698152,2011-12-31,67.20299381059215,67.20299381059215,0.10408994858249306,0.10408994858249306,False,3544.1893469576416,,
2011.15,2011,15,735.1558398660493,0.42257142857142854,785.9428565199106,689.5820056512672,2012,0.4446222519509866,2012-01-07,89.53160115934429,89.53160115934429,0.12178588035926859,0.12178588035926859,False,3544.1893469576416,,
2011.16,2011,16,850.7773504922167,0.3792857142857143,892.2686145956026,785.9428565199106,2012,0.5145501415776927,2012-01-14,115.62151062616738,115.62151062616738,0.13590102105947535,0.13590102105947535,False,3544.1893469576416,,
2011.17,2011,17,961.2267065987869,0.3427142857142857,1025.216220670923,926.1729423484887,2012,0.5813499121509463,2012-01-21,110.44935610657024,110.44935610657024,0.1149045853057758,0.1149045853057758,False,3544.1893469576416,,
2011.18,2011,18,1092.674308538293,0.3047142857142857,1184.385639882299,1036.4396243152978,2012,0.6608494218039598,2012-01-28,131.44760193950606,131.44760193950606,0.1202989773918524,0.1202989773918524,False,3544.1893469576416,,
2011.19,2011,19,1267.0132040484243,0.26499999999999996,1390.4810800453631,1144.3328711060205,2012,0.766289585808487,2012-02-04,174.33889551013135,174.33889551013135,0.1375983256946928,0.1375983256946928,False,3544.1893469576416,,
2011.2,2011,20,1594.2388512001755,0.21971428571428572,1718.4649180456272,1437.9147928703762,2012,0.9641956572058661,2012-02-11,327.2256471517512,327.2256471517512,0.20525509518564866,0.20525509518564866,False,3544.1893469576416,,
2011.21,2011,21,1821.4556172095247,0.1942857142857143,1901.8172747918168,1747.536546789699,2012,1.1016163572883206,2012-02-18,227.21676600934916,227.21676600934916,0.1247446074790699,0.1247446074790699,False,3544.1893469576416,,
2011.22,2011,22,1949.7062901012212,0.18185714285714286,1975.237641011956,1901.8172747918168,2012,1.1791823642532184,2012-02-25,128.25067289169647,128.25067289169647,0.06577948357803072,0.06577948357803072,False,3544.1893469576416,,
2011.23,2011,23,2090.7088297885575,0.16728571428571426,2173.774352151517,2005.5202399564787,2012,1.26446070025612,2012-03-03,141.00253968733637,141.00253968733637,0.06744245668183099,0.06744245668183099,False,3544.1893469576416,,
2011.24,2011,24,2264.980188276862,0.148,2332.398222796241,2179.5894423479353,2012,1.3698600178698461,2012-03-10,174.2713584883045,174.2713584883045,0.07694167012599153,0.07694167012599153,False,3544.1893469576416,,
2011.25,2011,25,2441.5250711193708,0.12928571428571428,2510.882305616489,2376.3093742150863,2012,1.4766343630129954,2012-03-17,176.54488284250874,176.54488284250874,0.0723092647832479,0.0723092647832479,False,3544.1893469576416,,
2011.26,2011,26,2613.371896684929,0.11599999999999999,2698.650029435892,2553.043283719102,2012,1.580567323115045,2012-03-24,171.84682556555845,171.84682556555845,0.06575674353257824,0.06575674353257824,False,3544.1893469576416,,
2011.27,2011,27,2769.240930261868,0.10328571428571429,2840.655756944589,2711.725889886568,2012,1.6748369146223772,2012-03-31,155.86903357693882,155.86903357693882,0.05628583337535725,0.05628583337535725,False,3544.1893469576416,,
2011.28,2011,28,2985.146486663688,0.08828571428571429,3110.454501609306,2896.6072356138507,2012,1.8054165951341985,2012-04-07,215.90555640181992,215.90555640181992,0.07232662027354111,0.07232662027354111,False,3544.1893469576416,,
2011.29,2011,29,3305.0825281757884,0.06857142857142857,3465.6682919300456,3138.65846664605,2012,1.9989139130407167,2012-04-14,319.9360415121005,319.9360415121005,0.0968012262279836,0.0968012262279836,False,3544.1893469576416,,
2011.3,2011,30,3523.6836834666688,0.05528571428571428,3544.1893469576416,3483.480329502967,2012,2.131123891760641,2012-04-21,218.60115529088034,218.60115529088034,0.062037678443320504,0.062037678443320504,True,3544.1893469576416,True,
2011.31,2011,31,3458.2457897045892,0.05957142857142857,3498.793988605936,3367.2754716645045,2012,2.0915470536133354,2012-04-28,-65.43789376207951,65.43789376207951,-0.018922279601089127,0.018922279601089127,False,3544.1893469576416,,
2011.32,2011,32,3183.031277311567,0.07471428571428572,3329.5178406917858,3040.0319515766673,2012,1.9250973165180354,2012-05-05,-275.21451239302223,275.21451239302223,-0.08646302483884867,0.08646302483884867,False,3544.1893469576416,,
2011.33,2011,33,2840.4258844320766,0.09871428571428571,2995.1153580101827,2698.650029435892,2012,1.71788957490452,2012-05-12,-342.6053928794904,342.6053928794904,-0.12061761398431699,0.12061761398431699,False,3544.1893469576416,,
2011.34,2011,34,2514.0907700976713,0.12357142857142857,2653.704185178533,2353.225621696834,2012,1.5205220977550715,2012-05-19,-326.33511433440526,326.33511433440526,-0.12980243920219606,0.12980243920219606,False,3544.1893469576416,,
2011.35,2011,35,2205.9443044537675,0.15457142857142855,2320.512862782941,2106.3680095481427,2012,1.3341551153336384,2012-05-26,-308.14646564390387,308.14646564390387,-0.13968914129960622,0.13968914129960622,False,3544.1893469576416,,
2011.36,2011,36,1910.309700830025,0.1852857142857143,2071.4468740694074,1756.4342238183276,2012,1.155355307061999,2012-06-02,-295.6346036237426,295.6346036237426,-0.15475742152976035,0.15475742152976035,False,3544.1893469576416,,
2011.37,2011,37,1547.9912156152352,0.22499999999999995,1718.4649180456272,1406.2236807196314,2012,0.9362250872040944,2012-06-09,-362.3184852147897,362.3184852147897,-0.2340571971984928,0.2340571971984928,False,3544.1893469576416,,
2011.38,2011,38,1227.2829270016866,0.2725714285714286,1371.8519748311928,1130.3033989808528,2012,0.7422607142506203,2012-06-16,-320.7082886135486,320.7082886135486,-0.26131569303017593,0.26131569303017593,False,3544.1893469576416,,
2011.39,2011,39,1005.6337998259995,0.3304285714285714,1093.4562507101136,892.2686145956026,2012,0.6082073221347646,2012-06-23,-221.6491271756871,221.6491271756871,-0.2204073960263051,0.2204073960263051,False,3544.1893469576416,,
2011.4,2011,40,787.5030715291615,0.4014285714285714,853.8829560570023,721.4230392580745,2012,0.47628185766083686,2012-06-30,-218.13072829683802,218.13072829683802,-0.2769903206514167,0.2769903206514167,False,3544.1893469576416,,
2011.41,2011,41,651.8156591409609,0.4591428571428571,708.2803075785097,604.3206888705944,2012,0.3942181106484531,2012-07-07,-135.68741238820064,135.68741238820064,-0.20816838393699444,0.20816838393699444,False,3544.1893469576416,,
2011.42,2011,42,566.2693501266732,0.5048571428571429,595.6661341686022,542.376282140489,2012,0.3424797029566119,2012-07-14,-85.54630901428766,85.54630901428766,-0.1510699969813855,0.1510699969813855,False,3544.1893469576416,,
2011.43,2011,43,514.4540551054467,0.5422857142857143,526.2881641708102,493.9073091120395,2012,0.3111418125277742,2012-07-21,-51.81529502122646,51.81529502122646,-0.10071899425616535,0.10071899425616535,False,3544.1893469576416,,
2011.44,2011,44,469.1949970307913,0.5761428571428571,481.566763323433,462.3337709519629,2012,0.28376913420422256,2012-07-28,-45.25905807465546,45.25905807465546,-0.09646108411442694,0.09646108411442694,False,3544.1893469576416,,
2011.45,2011,45,439.9237288557877,0.6054285714285713,447.2117847813898,432.00683512190164,2012,0.2660658712119804,2012-08-04,-29.27126817500357,29.27126817500357,-0.06653714327057599,0.06653714327057599,False,3544.1893469576416,,
2011.46,2011,46,415.025124886542,0.6347142857142857,432.00683512190164,398.9332627522059,2012,0.2510071955313806,2012-08-11,-24.8986039692457,24.8986039692457,-0.059993003980306936,0.059993003980306936,False,3544.1893469576416,,
2011.47,2011,47,382.94495587288213,0.6725714285714287,392.74254153823074,373.53428997260454,2012,0.23160510931191905,2012-08-18,-32.080169013659884,32.080169013659884,-0.08377227202415179,0.08377227202415179,False,3544.1893469576416,,
2011.48,2011,48,350.99855703516096,0.7094285714285714,366.2328823662496,340.02150776834037,2012,0.21228392729486537,2012-08-25,-31.946398837721176,31.946398837721176,-0.09101575547081515,0.09101575547081515,False,3544.1893469576416,,
2011.49,2011,49,327.9442779725945,0.7431428571428572,340.02150776834037,312.3673714773974,2012,0.19834069931782514,2012-09-01,-23.05427906256648,23.05427906256648,-0.07029937892221151,0.07029937892221151,False,3544.1893469576416,,
2011.5,2011,50,303.42200396382435,0.7804285714285715,312.3673714773974,291.51576358890105,2012,0.18350962799732098,2012-09-08,-24.522274008770125,24.522274008770125,-0.08081903648521749,0.08081903648521749,False,3544.1893469576416,,
2011.51,2011,51,281.4236080316087,0.8145714285714284,288.5215645679796,274.4698592828081,2012,0.17020499813751697,2012-09-15,-21.998395932215658,21.998395932215658,-0.07816826770888696,0.07816826770888696,False,3544.1893469576416,,
2011.52,2011,52,265.5486078721538,0.8462857142857143,274.4698592828081,256.64706503227126,2012,0.1606037980410786,2012-09-22,-15.875000159454885,15.875000159454885,-0.05978189939183478,0.05978189939183478,False,3544.1893469576416,,
2011.53,2011,53,254.19997269641635,0.8705,256.64706503227126,251.75288036056145,2012,0.043925755281940745,2012-09-29,-11.348635175737456,11.348635175737456,-0.04464451768171825,0.04464451768171825,False,3544.1893469576416,,
2012.01,2012,1,246.84896506587896,0.878,246.84896506587899,246.84896506587899,2012,0.14929425407184363,2012-10-01,-7.351007630537396,7.351007630537396,-0.029779373912204015,0.029779373912204015,False,3614.802471283304,,
2012.02,2012,2,244.93240884039685,0.8807142857142856,246.84896506587899,240.03120478075203,2012,0.14813512086667202,2012-10-08,-1.9165562254821111,1.9165562254821111,-0.007824837205316426,0.007824837205316426,False,3614.802471283304,,
2012.03,2012,3,233.17456169050595,0.9018571428571429,240.03120478075203,224.7272915223594,2012,0.141023974910418,2012-10-15,-11.757847149890893,11.757847149890893,-0.05042508524363458,0.05042508524363458,False,3614.802471283304,,
2012.04,2012,4,224.62342994112376,0.9168571428571429,226.90799802507854,223.27342273667512,2012,0.13585225042839166,2012-10-22,-8.551131749382193,8.551131749382193,-0.03806874354836242,0.03806874354836242,False,3614.802471283304,,True
2012.05,2012,5,233.6059315999201,0.9001428571428571,243.54989841925496,226.90799802507854,2012,0.14128486743163166,2012-10-29,8.982501658796338,8.982501658796338,0.038451513612162966,0.038451513612162966,False,3614.802471283304,,
2012.06,2012,6,260.7042462528604,0.8561428571428571,264.06621347727946,259.36784514408106,2012,0.15767392813373,2012-11-05,27.098314652940303,27.098314652940303,0.10394274371218833,0.10394274371218833,False,3614.802471283304,,
2012.07,2012,7,300.1520580660678,0.7871428571428573,330.1784061646158,267.32035081816935,2012,0.18153196471835786,2012-11-12,39.44781181320741,39.44781181320741,0.13142609138640113,0.13142609138640113,False,3614.802471283304,,
2012.08,2012,8,317.28524162771726,0.7588571428571429,330.1784061646158,299.0775001152962,2012,0.1918941141364434,2012-11-19,17.133183561649446,17.133183561649446,0.05399930823682136,0.05399930823682136,False,3614.802471283304,,
2012.09,2012,9,339.2805606957777,0.7247142857142858,348.25654132213623,332.29921540990034,2012,0.20519688310880635,2012-11-26,21.99531906806044,21.99531906806044,0.06482929355856304,0.06482929355856304,False,3614.802471283304,,
2012.1,2012,10,384.3766525108844,0.6705714285714287,410.1421567276903,354.2401023578276,2012,0.23247099943858288,2012-12-03,45.09609181510672,45.09609181510672,0.11732266130245704,0.11732266130245704,False,3614.802471283304,,
2012.11,2012,11,441.7873573144254,0.6044285714285714,475.0058701801551,414.8228382295926,2012,0.2671929937037645,2012-12-10,57.410704803540966,57.410704803540966,0.12995099079460773,0.12995099079460773,False,3614.802471283304,,
2012.12,2012,12,528.8879480738957,0.5320000000000001,561.2429249224854,475.0058701801551,2012,0.3198714309950921,2012-12-17,87.10059075947032,87.10059075947032,0.16468628388427697,0.16468628388427697,False,3614.802471283304,,
2012.13,2012,13,660.2881119294346,0.4557142857142857,721.4230392580745,595.6661341686022,2012,0.3993422500949221,2012-12-24,131.40016385553895,131.40016385553895,0.1990042853741122,0.1990042853741122,False,3614.802471283304,,
2012.14,2012,14,789.2824398852615,0.4012857142857143,869.7507435242177,736.5363360830615,2012,0.47735801964260627,2012-12-31,128.99432795582686,128.99432795582686,0.16343240573625184,0.16343240573625184,False,3614.802471283304,,
2012.15,2012,15,935.1770776570187,0.3492857142857143,972.817995721604,906.8767194245501,2013,0.5655950965669649,2013-01-07,145.89463777175717,145.89463777175717,0.15600749981733922,0.15600749981733922,False,3614.802471283304,,
2012.16,2012,16,1074.9699130890838,0.30957142857142855,1144.3328711060205,989.8995991176027,2013,0.650141803436278,2013-01-14,139.7928354320651,139.7928354320651,0.13004348654777684,0.13004348654777684,False,3614.802471283304,,
2012.17,2012,17,1498.8888866463963,0.23357142857142854,1890.32961771208,1198.5959677028122,2013,0.9065279986437406,2013-01-21,423.9189735573125,423.9189735573125,0.28282214734795047,0.28282214734795047,False,3614.802471283304,,
2012.18,2012,18,2304.494825988128,0.14500000000000002,2632.6923900235674,2005.5202399564787,2013,1.3937584707576198,2013-01-28,805.6059393417318,805.6059393417318,0.3495802768818549,0.3495802768818549,False,3614.802471283304,,
2012.19,2012,19,2760.755717047831,0.10442857142857143,2910.2733186044848,2684.4461330713057,2013,1.6697050576705277,2013-02-04,456.2608910597028,456.2608910597028,0.16526666529829664,0.16526666529829664,False,3614.802471283304,,
2012.2,2012,20,3179.890080773159,0.07528571428571429,3390.613276243302,2995.1153580101827,2013,1.9231975208516068,2013-02-11,419.13436372532806,419.13436372532806,0.13180781507498512,0.13180781507498512,False,3614.802471283304,,
2012.21,2012,21,3484.814969317926,0.057571428571428565,3511.6145166797996,3441.8353647581307,2013,2.107616093443482,2013-02-18,304.9248885447673,304.9248885447673,0.08750102694963156,0.08750102694963156,False,3614.802471283304,,
2012.22,2012,22,3527.615889890331,0.055,3528.8108769008727,3524.628422363977,2013,2.1335020902056723,2013-02-25,42.80092057240472,42.80092057240472,0.01213310119592849,0.01213310119592849,False,3614.802471283304,,
2012.23,2012,23,3585.990144038814,0.052,3614.802471283304,3558.245017393341,2013,2.168806839114675,2013-03-04,58.37425414848303,58.37425414848303,0.016278420130496376,0.016278420130496376,True,3614.802471283304,True,
2012.24,2012,24,3506.7890984742908,0.056285714285714286,3544.1893469576416,3457.099437235209,2013,2.1209060467572507,2013-03-11,-79.20104556452316,79.20104556452316,-0.02258506096046135,0.02258506096046135,False,3614.802471283304,,
2012.25,2012,25,3252.6673670081123,0.07071428571428572,3411.254881154899,3156.889384936383,2013,1.967213223566506,2013-03-18,-254.12173146617852,254.12173146617852,-0.0781271808005152,0.0781271808005152,False,3614.802471283304,,
2012.26,2012,26,3105.563702394747,0.07885714285714286,3138.65846664605,3056.4607789066054,2013,1.878244927208343,2013-03-25,-147.10366461336525,147.10366461336525,-0.047367782055132666,0.047367782055132666,False,3614.802471283304,,
2012.27,2012,27,3007.6708344974827,0.08628571428571429,3040.0319515766673,2995.1153580101827,2013,1.8190393207040776,2013-04-01,-97.8928678972643,97.8928678972643,-0.03254773320752039,0.03254773320752039,False,3614.802471283304,,
2012.28,2012,28,3015.3942154926885,0.08557142857142856,3056.4607789066054,2995.1153580101827,2013,1.8237104215299778,2013-04-08,7.723380995205844,7.723380995205844,0.0025613171755534164,0.0025613171755534164,False,3614.802471283304,,
2012.29,2012,29,3077.5915398864895,0.08057142857142859,3096.2208421802447,3040.0319515766673,2013,1.861327363323349,2013-04-15,62.197324393800955,62.197324393800955,0.02020973985264301,0.02020973985264301,True,3614.802471283304,,
2012.3,2012,30,3043.1782072515266,0.08328571428571428,3071.4821003626753,2975.5243947206422,2013,1.8405141797457232,2013-04-22,-34.4133326349629,34.4133326349629,-0.011308352745481707,0.011308352745481707,False,3614.802471283304,,
2012.31,2012,31,2865.2504680503357,0.09685714285714285,2962.724728490661,2750.609585858673,2013,1.7329034830768428,2013-04-29,-177.9277392011909,177.9277392011909,-0.06209849407066395,0.06209849407066395,False,3614.802471283304,,
2012.32,2012,32,2589.0559181645044,0.11785714285714285,2711.725889886568,2479.231876484325,2013,1.5658610193058922,2013-05-06,-276.1945498858313,276.1945498858313,-0.10667770747942662,0.10667770747942662,False,3614.802471283304,,
2012.33,2012,33,2272.633944812293,0.14671428571428574,2397.275442718699,2157.8508363807573,2013,1.3744890098224745,2013-05-13,-316.42197335221135,316.42197335221135,-0.1392313857119414,0.1392313857119414,False,3614.802471283304,,
2012.34,2012,34,1986.7180665910903,0.17785714285714288,2109.512418989248,1850.5299978167786,2013,1.2015670866742916,2013-05-20,-285.9158782212028,285.9158782212028,-0.14391366496796976,0.14391366496796976,False,3614.802471283304,,
2012.35,2012,35,1627.7126782282014,0.21571428571428575,1788.450572471084,1483.8916624922995,2013,0.9844406277924164,2013-05-27,-359.0053883628889,359.0053883628889,-0.22055820610408564,0.22055820610408564,False,3614.802471283304,,
2012.36,2012,36,1277.605977682734,0.26485714285714285,1448.5764992307227,1120.7403562362797,2013,0.7726960953025176,2013-06-03,-350.10670054546745,350.10670054546745,-0.27403339265872545,0.27403339265872545,False,3614.802471283304,,
2012.37,2012,37,1010.5883871228887,0.32742857142857146,1086.9790649487443,958.3904946021601,2013,0.6112038565319229,2013-06-10,-267.0175905598453,267.0175905598453,-0.2642199276799879,0.2642199276799879,False,3614.802471283304,,
2012.38,2012,38,861.5604074113734,0.37457142857142856,933.7145989148456,798.2270082331329,2013,0.5210717344023987,2013-06-17,-149.0279797115153,149.0279797115153,-0.17297449886222335,0.17297449886222335,False,3614.802471283304,,
2012.39,2012,39,719.3622818375139,0.43000000000000005,783.0277134245151,657.6800383444725,2013,0.43507030805532837,2013-06-24,-142.19812557385944,142.19812557385944,-0.19767247903328142,0.19767247903328142,False,3614.802471283304,,
2012.4,2012,40,601.7937484046206,0.4844285714285715,638.8169912755377,561.2429249224854,2013,0.36396485903511455,2013-07-01,-117.56853343289333,117.56853343289333,-0.19536350077509484,0.19536350077509484,False,3614.802471283304,,
2012.41,2012,41,534.4258419749838,0.5294285714285715,553.7256467564458,517.3663314792649,2013,0.32322074922647026,2013-07-08,-67.36790642963683,67.36790642963683,-0.126056603439454,0.126056603439454,False,3614.802471283304,,
2012.42,2012,42,474.6059458389239,0.5724285714285715,512.9271834558979,458.3294938779206,2013,0.2870416760433812,2013-07-15,-59.81989613605987,59.81989613605987,-0.12604118566260458,0.12604118566260458,False,3614.802471283304,,
2012.43,2012,43,424.2240227042335,0.6242857142857142,447.2117847813898,410.1421567276903,2013,0.25657068893152046,2013-07-22,-50.381923134690396,50.381923134690396,-0.11876254157774647,0.11876254157774647,False,3614.802471283304,,
2012.44,2012,44,406.59610914108555,0.6445714285714285,410.1421567276903,398.9332627522059,2013,0.24590932680852856,2013-07-29,-17.627913563147956,17.627913563147956,-0.04335485059211723,0.04335485059211723,False,3614.802471283304,,
2012.45,2012,45,381.099716618742,0.6755714285714287,392.74254153823074,373.53428997260454,2013,0.2304891086110151,2013-08-05,-25.49639252234357,25.49639252234357,-0.06690215555276981,0.06690215555276981,False,3614.802471283304,,
2012.46,2012,46,352.55348207814126,0.7068571428571427,366.2328823662496,341.0310225674728,2013,0.21322434596085982,2013-08-12,-28.54623454060072,28.54623454060072,-0.0809699407089493,0.0809699407089493,False,3614.802471283304,,
2012.47,2012,47,336.61362539895254,0.7298571428571429,341.0310225674728,330.1784061646158,2013,0.20358392064128647,2013-08-19,-15.939856679188722,15.939856679188722,-0.04735356942339127,0.04735356942339127,False,3614.802471283304,,
2012.48,2012,48,312.2380440002517,0.7671428571428571,326.5922164381982,299.0775001152962,2013,0.18884156901135224,2013-08-26,-24.37558139870083,24.37558139870083,-0.07806730110915369,0.07806730110915369,False,3614.802471283304,,
2012.49,2012,49,291.51973307224296,0.798,299.0775001152962,276.3852007435198,2013,0.17631113456209258,2013-09-02,-20.718310928008748,20.718310928008748,-0.07107001200112392,0.07107001200112392,False,3614.802471283304,,
2012.5,2012,50,268.36693943873786,0.8388571428571429,276.3852007435198,259.36784514408106,2013,0.16230832497254868,2013-09-09,-23.152793633505098,23.152793633505098,-0.08627289815178729,0.08627289815178729,False,3614.802471283304,,
2012.51,2012,51,256.80345804710265,0.8634285714285715,259.36784514408106,251.75288036056145,2013,0.15531473142688765,2013-09-16,-11.563481391635207,11.563481391635207,-0.045028526794659615,0.045028526794659615,False,3614.802471283304,,
2012.52,2012,52,241.01776755428628,0.8882857142857145,246.84896506587899,234.7386552171941,2013,0.14576754581683232,2013-09-23,-15.785690492816371,15.785690492816371,-0.06549596178323591,0.06549596178323591,False,3614.802471283304,,
2012.53,2012,53,232.1827240761327,0.903,232.1827240761327,232.1827240761327,2013,0.020060587360177868,2013-09-30,-8.83504347815358,8.83504347815358,-0.03805211396889533,0.03805211396889533,False,3614.802471283304,,
2013.01,2013,1,229.61428648198748,0.9080000000000001,232.1827240761327,223.27342273667512,2013,0.13887072046430604,2013-10-01,-2.568437594145223,2.568437594145223,-0.011185878864496129,0.011185878864496129,False,3574.946118586839,,
2013.02,2013,2,213.3223505158684,0.9351428571428572,223.27342273667512,200.55260733721147,2013,0.12901735759199723,2013-10-08,-16.29193596611907,16.29193596611907,-0.07637238164084059,0.07637238164084059,False,3574.946118586839,,
2013.03,2013,3,200.32140272057856,0.9562857142857143,200.55260733721147,200.0131298984013,2013,0.1211543843654059,2013-10-15,-13.000947795289846,13.000947795289846,-0.06490044308158335,0.06490044308158335,False,3574.946118586839,,
2013.04,2013,4,195.63190008260116,0.9637142857142857,196.05963252615788,195.0615901578589,2013,0.1183181731699572,2013-10-22,-4.689502637977398,4.689502637977398,-0.023971052962207907,0.023971052962207907,False,3574.946118586839,,True
2013.05,2013,5,212.73494849166744,0.9355714285714286,223.27342273667512,204.27816865519603,2013,0.12866209684776045,2013-10-29,17.103048409066275,17.103048409066275,0.08039604461011342,0.08039604461011342,False,3574.946118586839,,
2013.06,2013,6,223.27342273667506,0.921,223.27342273667512,223.27342273667512,2013,0.13503576607114112,2013-11-05,10.53847424500762,10.53847424500762,0.04719985977657771,0.04719985977657771,False,3574.946118586839,,
2013.07,2013,7,243.79426783726385,0.8851428571428571,250.4856027844325,226.90799802507854,2013,0.14744677318797716,2013-11-12,20.520845100588787,20.520845100588787,0.08417279570447794,0.08417279570447794,False,3574.946118586839,,
2013.08,2013,8,266.3078493650008,0.8425714285714285,277.8934381522381,251.0786841284515,2013,0.16106298729595248,2013-11-19,22.51358152773693,22.51358152773693,0.08453968435935916,0.08453968435935916,False,3574.946118586839,,
2013.09,2013,9,309.8336113247868,0.7717142857142859,350.9059830692022,276.3852007435198,2013,0.187387368129231,2013-11-26,43.525761959785996,43.525761959785996,0.14048108523048392,0.14048108523048392,False,3574.946118586839,,
2013.1,2013,10,403.5075212708911,0.6479999999999999,444.2933536292678,366.2328823662496,2013,0.24404134886463494,2013-12-03,93.67390994610435,93.67390994610435,0.2321491050552617,0.2321491050552617,False,3574.946118586839,,
2013.11,2013,11,458.6367415597493,0.5875714285714285,475.0058701801551,447.2117847813898,2013,0.2773835012953364,2013-12-10,55.129220288858164,55.129220288858164,0.12020236342464106,0.12020236342464106,False,3574.946118586839,,
2013.12,2013,12,580.5265332068641,0.5041428571428571,721.4230392580745,481.566763323433,2013,0.3511024472835114,2013-12-17,121.8897916471148,121.8897916471148,0.20996420434702293,0.20996420434702293,False,3574.946118586839,,
2013.13,2013,13,754.8253396979908,0.4145714285714286,798.2270082331329,708.2803075785097,2013,0.45651836544934493,2013-12-24,174.2988064911267,174.2988064911267,0.23091276527741436,0.23091276527741436,False,3574.946118586839,,
2013.14,2013,14,783.2635213473461,0.40399999999999997,808.9992088717349,749.7799552877552,2013,0.47371777771087503,2013-12-31,28.43818164935533,28.43818164935533,0.03630729744752677,0.03630729744752677,False,3574.946118586839,,
2013.15,2013,15,731.404254097247,0.42314285714285715,736.5363360830615,721.4230392580745,2014,0.4423532928780149,2014-01-07,-51.85926725009915,51.85926725009915,-0.07090369923279662,0.07090369923279662,False,3574.946118586839,,
2013.16,2013,16,759.9540276274139,0.41257142857142864,798.2270082331329,721.4230392580745,2014,0.45962019590906,2014-01-14,28.54977353016693,28.54977353016693,0.03756776395974857,0.03756776395974857,False,3574.946118586839,,
2013.17,2013,17,850.5239943942986,0.37842857142857145,927.8079295597247,798.2270082331329,2014,0.5143969118096717,2014-01-21,90.5699667668847,90.5699667668847,0.10648725651929924,0.10648725651929924,False,3574.946118586839,,
2013.18,2013,18,1008.7699957949824,0.3284285714285714,1086.9790649487443,945.6617553068173,2014,0.6101040934568054,2014-01-28,158.24600140068378,158.24600140068378,0.15687024996810567,0.15687024996810567,False,3574.946118586839,,
2013.19,2013,19,1153.4397110680459,0.28671428571428575,1198.5959677028122,1099.019084262322,2014,0.6976003372539541,2014-02-04,144.6697152730635,144.6697152730635,0.12542460077007778,0.12542460077007778,False,3574.946118586839,,
2013.2,2013,20,1349.7100064132592,0.25214285714285717,1483.8916624922995,1213.1188910874237,2014,0.8163046118787392,2014-02-11,196.2702953452133,196.2702953452133,0.1454166409173961,0.1454166409173961,False,3574.946118586839,,
2013.21,2013,21,1620.9757006546101,0.21642857142857141,1747.536546789699,1518.5529604884168,2014,0.9803661037559082,2014-02-18,271.26569424135096,271.26569424135096,0.1673471688266541,0.1673471688266541,False,3574.946118586839,,
2013.22,2013,22,1950.1493527547589,0.18157142857142858,2011.4414293479251,1820.7199323683387,2014,1.179450328546078,2014-02-25,329.17365210014873,329.17365210014873,0.16879407294377827,0.16879407294377827,False,3574.946118586839,,
2013.23,2013,23,2080.0066912621282,0.1685714285714286,2109.512418989248,2035.8760433927039,2014,1.2579880468753348,2014-03-04,129.85733850736938,129.85733850736938,0.06243121190565651,0.06243121190565651,False,3574.946118586839,,
2013.24,2013,24,2153.566253212773,0.16028571428571428,2224.943721242942,2109.512418989248,2014,1.3024768699430853,2014-03-11,73.55956195064482,73.55956195064482,0.03415709260901811,0.03415709260901811,False,3574.946118586839,,
2013.25,2013,25,2427.2138478146294,0.13185714285714287,2606.73306050942,2272.049082136472,2014,1.4679789351582877,2014-03-18,273.6475946018563,273.6475946018563,0.11274144420700226,0.11274144420700226,False,3574.946118586839,,
2013.26,2013,26,2953.2262686055633,0.09057142857142855,3243.067894162267,2677.3623851115617,2014,1.7861112472526446,2014-03-25,526.0124207909339,526.0124207909339,0.17811450019347935,0.17811450019347935,False,3574.946118586839,,
2013.27,2013,27,3501.9266468942856,0.05671428571428571,3574.946118586839,3367.2754716645045,2014,2.117965236041664,2014-04-01,548.7003782887223,548.7003782887223,0.15668528601972348,0.15668528601972348,False,3574.946118586839,,
2013.28,2013,28,3521.741280327956,0.055285714285714285,3574.946118586839,3483.480329502967,2014,2.1299491263423476,2014-04-08,19.814633433670224,19.814633433670224,0.005626373960049962,0.005626373960049962,True,3574.946118586839,True,
2013.29,2013,29,3449.5949498537852,0.06057142857142857,3478.2046460397005,3411.254881154899,2014,2.086315025671569,2014-04-15,-72.14633047417055,72.14633047417055,-0.020914435324422234,0.020914435324422234,False,3574.946118586839,,
2013.3,2013,30,3363.084593320221,0.0662857142857143,3411.254881154899,3329.5178406917858,2014,2.0339935620400698,2014-04-22,-86.51035653356439,86.51035653356439,-0.02572351486649839,0.02572351486649839,False,3574.946118586839,,
2013.31,2013,31,3384.1358993355825,0.06514285714285714,3420.728127398308,3329.5178406917858,2014,2.04672539191816,2014-04-29,21.05130601536166,21.05130601536166,0.006220585296085398,0.006220585296085398,False,3574.946118586839,,
2013.32,2013,32,3444.405330799441,0.061,3465.6682919300456,3420.728127398308,2014,2.0831763440675015,2014-05-06,60.26943146385838,60.26943146385838,0.01749777557389564,0.01749777557389564,True,3574.946118586839,,
2013.33,2013,33,3339.1425533481265,0.067,3420.728127398308,3222.534985096804,2014,2.019513416264947,2014-05-13,-105.26277745131438,105.26277745131438,-0.03152389446379532,0.03152389446379532,False,3574.946118586839,,
2013.34,2013,34,3064.288315844391,0.08214285714285716,3171.125614747709,2924.858223971913,2014,1.8532815734226875,2014-05-20,-274.8542375037355,274.8542375037355,-0.08969594541171529,0.08969594541171529,False,3574.946118586839,,
2013.35,2013,35,2762.0906244445428,0.10414285714285713,2896.6072356138507,2629.2442197895957,2014,1.6705124096640593,2014-05-27,-302.1976913998483,302.1976913998483,-0.10940904281901334,0.10940904281901334,False,3574.946118586839,,
2013.36,2013,36,2458.109484876691,0.12842857142857142,2579.320643131149,2332.398222796241,2014,1.4866646164534227,2014-06-03,-303.98113956785164,303.98113956785164,-0.12366460543684879,0.12366460543684879,False,3574.946118586839,,
2013.37,2013,37,2176.5629439111867,0.15785714285714286,2283.2230876651856,2083.1179006773305,2014,1.3163852684774857,2014-06-10,-281.5465409655044,281.5465409655044,-0.12935373256864227,0.12935373256864227,False,3574.946118586839,,
2013.38,2013,38,1920.2412464194863,0.18457142857142855,2029.000290301854,1756.4342238183276,2014,1.1613619058345055,2014-06-17,-256.32169749170043,256.32169749170043,-0.13348411194147722,0.13348411194147722,False,3574.946118586839,,
2013.39,2013,39,1584.3698937118097,0.22042857142857145,1726.6076432517052,1448.5764992307227,2014,0.9582269117169022,2014-06-24,-335.8713527076766,335.8713527076766,-0.21199049164006029,0.21199049164006029,False,3574.946118586839,,
2013.4,2013,40,1289.6064671179604,0.2611428571428571,1406.2236807196314,1184.385639882299,2014,0.7799539913129423,2014-07-01,-294.7634265938493,294.7634265938493,-0.2285685083858123,0.2285685083858123,False,3574.946118586839,,
2013.41,2013,41,1080.0459647941236,0.3077142857142857,1144.3328711060205,998.8228236852693,2014,0.6532117995074859,2014-07-08,-209.56050232383677,209.56050232383677,-0.1940292442681204,0.1940292442681204,False,3574.946118586839,,
2013.42,2013,42,885.2877811306922,0.36714285714285716,964.6044063585223,798.2270082331329,2014,0.5354220500278426,2014-07-15,-194.7581836634314,194.7581836634314,-0.21999420732395703,0.21999420732395703,False,3574.946118586839,,
2013.43,2013,43,725.758601857844,0.42714285714285716,774.364340247886,677.7424369637166,2014,0.4389388024036241,2014-07-22,-159.52917927284818,159.52917927284818,-0.21981024939211885,0.21981024939211885,False,3574.946118586839,,
2013.44,2013,44,612.3197973317241,0.47800000000000004,661.4093384987455,569.2992874818548,2014,0.37033101342622676,2014-07-29,-113.43880452611995,113.43880452611995,-0.18526071673731057,0.18526071673731057,False,3574.946118586839,,
2013.45,2013,45,537.720087294705,0.527,561.2429249224854,517.4228266284983,2014,0.32521310879583765,2014-08-05,-74.59971003701912,74.59971003701912,-0.1387333517933722,0.1387333517933722,False,3574.946118586839,,
2013.46,2013,46,478.52892323526925,0.568,506.9513196028255,462.3337709519629,2014,0.2894142927726908,2014-08-12,-59.19116405943572,59.19116405943572,-0.12369401552418666,0.12369401552418666,False,3574.946118586839,,
2013.47,2013,47,441.04992675717284,0.606,458.3294938779206,420.62733135509285,2014,0.26674699570273813,2014-08-19,-37.478996478096406,37.478996478096406,-0.08497676613090352,0.08497676613090352,False,3574.946118586839,,
2013.48,2013,48,403.99398820541325,0.6484285714285714,417.7460065280269,385.83350008972036,2014,0.24433556406663395,2014-08-26,-37.055938551759596,37.055938551759596,-0.091723985092863,0.091723985092863,False,3574.946118586839,,
2013.49,2013,49,370.65709303131644,0.6872857142857143,381.71165647276456,362.1011676728192,2014,0.22417340986534018,2014-09-02,-33.33689517409681,33.33689517409681,-0.08993998982040312,0.08993998982040312,False,3574.946118586839,,
2013.5,2013,50,340.28236325595793,0.7237142857142859,354.2401023578276,330.1784061646158,2014,0.20580277329720337,2014-09-09,-30.374729775358503,30.374729775358503,-0.08926330910812104,0.08926330910812104,False,3574.946118586839,,
2013.51,2013,51,316.2306784868983,0.7608571428571429,326.5922164381982,305.4007919880862,2014,0.19125631434887608,2014-09-16,-24.051684769059648,24.051684769059648,-0.07605740494294304,0.07605740494294304,False,3574.946118586839,,
2013.52,2013,52,294.66293107741046,0.7925714285714286,301.7344992665246,291.51576358890105,2014,0.17821214071561783,2014-09-23,-21.567747409487822,21.567747409487822,-0.0731946408414087,0.0731946408414087,False,3574.946118586839,,
2013.53,2013,53,288.5215645679796,0.8029999999999999,288.5215645679796,288.5215645679796,2014,0.02492826317867344,2014-09-30,-6.1413665094308385,6.1413665094308385,-0.021285641226251734,0.021285641226251734,False,3574.946118586839,,
2014.01,2014,1,276.6576239206877,0.8234285714285715,288.5215645679796,264.06621347727946,2014,0.16732253094723193,2014-10-01,-11.86394064729194,11.86394064729194,-0.042883114801467025,0.042883114801467025,False,1460.2532901744794,,
2014.02,2014,2,252.3873834208766,0.8702857142857143,261.69606485820964,243.54989841925496,2014,0.1526438894929462,2014-10-08,-24.27024049981108,24.27024049981108,-0.09616265350054551,0.09616265350054551,False,1460.2532901744794,,
2014.03,2014,3,243.04722789946882,0.8835714285714287,243.54989841925496,240.03120478075203,2014,0.14699496343359875,2014-10-15,-9.34015552140778,9.34015552140778,-0.03842938511222655,0.03842938511222655,False,1460.2532901744794,,
2014.04,2014,4,239.85120236216224,0.8888571428571429,246.84896506587899,234.7386552171941,2014,0.14506200718863574,2014-10-22,-3.196025537306582,3.196025537306582,-0.013325034462327846,0.013325034462327846,False,1460.2532901744794,,True
2014.05,2014,5,244.69037769774462,0.8811428571428571,251.75288036056145,240.03120478075203,2014,0.14798874043159593,2014-10-29,4.839175335582382,4.839175335582382,0.0197767291918606,0.0197767291918606,False,1460.2532901744794,,
2014.06,2014,6,246.0287457842599,0.878857142857143,251.75288036056145,240.03120478075203,2014,0.1487981854503204,2014-11-05,1.3383680865152883,1.3383680865152883,0.005439885011196576,0.005439885011196576,False,1460.2532901744794,,
2014.07,2014,7,259.9549868007961,0.8578571428571429,264.06621347727946,251.75288036056145,2014,0.1572207760171215,2014-11-12,13.92624101653621,13.92624101653621,0.05357174019980585,0.05357174019980585,False,1460.2532901744794,,
2014.08,2014,8,282.8709579110836,0.8130000000000001,295.76546380444813,267.32035081816935,2014,0.1710803553446234,2014-11-19,22.9159711102875,22.9159711102875,0.08101210276061922,0.08101210276061922,False,1460.2532901744794,,
2014.09,2014,9,300.0048789972547,0.785,312.3673714773974,291.51576358890105,2014,0.18144295081753967,2014-11-26,17.133921086171085,17.133921086171085,0.05711214145396574,0.05711214145396574,False,1460.2532901744794,,
2014.1,2014,10,341.887064939979,0.7212857142857142,350.9059830692022,324.70403395065745,2014,0.20677329687569923,2014-12-03,41.88218594272428,41.88218594272428,0.12250298486746503,0.12250298486746503,False,1460.2532901744794,,
2014.11,2014,11,364.3996567757818,0.6935714285714286,378.10994733415635,350.9059830692022,2014,0.2203889124179928,2014-12-10,22.512591835802823,22.512591835802823,0.061779947969750726,0.061779947969750726,False,1460.2532901744794,,
2014.12,2014,12,402.16822236820025,0.65,436.2324379737803,385.83350008972036,2014,0.24323134088828757,2014-12-17,37.76856559241844,37.76856559241844,0.093912356799389,0.093912356799389,False,1460.2532901744794,,
2014.13,2014,13,459.38980162355887,0.5878571428571427,471.0462647249272,444.2933536292678,2014,0.27783895202192843,2014-12-24,57.22157925535862,57.22157925535862,0.12455996857816211,0.12455996857816211,False,1460.2532901744794,,
2014.14,2014,14,491.8600634680016,0.5564285714285714,517.4228266284983,472.2508910064285,2014,0.2974769663854474,2014-12-31,32.470261844442746,32.470261844442746,0.06601524347291336,0.06601524347291336,False,1460.2532901744794,,
2014.15,2014,15,550.3982873922893,0.5172857142857143,561.2429249224854,531.054971590973,2015,0.3328808842148565,2015-01-07,58.53822392428765,58.53822392428765,0.1063561156805804,0.1063561156805804,False,1460.2532901744794,,
2014.16,2014,16,594.3315004131962,0.4872857142857142,619.3681476088757,569.2992874818548,2015,0.3594516914499011,2015-01-14,43.93321302090692,43.93321302090692,0.07392038448300872,0.07392038448300872,False,1460.2532901744794,,
2014.17,2014,17,680.334118811658,0.44700000000000006,708.2803075785097,632.9781565800997,2015,0.41146607505729066,2015-01-21,86.00261839846178,86.00261839846178,0.1264123259740124,0.1264123259740124,False,1460.2532901744794,,
2014.18,2014,18,733.8915472005871,0.4224285714285715,749.7799552877552,713.287888908656,2015,0.4438576077469151,2015-01-28,53.55742838892911,53.55742838892911,0.07297730651514209,0.07297730651514209,False,1460.2532901744794,,
2014.19,2014,19,785.3585227292255,0.40271428571428575,798.2270082331329,760.0621055042766,2015,0.47498483454663565,2015-02-04,51.466975528638386,51.466975528638386,0.06553309608175358,0.06553309608175358,False,1460.2532901744794,,
2014.2,2014,20,841.8135026662425,0.38114285714285717,869.7507435242177,808.9992088717349,2015,0.5091288064125434,2015-02-11,56.454979937017015,56.454979937017015,0.06706352387816232,0.06706352387816232,False,1460.2532901744794,,
2014.21,2014,21,941.2072720155782,0.34800000000000003,958.3904946021601,906.8767194245501,2015,0.5692421581150217,2015-02-18,99.39376934933568,99.39376934933568,0.10560242393419438,0.10560242393419438,False,1460.2532901744794,,
2014.22,2014,22,1017.5980609771594,0.32657142857142857,1062.2782119849837,964.6044063585223,2015,0.615443307278986,2015-02-25,76.39078896158128,76.39078896158128,0.0750697076684936,0.0750697076684936,False,1460.2532901744794,,
2014.23,2014,23,1096.2614934029684,0.3032857142857143,1130.3033989808528,1072.8606207065454,2015,0.6630189512101152,2015-03-04,78.66343242580899,78.66343242580899,0.07175608456484711,0.07175608456484711,False,1460.2532901744794,,
2014.24,2014,24,1131.9485316271328,0.2918571428571428,1134.0903969179167,1130.3033989808528,2015,0.6846024719280899,2015-03-11,35.687038224164326,35.687038224164326,0.031527085575936545,0.031527085575936545,False,1460.2532901744794,,
2014.25,2014,25,1160.2505851977492,0.2844285714285714,1191.3815919532592,1131.2888821433105,2015,0.7017195539275985,2015-03-18,28.30205357061641,28.30205357061641,0.024393052614399415,0.024393052614399415,False,1460.2532901744794,,
2014.26,2014,26,1249.4163994916742,0.266,1291.5761032764274,1198.5959677028122,2015,0.7556470384125644,2015-03-25,89.165814293925,89.165814293925,0.07136597080861286,0.07136597080861286,False,1460.2532901744794,,
2014.27,2014,27,1316.1149791945463,0.25728571428571423,1330.780420351734,1291.5761032764274,2015,0.7959863394168617,2015-04-01,66.69857970287217,66.69857970287217,0.05067838354342814,0.05067838354342814,False,1460.2532901744794,,
2014.28,2014,28,1349.6680349973099,0.2524285714285714,1359.127799899888,1330.780420351734,2015,0.8162792275663731,2015-04-08,33.55305580276354,33.55305580276354,0.024860228539701924,0.024860228539701924,False,1460.2532901744794,,
2014.29,2014,29,1351.9142808960987,0.25214285714285717,1359.127799899888,1346.5041416432566,2015,0.8176377570859605,2015-04-15,2.2462458987888567,2.2462458987888567,0.0016615298251749823,0.0016615298251749823,True,1460.2532901744794,,
2014.3,2014,30,1316.712206027826,0.25757142857142856,1330.780420351734,1309.6914449174558,2015,0.7963475422056291,2015-04-22,-35.2020748682728,35.2020748682728,-0.026734828390835835,0.026734828390835835,False,1460.2532901744794,,
2014.31,2014,31,1340.9262856072903,0.25371428571428567,1371.8519748311928,1316.6588218214915,2015,0.8109922175352892,2015-04-29,24.214079579464396,24.214079579464396,0.018057726095285033,0.018057726095285033,False,1460.2532901744794,,
2014.32,2014,32,1407.9019933380528,0.24385714285714283,1437.9147928703762,1390.4810800453631,2015,0.8514991255708542,2015-05-06,66.97570773076245,66.97570773076245,0.04757128553527152,0.04757128553527152,False,1460.2532901744794,,
2014.33,2014,33,1450.3896243060324,0.23671428571428565,1460.2532901744794,1437.9147928703762,2015,0.8771956447802882,2015-05-13,42.48763096797961,42.48763096797961,0.02929394299018697,0.02929394299018697,False,1460.2532901744794,,
2014.34,2014,34,1450.5346363893768,0.23671428571428565,1460.2532901744794,1437.9147928703762,2015,0.8772833480882949,2015-05-20,0.14501208334445437,0.14501208334445437,9.997147238442626e-05,9.997147238442626e-05,True,1460.2532901744794,True,
2014.35,2014,35,1373.749697959029,0.24899999999999997,1424.0029631534421,1330.780420351734,2015,0.8308438173256207,2015-05-27,-76.78493843034789,76.78493843034789,-0.05589441697015605,0.05589441697015605,False,1460.2532901744794,,
2014.36,2014,36,1260.6476427696646,0.2647142857142857,1316.6588218214915,1198.5959677028122,2015,0.7624396943470931,2015-06-03,-113.10205518936436,113.10205518936436,-0.08971742091301357,0.08971742091301357,False,1460.2532901744794,,
2014.37,2014,37,1127.8251089928578,0.29442857142857143,1184.385639882299,1072.8606207065454,2015,0.6821086259188804,2015-06-10,-132.82253377680672,132.82253377680672,-0.11776873268535099,0.11776873268535099,False,1460.2532901744794,,
2014.38,2014,38,958.4338780475406,0.3438571428571428,1052.6481071621029,853.8829560570023,2015,0.5796608094431526,2015-06-17,-169.39123094531726,169.39123094531726,-0.17673752443975593,0.17673752443975593,False,1460.2532901744794,,
2014.39,2014,39,749.9003246715969,0.4172857142857143,820.0614122679062,677.7424369637166,2015,0.45353971636138185,2015-06-24,-208.5335533759437,208.5335533759437,-0.2780816950136228,0.2780816950136228,False,1460.2532901744794,,
2014.4,2014,40,608.5193644541284,0.47985714285714287,657.6800383444725,569.2992874818548,2015,0.36803251162185685,2015-07-01,-141.38096021746844,141.38096021746844,-0.2323360084757435,0.2323360084757435,False,1460.2532901744794,,
2014.41,2014,41,530.1186493815683,0.5312857142857144,561.2429249224854,498.0565740292608,2015,0.3206157591459725,2015-07-08,-78.40071507256016,78.40071507256016,-0.14789276922066738,0.14789276922066738,False,1460.2532901744794,,
2014.42,2014,42,464.68679191311327,0.5814285714285715,486.2783732878,447.2117847813898,2015,0.2810425717490509,2015-07-15,-65.43185746845501,65.43185746845501,-0.14080851577268286,0.14080851577268286,False,1460.2532901744794,,
2014.43,2014,43,427.6440130895604,0.6195714285714286,444.2933536292678,414.8228382295926,2015,0.25863909911656613,2015-07-22,-37.04277882355285,37.04277882355285,-0.08662059491008255,0.08662059491008255,False,1460.2532901744794,,
2014.44,2014,44,392.9726431538692,0.6607142857142857,410.1421567276903,378.10994733415635,2015,0.23766985457946005,2015-07-29,-34.67136993569119,34.67136993569119,-0.08822845696695367,0.08822845696695367,False,1460.2532901744794,,
2014.45,2014,45,364.9559106325336,0.6931428571428572,378.10994733415635,354.2401023578276,2015,0.22072533475055625,2015-08-05,-28.016732521335655,28.016732521335655,-0.07676744424491624,0.07676744424491624,False,1460.2532901744794,,
2014.46,2014,46,336.42407270951844,0.7294285714285714,348.25654132213623,324.70403395065745,2015,0.2034692791747168,2015-08-12,-28.531837923015132,28.531837923015132,-0.08480914487843629,0.08480914487843629,False,1460.2532901744794,,
2014.47,2014,47,304.065606705539,0.7805714285714285,312.3673714773974,299.0775001152962,2015,0.18389887893551002,2015-08-19,-32.35846600397946,32.35846600397946,-0.10641935585735551,0.10641935585735551,False,1460.2532901744794,,
2014.48,2014,48,288.788855204809,0.8025714285714285,295.76546380444813,282.1135754290922,2015,0.17465949962786856,2015-08-26,-15.276751500729972,15.276751500729972,-0.05289938037912059,0.05289938037912059,False,1460.2532901744794,,
2014.49,2014,49,268.42668705887075,0.8408571428571427,282.1135754290922,259.36784514408106,2015,0.16234446033320502,2015-09-02,-20.362168145938256,20.362168145938256,-0.07585746547425991,0.07585746547425991,False,1460.2532901744794,,
2014.5,2014,50,240.01409508677668,0.888857142857143,251.75288036056145,232.1827240761327,2015,0.14516052470848256,2015-09-09,-28.412591972094077,28.412591972094077,-0.11837884754985557,0.11837884754985557,False,1460.2532901744794,,
2014.51,2014,51,228.70735797102017,0.9092857142857144,232.1827240761327,226.90799802507854,2015,0.13832221010087298,2015-09-16,-11.306737115756505,11.306737115756505,-0.0494375747945512,0.0494375747945512,False,1460.2532901744794,,
2014.52,2014,52,220.91486136283874,0.9228571428571428,226.90799802507854,209.67891665666008,2015,0.13360930815224487,2015-09-23,-7.7924966081814375,7.7924966081814375,-0.035273754604416376,0.035273754604416376,False,1460.2532901744794,,
2014.53,2014,53,208.78068094814552,0.941,208.78068094814552,208.78068094814552,2015,0.01803865083391977,2015-09-30,-12.134180414693219,12.134180414693219,-0.058119268313465096,0.058119268313465096,False,1460.2532901744794,,
2015.01,2015,1,209.16563910893746,0.9397142857142856,209.67891665666008,208.78068094814552,2015,0.12650337853308535,2015-10-01,0.384958160791939,0.384958160791939,0.0018404464635390972,0.0018404464635390972,False,2975.5243947206422,,
2015.02,2015,2,200.9421868242644,0.9531428571428571,203.02355035552182,200.0131298984013,2015,0.12152983459131511,2015-10-08,-8.223452284673044,8.223452284673044,-0.04092446894620954,0.04092446894620954,False,2975.5243947206422,,
2015.03,2015,3,191.2301746375727,0.9731428571428573,196.05963252615788,187.94080017135414,2015,0.115656009620804,2015-10-15,-9.712012186691709,9.712012186691709,-0.050787027753848545,0.050787027753848545,False,2975.5243947206422,,
2015.04,2015,4,184.15056738439543,0.9797142857142855,191.09816162620763,178.52039784112813,2015,0.11137426315408235,2015-10-22,-7.079607253177272,7.079607253177272,-0.03844466706637573,0.03844466706637573,False,2975.5243947206422,,
2015.05,2015,5,177.57923916491012,0.9838571428571429,179.83079120949702,176.21817347356213,2015,0.10739992384693764,2015-10-29,-6.571328219485309,6.571328219485309,-0.03700504772059983,0.03700504772059983,False,2975.5243947206422,,True
2015.06,2015,6,190.24837380988703,0.9744285714285715,196.05963252615788,184.649249799592,2015,0.11506221648021969,2015-11-05,12.669134644976907,12.669134644976907,0.06659260413777321,0.06659260413777321,False,2975.5243947206422,,
2015.07,2015,7,202.06901392300364,0.9504285714285714,208.78068094814552,200.55260733721147,2015,0.1222113396206326,2015-11-12,11.82064011311661,11.82064011311661,0.058498034328116955,0.058498034328116955,False,2975.5243947206422,,
2015.08,2015,8,215.39392258798256,0.9322857142857143,224.7272915223594,200.55260733721147,2015,0.13027024438121187,2015-11-19,13.32490866497892,13.32490866497892,0.06186297414931036,0.06186297414931036,False,2975.5243947206422,,
2015.09,2015,9,234.0781814484438,0.900142857142857,243.54989841925496,226.90799802507854,2015,0.14157048414001883,2015-11-26,18.684258860461227,18.684258860461227,0.07982059132912597,0.07982059132912597,False,2975.5243947206422,,
2015.1,2015,10,257.8012664960149,0.8617142857142858,261.69606485820964,251.75288036056145,2015,0.15591820597678982,2015-12-03,23.72308504757109,23.72308504757109,0.09202082429621347,0.09202082429621347,False,2975.5243947206422,,
2015.11,2015,11,277.3194962876141,0.8242857142857142,299.0775001152962,261.69606485820964,2015,0.16772283135474902,2015-12-10,19.518229791599197,19.518229791599197,0.07038174399161759,0.07038174399161759,False,2975.5243947206422,,
2015.12,2015,12,321.9699604586228,0.7527142857142858,335.9497472014125,312.12360204404035,2015,0.19472743208537507,2015-12-17,44.65046417100871,44.65046417100871,0.13867897522926478,0.13867897522926478,False,2975.5243947206422,,
2015.13,2015,13,360.36427041812567,0.6982857142857143,381.71165647276456,341.0310225674728,2015,0.21794831074888243,2015-12-24,38.39430995950289,38.39430995950289,0.10654305410176904,0.10654305410176904,False,2975.5243947206422,,
2015.14,2015,14,407.5765721681297,0.6438571428571429,427.01120618594086,385.83350008972036,2015,0.24650231084728488,2015-12-31,47.21230175000403,47.21230175000403,0.11583664266779409,0.11583664266779409,False,2975.5243947206422,,
2015.15,2015,15,450.76125172251125,0.595,475.0058701801551,432.00683512190164,2016,0.2726204050417748,2016-01-07,43.184679554381546,43.184679554381546,0.09580388595816139,0.09580388595816139,False,2975.5243947206422,,
2015.16,2015,16,496.2833979935281,0.5519999999999999,512.9271834558979,481.566763323433,2016,0.30015219910648583,2016-01-14,45.52214627101688,45.52214627101688,0.09172611144169389,0.09172611144169389,False,2975.5243947206422,,
2015.17,2015,17,539.934448209544,0.524,565.5581093921817,512.9271834558979,2016,0.32655235427713225,2016-01-21,43.6510502160159,43.6510502160159,0.08084509214176921,0.08084509214176921,False,2975.5243947206422,,
2015.18,2015,18,602.5853047966256,0.4828571428571428,648.8801579651762,569.2992874818548,2016,0.36444359234099916,2016-01-28,62.650856587081535,62.650856587081535,0.10397010363242495,0.10397010363242495,False,2975.5243947206422,,
2015.19,2015,19,677.8163757450768,0.44785714285714295,708.2803075785097,657.6800383444725,2016,0.40994334405062244,2016-02-04,75.23107094845125,75.23107094845125,0.11099034139704123,0.11099034139704123,False,2975.5243947206422,,
2015.2,2015,20,764.9333474915173,0.41100000000000003,838.3130724874176,713.287888908656,2016,0.46263168856286974,2016-02-11,87.11697174644053,87.11697174644053,0.11388831723983193,0.11388831723983193,False,2975.5243947206422,,
2015.21,2015,21,942.008370110095,0.3505714285714286,1054.433284211326,869.7507435242177,2016,0.5697266622425855,2016-02-18,177.0750226185777,177.0750226185777,0.18797606076247758,0.18797606076247758,False,2975.5243947206422,,
2015.22,2015,22,1303.9188473462493,0.26242857142857146,1638.344661979303,1088.1402560616616,2016,0.7886101188750116,2016-02-25,361.9104772361543,361.9104772361543,0.2775559828533184,0.2775559828533184,False,2975.5243947206422,,
2015.23,2015,23,2125.2538161757075,0.16271428571428573,2382.708424038313,1820.7199323683387,2016,1.2853535080230678,2016-03-03,821.3349688294581,821.3349688294581,0.3864644131341503,0.3864644131341503,False,2975.5243947206422,,
2015.24,2015,24,2492.7101918726435,0.12542857142857142,2553.043283719102,2457.8731008118675,2016,1.5075911240445745,2016-03-10,367.456375696936,367.456375696936,0.1474123935044712,0.1474123935044712,False,2975.5243947206422,,
2015.25,2015,25,2611.250455356922,0.1157142857142857,2632.6923900235674,2573.6580007328594,2016,1.5792842753998664,2016-03-17,118.54026348427851,118.54026348427851,0.04539597618493309,0.04539597618493309,False,2975.5243947206422,,
2015.26,2015,26,2659.2706826162516,0.11214285714285713,2711.725889886568,2606.73306050942,2016,1.6083269088463092,2016-03-24,48.02022725932966,48.02022725932966,0.01805766805659898,0.01805766805659898,False,2975.5243947206422,,
2015.27,2015,27,2814.138528869873,0.10028571428571428,2910.2733186044848,2717.277843145093,2016,1.701990982260499,2016-03-31,154.86784625362134,154.86784625362134,0.05503206209106364,0.05503206209106364,False,2975.5243947206422,,
2015.28,2015,28,2957.4133401044955,0.09,2975.5243947206422,2924.858223971913,2016,1.7886435880951987,2016-04-07,143.27481123462258,143.27481123462258,0.048445988016528045,0.048445988016528045,False,2975.5243947206422,,
2015.29,2015,29,2966.3817759849417,0.08942857142857141,2975.5243947206422,2962.724728490661,2016,1.7940676981156929,2016-04-14,8.968435880446123,8.968435880446123,0.0030233586091487803,0.0030233586091487803,False,2975.5243947206422,,
2015.3,2015,30,2968.210299732082,0.08914285714285715,2975.5243947206422,2962.724728490661,2016,1.795173589277963,2016-04-21,1.8285237471404798,1.8285237471404798,0.0006160357799801203,0.0006160357799801203,True,2975.5243947206422,True,
2015.31,2015,31,2896.0969941144076,0.09499999999999999,2939.375886394469,2839.5002195930097,2016,1.7515594620403934,2016-04-28,-72.11330561767454,72.11330561767454,-0.024900169353521927,0.024900169353521927,False,2975.5243947206422,,
2015.32,2015,32,2744.528944417812,0.10528571428571429,2816.695633695474,2653.704185178533,2016,1.6598911055838925,2016-05-05,-151.5680496965956,151.5680496965956,-0.05522552422151527,0.05522552422151527,False,2975.5243947206422,,
2015.33,2015,33,2509.5629806832053,0.124,2606.73306050942,2397.275442718699,2016,1.5177836907172024,2016-05-12,-234.9659637346067,234.9659637346067,-0.09362823947563946,0.09362823947563946,False,2975.5243947206422,,
2015.34,2015,34,2251.5948475748564,0.14928571428571427,2353.225621696834,2157.8508363807573,2016,1.3617645638132734,2016-05-19,-257.96813310834887,257.96813310834887,-0.11457129304865869,0.11457129304865869,False,2975.5243947206422,,
2015.35,2015,35,2009.1016867705912,0.17557142857142854,2122.6951751857887,1890.32961771208,2016,1.2151047001588535,2016-05-26,-242.49316080426524,242.49316080426524,-0.12069730586610884,0.12069730586610884,False,2975.5243947206422,,
2015.36,2015,36,1673.4072907265786,0.21028571428571427,1820.7199323683387,1536.036456168436,2016,1.0120767294314346,2016-06-02,-335.6943960440126,335.6943960440126,-0.2006053146202423,0.2006053146202423,False,2975.5243947206422,,
2015.37,2015,37,1356.8251989899868,0.2507142857142857,1478.5411553411086,1222.3332346395625,2016,0.8206078803491441,2016-06-09,-316.5820917365918,316.5820917365918,-0.23332562807077414,0.23332562807077414,False,2975.5243947206422,,
2015.38,2015,38,1083.323007147818,0.3068571428571429,1184.385639882299,958.3904946021601,2016,0.6551937547230005,2016-06-16,-273.5021918421687,273.5021918421687,-0.2524659681716237,0.2524659681716237,False,2975.5243947206422,,
2015.39,2015,39,835.2151968745569,0.38485714285714284,952.2480246537352,743.1409387004387,2016,0.505138151069732,2016-06-23,-248.10781027326118,248.10781027326118,-0.2970585439557383,0.2970585439557383,False,2975.5243947206422,,
2015.4,2015,40,649.8995749557342,0.4604285714285714,721.4230392580745,572.8783627367172,2016,0.393059262933228,2016-06-30,-185.31562191882267,185.31562191882267,-0.2851450117219185,0.2851450117219185,False,2975.5243947206422,,
2015.41,2015,41,533.4021681713442,0.5295714285714287,556.9368928227394,506.9513196028255,2016,0.3226016313100291,2016-07-07,-116.49740678439002,116.49740678439002,-0.21840444928031805,0.21840444928031805,False,2975.5243947206422,,
2015.42,2015,42,473.7149645942605,0.5715714285714286,491.76619950541016,458.3294938779206,2016,0.28650281058660876,2016-07-14,-59.68720357708372,59.68720357708372,-0.12599813820153674,0.12599813820153674,False,2975.5243947206422,,
2015.43,2015,43,432.95743181942095,0.6135714285714285,447.2117847813898,414.8228382295926,2016,0.2618526547643858,2016-07-21,-40.75753277483955,40.75753277483955,-0.09413750585955713,0.09413750585955713,False,2975.5243947206422,,
2015.44,2015,44,395.7400577942829,0.6564285714285714,410.1421567276903,381.71165647276456,2016,0.23934358695398228,2016-07-28,-37.21737402513804,37.21737402513804,-0.09404500073248766,0.09404500073248766,False,2975.5243947206422,,
2015.45,2015,45,362.5652244937925,0.695857142857143,378.10994733415635,348.25654132213623,2016,0.21927944777384567,2016-08-04,-33.17483330049038,33.17483330049038,-0.09150031789951317,0.09150031789951317,False,2975.5243947206422,,
2015.46,2015,46,338.9247789886543,0.7262857142857142,348.25654132213623,324.70403395065745,2016,0.20498170633233811,2016-08-11,-23.640445505138246,23.640445505138246,-0.06975130462777294,0.06975130462777294,False,2975.5243947206422,,
2015.47,2015,47,309.7486914773609,0.7695714285714287,312.3673714773974,301.7344992665246,2016,0.18733600860550792,2016-08-18,-29.17608751129336,29.17608751129336,-0.09419277083023868,0.09419277083023868,False,2975.5243947206422,,
2015.48,2015,48,291.43219924050277,0.7979999999999999,299.0775001152962,282.1135754290922,2016,0.17625819410065607,2016-08-25,-18.316492236858153,18.316492236858153,-0.06284992627648042,0.06284992627648042,False,2975.5243947206422,,
2015.49,2015,49,270.5692478321728,0.8348571428571427,276.3852007435198,264.06621347727946,2016,0.16364028108889808,2016-09-01,-20.86295140832999,20.86295140832999,-0.07710762244965381,0.07710762244965381,False,2975.5243947206422,,
2015.5,2015,50,248.92376324616512,0.8745714285714287,264.06621347727946,236.8493354753479,2016,0.15054909201128067,2016-09-08,-21.645484586007655,21.645484586007655,-0.0869562805243389,0.0869562805243389,False,2975.5243947206422,,
2015.51,2015,51,232.59549812820387,0.9030000000000001,236.8493354753479,226.90799802507854,2016,0.1406737572679377,2016-09-15,-16.32826511796125,16.32826511796125,-0.07020026290002099,0.07020026290002099,False,2975.5243947206422,,
2015.52,2015,52,222.5570939806384,0.9234285714285715,224.7272915223594,220.03933769770444,2016,0.1346025304394901,2016-09-22,-10.038404147565473,10.038404147565473,-0.04510484913340383,0.04510484913340383,False,2975.5243947206422,,
2015.53,2015,53,214.96180135581074,0.933,216.50840662099068,213.4151960906308,2016,0.03714539927428409,2016-09-29,-7.595292624827664,7.595292624827664,-0.035333220027570035,0.035333220027570035,False,2975.5243947206422,,
2016.01,2016,1,202.85659904685573,0.9492857142857142,209.67891665666008,196.05963252615788,2016,0.12268767110353836,2016-10-01,-12.105202308955,12.105202308955,-0.0596736924794788,0.0596736924794788,False,3889.991232059012,,
2016.02,2016,2,191.07705747151118,0.9745714285714285,195.0615901578589,190.41296869045325,2016,0.11556340435876997,2016-10-08,-11.779541575344552,11.779541575344552,-0.06164812108382418,0.06164812108382418,False,3889.991232059012,,
2016.03,2016,3,184.03214861249415,0.9804285714285715,191.09816162620763,179.83079120949702,2016,0.11130264348083649,2016-10-15,-7.044908859017028,7.044908859017028,-0.038280859687461914,0.038280859687461914,False,3889.991232059012,,
2016.04,2016,4,177.19389909771706,0.984,178.52039784112813,173.8393553723827,2016,0.10716687017429928,2016-10-22,-6.83824951477709,6.83824951477709,-0.03859190158125028,0.03859190158125028,False,3889.991232059012,,
2016.05,2016,5,165.32924801715396,0.9898571428571429,173.8393553723827,159.33042614504097,2016,0.09999112920077469,2016-10-29,-11.864651080563107,11.864651080563107,-0.07176377575570944,0.07176377575570944,False,3889.991232059012,,True
2016.06,2016,6,166.1484518087133,0.9894285714285713,178.52039784112813,156.55090676315066,2016,0.10048658365390979,2016-11-05,0.819203791559346,0.819203791559346,0.004930553265115556,0.004930553265115556,False,3889.991232059012,,
2016.07,2016,7,189.61007518523226,0.9758571428571429,193.63700368409016,181.5686791602694,2016,0.11467617347202845,2016-11-12,23.461623376518958,23.461623376518958,0.12373616409148631,0.12373616409148631,False,3889.991232059012,,
2016.08,2016,8,198.1956075380396,0.9581428571428571,203.02355035552182,195.0615901578589,2016,0.11986870343900638,2016-11-19,8.585532352807348,8.585532352807348,0.04331847945297945,0.04331847945297945,False,3889.991232059012,,
2016.09,2016,9,223.99921574726224,0.9158571428571428,251.75288036056145,203.02355035552182,2016,0.1354747256839442,2016-11-26,25.80360820922263,25.80360820922263,0.11519508281822191,0.11519508281822191,False,3889.991232059012,,
2016.1,2016,10,292.03444361789076,0.7992857142857143,312.3673714773974,264.06621347727946,2016,0.17662243150010035,2016-12-03,68.03522787062852,68.03522787062852,0.2329698751550295,0.2329698751550295,False,3889.991232059012,,
2016.11,2016,11,323.56785688182794,0.7497142857142859,335.9497472014125,312.3673714773974,2016,0.1956938398421295,2016-12-10,31.533413263937177,31.533413263937177,0.09745533307238759,0.09745533307238759,False,3889.991232059012,,
2016.12,2016,12,397.215174305582,0.6551428571428571,432.00683512190164,341.0310225674728,2016,0.24023573742001594,2016-12-17,73.64731742375409,73.64731742375409,0.1854091237891541,0.1854091237891541,False,3889.991232059012,,
2016.13,2016,13,487.8913818375839,0.5645714285714286,586.5300420928967,440.5030705808828,2016,0.29507670773537076,2016-12-24,90.67620753200185,90.67620753200185,0.18585326756640153,0.18585326756640153,False,3889.991232059012,,
2016.14,2016,14,503.7876517548378,0.553,604.3206888705944,458.3294938779206,2016,0.30469077178132586,2016-12-31,15.896269917253903,15.896269917253903,0.03155351240127186,0.03155351240127186,False,3889.991232059012,,
2016.15,2016,15,683.786965718297,0.4488571428571429,869.7507435242177,565.5581093921817,2017,0.41355435686642594,2017-01-07,179.9993139634592,179.9993139634592,0.2632388784632294,0.2632388784632294,False,3889.991232059012,,
2016.16,2016,16,977.3691272888724,0.33728571428571424,1025.216220670923,927.8079295597247,2017,0.5911128481843099,2017-01-14,293.5821615705754,293.5821615705754,0.30038002365078176,0.30038002365078176,False,3889.991232059012,,
2016.17,2016,17,1047.9606385249463,0.31914285714285723,1086.9790649487443,1024.6356472173295,2017,0.6338065941798875,2017-01-21,70.59151123607387,70.59151123607387,0.06736084223109251,0.06736084223109251,False,3889.991232059012,,
2016.18,2016,18,1092.2696949701574,0.30271428571428566,1099.019084262322,1086.9790649487443,2017,0.6606047115179514,2017-01-28,44.30905644521113,44.30905644521113,0.04056604028222327,0.04056604028222327,False,3889.991232059012,,
2016.19,2016,19,1102.3315127874062,0.29942857142857143,1110.6125841001171,1099.019084262322,2017,0.6666900989338234,2017-02-04,10.061817817248766,10.061817817248766,0.009127760297631328,0.009127760297631328,False,3889.991232059012,,
2016.2,2016,20,1176.7336306933412,0.2814285714285715,1238.7368100654535,1080.5994501120829,2017,0.7116884998433328,2017-02-11,74.40211790593503,74.40211790593503,0.0632276633940484,0.0632276633940484,False,3889.991232059012,,
2016.21,2016,21,1346.8585461465318,0.2527142857142857,1478.5411553411086,1256.1554605165875,2017,0.8145800487094224,2017-02-18,170.12491545319062,170.12491545319062,0.1263123851720965,0.1263123851720965,False,3889.991232059012,,
2016.22,2016,22,1513.8594969521093,0.22885714285714287,1590.8393392724965,1424.0029631534421,2017,0.9155822237566356,2017-02-25,167.00095080557753,167.00095080557753,0.11031469640465622,0.11031469640465622,False,3889.991232059012,,
2016.23,2016,23,1611.5504791936075,0.217,1666.8712830513916,1590.8393392724965,2017,0.9746657298162938,2017-03-04,97.6909822414982,97.6909822414982,0.06061925053094279,0.06061925053094279,False,3889.991232059012,,
2016.24,2016,24,1970.0651033735692,0.17928571428571427,2244.5081263827624,1726.6076432517052,2017,1.191495374520335,2017-03-11,358.51462417996163,358.51462417996163,0.18198110487112115,0.18198110487112115,False,3889.991232059012,,
2016.25,2016,25,2771.925082948321,0.10485714285714286,3289.6037172425176,2338.6724560938283,2017,1.6764602901671444,2017-03-18,801.8599795747516,801.8599795747516,0.2892790950619286,0.2892790950619286,False,3889.991232059012,,
2016.26,2016,26,3712.990271829568,0.04828571428571427,3857.302531342109,3465.6682919300456,2017,2.2456165164025226,2017-03-25,941.0651888812472,941.0651888812472,0.253452101940881,0.253452101940881,False,3889.991232059012,,
2016.27,2016,27,3849.9381805412077,0.04271428571428571,3889.991232059012,3800.223421952879,2017,2.328442611591322,2017-04-01,136.94790871163968,136.94790871163968,0.03557145655060574,0.03557145655060574,True,3889.991232059012,True,
2016.28,2016,28,3591.7923280631535,0.05242857142857143,3747.977061032573,3496.2981146259385,2017,2.172316000012595,2017-04-08,-258.14585247805417,258.14585247805417,-0.07187104066711378,0.07187104066711378,False,3889.991232059012,,
2016.29,2016,29,3368.8766208750244,0.06471428571428571,3483.480329502967,3190.3897132884526,2017,2.037496580305215,2017-04-15,-222.9157071881291,222.9157071881291,-0.06616915140401594,0.06616915140401594,False,3889.991232059012,,
2016.3,2016,30,3029.717175183722,0.08485714285714285,3138.65846664605,2913.8010466984306,2017,1.8323729475511148,2017-04-22,-339.1594456913026,339.1594456913026,-0.11194425950690794,0.11194425950690794,False,3889.991232059012,,
2016.31,2016,31,2732.63739794971,0.10642857142857143,2853.5817182583633,2606.73306050942,2017,1.6526990982799838,2017-04-29,-297.079777234012,297.079777234012,-0.10871540346220472,0.10871540346220472,False,3889.991232059012,,
2016.32,2016,32,2437.6128987602997,0.13028571428571428,2573.6580007328594,2299.1910593261064,2017,1.4742682811702292,2017-05-06,-295.0244991894101,295.0244991894101,-0.12103008617137329,0.12103008617137329,False,3889.991232059012,,
2016.33,2016,33,2169.2486292759486,0.15842857142857142,2272.049082136472,2083.1179006773305,2017,1.3119615709860935,2017-05-13,-268.3642694843511,268.3642694843511,-0.12371300636659878,0.12371300636659878,False,3889.991232059012,,
2016.34,2016,34,1956.8687608693292,0.18085714285714288,2047.3575826099195,1850.5299978167786,2017,1.1835142265737706,2017-05-20,-212.37986840661938,212.37986840661938,-0.10853046083288216,0.10853046083288216,False,3889.991232059012,,
2016.35,2016,35,1690.5340313973388,0.20828571428571427,1820.7199323683387,1561.3200308393516,2017,1.0224349821891106,2017-05-27,-266.3347294719904,266.3347294719904,-0.1575447311473801,0.1575447311473801,False,3889.991232059012,,
2016.36,2016,36,1426.4824645682554,0.2414285714285714,1536.036456168436,1316.6588218214915,2017,0.862736594570881,2017-06-03,-264.0515668290834,264.0515668290834,-0.18510677375133544,0.18510677375133544,False,3889.991232059012,,
2016.37,2016,37,1180.586887930943,0.2804285714285714,1256.1554605165875,1110.6125841001171,2017,0.7140189498206343,2017-06-10,-245.8955766373124,245.8955766373124,-0.20828248996417428,0.20828248996417428,False,3889.991232059012,,
2016.38,2016,38,981.3686730831201,0.337,1086.9790649487443,869.7507435242177,2017,0.593531773480671,2017-06-17,-199.21821484782288,199.21821484782288,-0.20300038131637962,0.20300038131637962,False,3889.991232059012,,
2016.39,2016,39,752.392516755324,0.41685714285714287,838.3130724874176,677.7424369637166,2017,0.45504699413362,2017-06-24,-228.97615632779616,228.97615632779616,-0.30433071997479555,0.30433071997479555,False,3889.991232059012,,
2016.4,2016,40,600.665956295151,0.48428571428571426,648.8801579651762,556.9368928227394,2017,0.36328277036730733,2017-07-01,-151.726560460173,151.726560460173,-0.2525972362342751,0.2525972362342751,False,3889.991232059012,,
2016.41,2016,41,508.1004534465593,0.5458571428571428,545.4907662863702,472.2508910064285,2017,0.3072991542444791,2017-07-08,-92.56550284859168,92.56550284859168,-0.18217953206044024,0.18217953206044024,False,3889.991232059012,,
2016.42,2016,42,451.94338167696054,0.5931428571428572,475.0058701801551,432.00683512190164,2017,0.2733353572382258,2017-07-15,-56.15707176959876,56.15707176959876,-0.12425687386155515,0.12425687386155515,False,3889.991232059012,,
2016.43,2016,43,411.1725242250221,0.6387142857142857,427.01120618594086,398.9332627522059,2017,0.24867714265129334,2017-07-22,-40.77085745193847,40.77085745193847,-0.09915754348806106,0.09915754348806106,False,3889.991232059012,,
2016.44,2016,44,377.83452040115674,0.6788571428571428,392.74254153823074,362.1011676728192,2017,0.2285143179386196,2017-07-29,-33.338003823865336,33.338003823865336,-0.08823440427960237,0.08823440427960237,False,3889.991232059012,,
2016.45,2016,45,344.44620091540827,0.7167142857142857,354.2401023578276,332.29921540990034,2017,0.20832106231363895,2017-08-05,-33.38831948574847,33.38831948574847,-0.09693333646013481,0.09693333646013481,False,3889.991232059012,,
2016.46,2016,46,322.31477118171944,0.7518571428571429,330.1784061646158,312.12360204404035,2017,0.19493597361070394,2017-08-12,-22.131429733688833,22.131429733688833,-0.0686640257055152,0.0686640257055152,False,3889.991232059012,,
2016.47,2016,47,296.21876384573386,0.7911428571428571,305.4007919880862,288.5215645679796,2017,0.17915310837389983,2017-08-19,-26.096007335985576,26.096007335985576,-0.0880970772991814,0.0880970772991814,False,3889.991232059012,,
2016.48,2016,48,271.2568109069974,0.834,283.56829088636164,261.69606485820964,2017,0.164056119236552,2017-08-26,-24.961952938736488,24.961952938736488,-0.09202332230948074,0.09202332230948074,False,3889.991232059012,,
2016.49,2016,49,250.464257972855,0.8732857142857142,259.36784514408106,240.03120478075203,2017,0.15148078322198275,2017-09-02,-20.79255293414238,20.79255293414238,-0.08301604828740015,0.08301604828740015,False,3889.991232059012,,
2016.5,2016,50,226.82141003726238,0.9155714285714287,234.7386552171941,220.03933769770444,2017,0.13718158879053627,2017-09-09,-23.642847935592613,23.642847935592613,-0.10423552138093378,0.10423552138093378,False,3889.991232059012,,
2016.51,2016,51,215.65782821075885,0.9334285714285714,220.03933769770444,209.67891665666008,2017,0.13042985450186698,2017-09-16,-11.163581826503531,11.163581826503531,-0.05176525201576984,0.05176525201576984,False,3889.991232059012,,
2016.52,2016,52,200.9055991969701,0.9535714285714285,203.02355035552182,200.55260733721147,2017,0.12150770639432752,2017-09-23,-14.752229013788764,14.752229013788764,-0.0734286603895271,0.0734286603895271,False,3889.991232059012,,
2016.53,2016,53,200.0131298984013,0.958,200.0131298984013,200.0131298984013,2017,0.01728113442322187,2017-09-30,-0.8924692985687841,0.8924692985687841,-0.004462053561294315,0.004462053561294315,False,3889.991232059012,,True
